;Plot	RecNo	Day	Month	Hour	Min	CO2 Ref	mb Ref	mbR Temp	Input A	Input B	Input C	Input D	Input E	Input F	Input G	Input H	ATMP	Probe Type
1	1	29	4	9	0	446	9.4	12.4	0	65.4	0	0	0	0	0	0	898	8
1	2	29	4	9	0	446	9.4	12.4	0	65.4	0	0	4	0	0	0	898	8
1	3	29	4	9	0	446	9.4	12.4	0	65.4	0	0	9	0	0	0	898	8
1	4	29	4	9	1	446	9.4	12.4	0	65.4	0	0	14	0.01	2	0	898	8
1	5	29	4	9	1	446	9.4	12.4	0	65.4	0	0	19	0.01	2	0	898	8
1	6	29	4	9	1	446	9.4	12.4	0	65.4	0	0	24	0.01	2	0	898	8
1	7	29	4	9	1	446	9.4	12.4	0	65.4	0	0	28	0.01	2	0	898	8
1	8	29	4	9	1	446	9.4	12.4	0	65.4	0	0	33	0.01	2	0	898	8
1	9	29	4	9	1	446	9.4	12.4	0	65.4	0	0	38	0.01	2	0	898	8
1	10	29	4	9	1	447	9.3	12.3	0	65.4	0	0	43	0.01	2	0	898	8
1	11	29	4	9	1	447	9.4	12.4	0	65.4	0	0	48	0.01	2	0	898	8
1	12	29	4	9	1	447	9.5	12.5	0	65.4	0	0	52	0.01	2	0	898	8
1	13	29	4	9	1	447	9.4	12.4	0	65.5	0	0	57	0.01	2	0	898	8
1	14	29	4	9	1	447	9.4	12.4	0	65.5	0	0	62	0.01	2	0	898	8
2	1	29	4	9	3	431	9.3	12.5	0	64.5	0	0	0	0	2	0	898	8
2	2	29	4	9	3	431	9.2	12.4	0	64.2	0	0	4	0	2	0	898	8
2	3	29	4	9	3	431	9.3	12.4	0	64.3	0	0	9	0	2	0	898	8
2	4	29	4	9	3	431	9.3	12.4	0	64.4	0	0	14	0.01	2	0	898	8
2	5	29	4	9	3	432	9.3	12.4	0	64.4	0	0	19	0.02	2	0	898	8
2	6	29	4	9	3	432	9.3	12.4	0	64.4	0	0	24	0.02	2	0	898	8
2	7	29	4	9	3	432	9.3	12.4	0	64.4	0	0	28	0.02	2	0	898	8
2	8	29	4	9	4	432	9.3	12.4	0	64.4	0	0	33	0.02	2	0	898	8
2	9	29	4	9	4	432	9.3	12.4	0	64.4	0	1	38	0.02	2	0	898	8
2	10	29	4	9	4	432	9.3	12.5	0	64.4	0	1	43	0.02	2	0	898	8
2	11	29	4	9	4	433	9.3	12.4	0	64.4	0	1	48	0.02	2	0	898	8
2	12	29	4	9	4	433	9.3	12.5	0	64.4	0	1	52	0.02	2	0	898	8
2	13	29	4	9	4	433	9.3	12.4	0	64.4	0	1	57	0.02	2	0	898	8
2	14	29	4	9	4	433	9.3	12.5	0	64.4	0	1	62	0.02	2	0	898	8
3	1	29	4	9	6	448	9.4	12.4	0	65.4	0	0	0	0	2	0	898	8
3	2	29	4	9	6	449	9.4	12.4	0	65.4	0	0	4	0	2	0	898	8
3	3	29	4	9	6	451	9.4	12.4	0	65.4	0	0	9	0	2	0	898	8
3	4	29	4	9	6	453	9.4	12.4	0	65.4	0	5	14	0.32	2	0	898	8
3	5	29	4	9	7	455	9.4	12.4	0	65.4	0	7	19	0.32	2	0	898	8
3	6	29	4	9	7	456	9.4	12.5	0	65.4	0	8	24	0.31	2	0	898	8
3	7	29	4	9	7	458	9.4	12.5	0	65.4	0	10	28	0.3	2	0	898	8
3	8	29	4	9	7	460	9.5	12.4	0	65.5	0	11	33	0.3	2	0	898	8
3	9	29	4	9	7	462	9.5	12.4	0	65.5	0	13	38	0.3	2	0	898	8
3	10	29	4	9	7	463	9.5	12.4	0	65.6	0	15	43	0.3	2	0	898	8
3	11	29	4	9	7	465	9.5	12.5	0	65.6	0	17	48	0.3	2	0	898	8
3	12	29	4	9	7	466	9.5	12.4	0	65.6	0	18	52	0.3	2	0	898	8
3	13	29	4	9	7	467	9.5	12.4	0	65.7	0	19	57	0.29	2	0	898	8
3	14	29	4	9	7	468	9.6	12.5	0	65.7	0	21	62	0.28	2	0	898	8
4	1	29	4	9	8	439	9.2	12.4	0	64	0	0	0	0	2	0	898	8
4	2	29	4	9	9	439	9.2	12.4	0	64	0	0	4	0	2	0	898	8
4	3	29	4	9	9	439	9.2	12.4	0	64	0	0	9	0	2	0	898	8
4	4	29	4	9	9	439	9.1	12.4	0	63.9	0	0	14	0	2	0	898	8
4	5	29	4	9	9	439	9.1	12.4	0	63.8	0	0	19	0	2	0	898	8
4	6	29	4	9	9	439	9.1	12.4	0	63.7	0	0	24	0	2	0	898	8
4	7	29	4	9	9	439	9.1	12.4	0	63.6	0	0	28	0	2	0	898	8
4	8	29	4	9	9	439	9	12.4	0	63.5	0	0	33	0	2	0	898	8
4	9	29	4	9	9	439	9.1	12.4	0	63.5	0	0	38	0	2	0	898	8
4	10	29	4	9	9	439	9	12.4	0	63.4	0	0	43	0	2	0	898	8
4	11	29	4	9	9	440	9	12.4	0	63.3	0	0	48	0	2	0	898	8
4	12	29	4	9	9	439	9	12.4	0	63.3	0	0	52	0	2	0	898	8
4	13	29	4	9	9	440	9	12.4	0	63.2	0	0	57	0	2	0	898	8
4	14	29	4	9	10	440	9	12.4	0	63.2	0	0	62	0	2	0	898	8
5	1	29	4	9	10	427	9	12.4	0	63.1	0	0	0	0	2	0	898	8
5	2	29	4	9	11	427	9	12.4	0	63.2	0	0	4	0	2	0	898	8
5	3	29	4	9	11	427	9.1	12.4	0	63.4	0	0	9	0	2	0	898	8
5	4	29	4	9	11	428	9.1	12.4	0	63.4	0	0	14	0.02	2	0	898	8
5	5	29	4	9	11	428	9.1	12.4	0	63.5	0	0	19	0.01	2	0	898	8
5	6	29	4	9	11	428	9.1	12.3	0	63.5	0	0	24	0.01	2	0	898	8
5	7	29	4	9	11	428	9.1	12.3	0	63.5	0	0	28	0.01	2	0	898	8
5	8	29	4	9	11	428	9.1	12.3	0	63.6	0	0	33	0.01	2	0	898	8
5	9	29	4	9	11	428	9.1	12.3	0	63.6	0	0	38	0.02	2	0	898	8
5	10	29	4	9	11	428	9.2	12.4	0	63.7	0	0	43	0.02	2	0	898	8
5	11	29	4	9	11	428	9.2	12.4	0	63.7	0	1	48	0.02	2	0	898	8
5	12	29	4	9	11	428	9.2	12.4	0	63.7	0	1	52	0.02	2	0	898	8
5	13	29	4	9	11	429	9.1	12.3	0	63.8	0	1	57	0.02	2	0	898	8
5	14	29	4	9	11	429	9.1	12.3	0	63.8	0	1	62	0.02	2	0	898	8
6	1	29	4	9	13	429	9.2	12.2	0	64.4	0	0	0	0	2	0	898	8
6	2	29	4	9	13	429	9.3	12.3	0	64.7	0	0	4	0	2	0	898	8
6	3	29	4	9	13	430	9.1	12.2	0	64.6	0	0	9	0	2	0	898	8
6	4	29	4	9	13	430	9.2	12.3	0	64.7	0	0	14	0.04	2	0	898	8
6	5	29	4	9	13	430	9.2	12.3	0	64.7	0	0	19	0.04	2	0	898	8
6	6	29	4	9	13	430	9.2	12.4	0	64.7	0	1	24	0.04	2	0	898	8
6	7	29	4	9	13	431	9.1	12.2	0	64.6	0	1	28	0.04	2	0	898	8
6	8	29	4	9	13	431	9.2	12.2	0	64.6	0	1	33	0.04	2	0	898	8
6	9	29	4	9	13	431	9.2	12.3	0	64.6	0	1	38	0.04	2	0	898	8
6	10	29	4	9	13	431	9.2	12.3	0	64.6	0	2	43	0.04	2	0	898	8
6	11	29	4	9	13	432	9.2	12.3	0	64.6	0	2	48	0.04	2	0	898	8
6	12	29	4	9	13	432	9.2	12.2	0	64.5	0	2	52	0.04	2	0	898	8
6	13	29	4	9	14	432	9.2	12.3	0	64.5	0	2	57	0.04	2	0	898	8
6	14	29	4	9	14	432	9.2	12.3	0	64.5	0	3	62	0.04	2	0	898	8
8	1	29	4	9	18	427	9	12.3	0	63.1	0	0	0	0	2	0	898	8
8	2	29	4	9	18	426	9	12.3	0	63.2	0	0	4	0	2	0	899	8
8	3	29	4	9	19	426	9	12.2	0	63.2	0	0	9	0	2	0	899	8
8	4	29	4	9	19	426	9.1	12.3	0	63.2	0	0	14	0	2	1	899	8
8	5	29	4	9	19	427	9	12.2	0	63.3	0	0	19	0.03	2	0	898	8
8	6	29	4	9	19	426	9.1	12.3	0	63.3	0	0	24	0.02	2	0	899	8
8	7	29	4	9	19	427	9.1	12.3	0	63.4	0	0	28	0.01	2	0	899	8
8	8	29	4	9	19	427	9.1	12.2	0	63.5	0	0	33	0.02	2	0	899	8
8	9	29	4	9	19	427	9.1	12.3	0	63.6	0	0	38	0.02	2	0	899	8
8	10	29	4	9	19	428	9.2	12.3	0	63.7	0	1	43	0.02	2	0	898	8
8	11	29	4	9	19	428	9.2	12.3	0	63.7	0	1	48	0.03	2	0	898	8
8	12	29	4	9	19	428	9.2	12.3	0	63.8	0	1	52	0.03	2	0	899	8
8	13	29	4	9	19	428	9.2	12.3	0	63.9	0	1	57	0.02	2	0	899	8
8	14	29	4	9	19	428	9.2	12.3	0	64	0	1	62	0.02	2	0	899	8
9	1	29	4	9	21	427	9.2	12.3	0	64.9	0	0	0	0	2	0	899	8
9	2	29	4	9	21	427	9.3	12.3	0	64.9	0	0	4	0	2	0	899	8
9	3	29	4	9	21	427	9.3	12.4	0	64.9	0	0	9	0	2	0	899	8
9	4	29	4	9	21	428	9.3	12.3	0	64.9	0	0	14	0.04	2	0	899	8
9	5	29	4	9	21	428	9.3	12.4	0	64.9	0	1	19	0.05	2	0	899	8
9	6	29	4	9	21	428	9.3	12.3	0	64.9	0	1	24	0.05	2	0	899	8
9	7	29	4	9	21	429	9.3	12.3	0	64.9	0	1	28	0.05	2	0	899	8
9	8	29	4	9	21	429	9.3	12.4	0	64.9	0	2	33	0.05	2	0	899	8
9	9	29	4	9	22	430	9.3	12.4	0	64.9	0	2	38	0.06	2	0	898	8
9	10	29	4	9	22	430	9.3	12.4	0	64.9	0	3	43	0.06	2	0	899	8
9	11	29	4	9	22	430	9.3	12.4	0	64.9	0	3	48	0.05	2	0	899	8
9	12	29	4	9	22	430	9.3	12.4	0	64.9	0	3	52	0.05	2	0	899	8
9	13	29	4	9	22	430	9.3	12.3	0	64.9	0	3	57	0.05	2	0	899	8
9	14	29	4	9	22	431	9.3	12.4	0	64.9	0	3	62	0.05	2	0	899	8
10	1	29	4	9	24	426	9.5	12.4	0	65.8	0	0	0	0	2	0	898	8
10	2	29	4	9	24	426	9.4	12.4	0	66	0	0	4	0	2	0	899	8
10	3	29	4	9	25	426	9.5	12.4	0	66.1	0	0	9	0	2	0	899	8
10	4	29	4	9	25	426	9.5	12.4	0	66	0	0	14	0	2	1	899	8
10	5	29	4	9	25	426	9.5	12.4	0	66	0	0	19	0.01	2	0	899	8
10	6	29	4	9	25	427	9.5	12.4	0	66	0	1	24	0.03	2	0	898	8
10	7	29	4	9	25	427	9.5	12.5	0	65.9	0	0	28	0.02	2	0	899	8
10	8	29	4	9	25	427	9.4	12.4	0	65.9	0	0	33	0.02	2	0	899	8
10	9	29	4	9	25	427	9.5	12.4	0	65.8	0	1	38	0.02	2	0	899	8
10	10	29	4	9	25	427	9.4	12.4	0	65.8	0	1	43	0.02	2	0	899	8
10	11	29	4	9	25	427	9.5	12.5	0	65.8	0	1	48	0.02	2	0	899	8
10	12	29	4	9	25	427	9.4	12.5	0	65.8	0	1	52	0.02	2	0	899	8
10	13	29	4	9	25	428	9.5	12.5	0	65.8	0	1	57	0.02	2	0	898	8
10	14	29	4	9	25	428	9.5	12.5	0	65.8	0	2	62	0.02	2	0	899	8
11	1	29	4	9	26	431	9.5	12.5	0	65.8	0	0	0	0	2	0	899	8
11	2	29	4	9	26	431	9.6	12.6	0	65.8	0	0	4	0	2	0	899	8
11	3	29	4	9	26	431	9.5	12.5	0	65.8	0	0	9	0	2	0	899	8
11	4	29	4	9	27	431	9.5	12.5	0	65.8	0	0	14	0.02	2	0	899	8
11	5	29	4	9	27	433	9.5	12.5	0	65.8	0	1	19	0.06	2	0	898	8
11	6	29	4	9	27	432	9.5	12.5	0	65.8	0	1	24	0.04	2	0	899	8
11	7	29	4	9	27	432	9.5	12.5	0	65.8	0	1	28	0.04	2	0	899	8
11	8	29	4	9	27	433	9.5	12.5	0	65.8	0	1	33	0.04	2	0	898	8
11	9	29	4	9	27	432	9.6	12.6	0	65.8	0	1	38	0.03	2	0	899	8
11	10	29	4	9	27	432	9.6	12.6	0	65.8	0	1	43	0.03	2	0	899	8
11	11	29	4	9	27	433	9.5	12.5	0	65.8	0	1	48	0.03	2	0	899	8
11	12	29	4	9	27	433	9.5	12.5	0	65.8	0	1	52	0.02	2	0	899	8
11	13	29	4	9	27	433	9.6	12.6	0	65.8	0	1	57	0.02	2	0	899	8
11	14	29	4	9	27	434	9.6	12.6	0	65.8	0	2	62	0.03	2	0	898	8
12	1	29	4	9	28	437	9.6	12.6	0	66.3	0	0	0	0	2	0	899	8
12	2	29	4	9	28	437	9.6	12.6	0	66.3	0	0	4	0	2	0	899	8
12	3	29	4	9	28	437	9.6	12.6	0	66.3	0	0	9	0	2	0	899	8
12	4	29	4	9	29	438	9.6	12.6	0	66.3	0	0	14	0.05	2	0	899	8
12	5	29	4	9	29	438	9.6	12.6	0	66.3	0	1	19	0.04	2	0	899	8
12	6	29	4	9	29	438	9.6	12.6	0	66.3	0	1	24	0.04	2	0	899	8
12	7	29	4	9	29	439	9.6	12.6	0	66.3	0	1	28	0.04	2	0	899	8
12	8	29	4	9	29	439	9.7	12.6	0	66.3	0	1	33	0.05	2	0	899	8
12	9	29	4	9	29	439	9.6	12.6	0	66.3	0	2	38	0.05	2	0	899	8
12	10	29	4	9	29	440	9.6	12.6	0	66.3	0	2	43	0.05	2	0	898	8
12	11	29	4	9	29	440	9.6	12.6	0	66.3	0	2	48	0.05	2	0	899	8
12	12	29	4	9	29	440	9.7	12.6	0	66.4	0	3	52	0.05	2	0	899	8
12	13	29	4	9	29	440	9.6	12.6	0	66.4	0	3	57	0.05	2	0	899	8
12	14	29	4	9	29	441	9.7	12.6	0	66.4	0	3	62	0.05	2	0	899	8
13	1	29	4	9	31	427	9.5	12.6	0	64.9	0	0	0	0	2	0	899	8
13	2	29	4	9	31	427	9.5	12.6	0	65.2	0	0	4	0	2	0	899	8
13	3	29	4	9	31	427	9.5	12.6	0	65.1	0	0	9	0	2	0	899	8
13	4	29	4	9	32	428	9.5	12.6	0	65.1	0	0	14	0.03	2	0	898	8
13	5	29	4	9	32	427	9.5	12.7	0	65.1	0	0	19	0.01	2	0	899	8
13	6	29	4	9	32	428	9.5	12.6	0	65.1	0	0	24	0.01	2	0	899	8
13	7	29	4	9	32	428	9.4	12.7	0	65	0	0	28	0.01	2	0	899	8
13	8	29	4	9	32	428	9.4	12.6	0	65	0	0	33	0.01	2	0	899	8
13	9	29	4	9	32	428	9.4	12.6	0	64.9	0	0	38	0.01	2	0	899	8
13	10	29	4	9	32	428	9.4	12.7	0	64.9	0	0	43	0.01	2	0	899	8
13	11	29	4	9	32	428	9.4	12.6	0	64.8	0	0	48	0.01	2	0	899	8
13	12	29	4	9	32	428	9.5	12.7	0	64.8	0	0	52	0.01	2	0	899	8
13	13	29	4	9	32	428	9.4	12.7	0	64.8	0	0	57	0.01	2	0	899	8
13	14	29	4	9	32	428	9.5	12.8	0	64.8	0	1	62	0.01	2	0	899	8
14	1	29	4	9	33	427	9.4	12.7	0	64.5	0	0	0	0	2	0	899	8
14	2	29	4	9	33	428	9.4	12.7	0	64.2	0	0	4	0	2	0	898	8
14	3	29	4	9	33	427	9.4	12.7	0	64.1	0	0	9	0	2	0	899	8
14	4	29	4	9	34	427	9.4	12.8	0	64.1	0	0	14	-0.02	2	1	899	8
14	5	29	4	9	34	428	9.4	12.8	0	64.1	0	0	19	0	2	1	899	8
14	6	29	4	9	34	427	9.5	12.8	0	64.1	0	0	24	0	2	1	899	8
14	7	29	4	9	34	427	9.4	12.7	0	64.1	0	0	28	0	2	1	899	8
14	8	29	4	9	34	428	9.4	12.8	0	64	0	0	33	0	2	1	899	8
14	9	29	4	9	34	428	9.3	12.7	0	64	0	0	38	0	2	0	899	8
14	10	29	4	9	34	429	9.3	12.7	0	64	0	0	43	0.01	2	0	898	8
14	11	29	4	9	34	428	9.3	12.7	0	63.9	0	0	48	0.01	2	0	899	8
14	12	29	4	9	34	428	9.3	12.7	0	63.9	0	0	52	0.01	2	0	899	8
14	13	29	4	9	34	428	9.3	12.7	0	63.8	0	0	57	0.01	2	0	899	8
14	14	29	4	9	34	428	9.3	12.8	0	63.8	0	0	62	0	2	0	899	8
15	1	29	4	9	36	427	9	12.6	0	61.8	0	0	0	0	2	0	899	8
15	2	29	4	9	36	427	9	12.6	0	61.7	0	0	4	0	2	0	899	8
15	3	29	4	9	36	428	8.9	12.6	0	61.6	0	0	9	0	2	0	899	8
15	4	29	4	9	37	428	8.9	12.6	0	61.5	0	0	14	0.04	2	0	899	8
15	5	29	4	9	37	429	8.9	12.6	0	61.6	0	1	19	0.05	2	0	899	8
15	6	29	4	9	37	429	8.9	12.6	0	61.5	0	1	24	0.05	2	0	899	8
15	7	29	4	9	37	429	8.9	12.6	0	61.5	0	1	28	0.05	2	0	899	8
15	8	29	4	9	37	429	8.9	12.6	0	61.5	0	2	33	0.05	2	0	899	8
15	9	29	4	9	37	430	8.9	12.6	0	61.5	0	2	38	0.05	2	0	899	8
15	10	29	4	9	37	430	8.9	12.6	0	61.5	0	2	43	0.05	2	0	899	8
15	11	29	4	9	37	430	8.9	12.6	0	61.5	0	2	48	0.05	2	0	899	8
15	12	29	4	9	37	430	8.9	12.5	0	61.5	0	3	52	0.04	2	0	899	8
15	13	29	4	9	37	431	8.9	12.5	0	61.5	0	3	57	0.04	2	0	899	8
15	14	29	4	9	37	431	8.8	12.5	0	61.5	0	3	62	0.04	2	0	899	8
16	1	29	4	9	39	425	9	12.4	0	62.2	0	0	0	0	2	0	899	8
16	2	29	4	9	40	425	8.9	12.4	0	62.1	0	0	4	0	2	0	899	8
16	3	29	4	9	40	425	8.9	12.3	0	62.1	0	0	9	0	2	0	899	8
16	4	29	4	9	40	426	8.9	12.4	0	62.1	0	0	14	0.05	2	0	898	8
16	5	29	4	9	40	425	8.9	12.4	0	62.1	0	0	19	0.03	2	0	899	8
16	6	29	4	9	40	426	8.9	12.4	0	62.1	0	0	24	0.02	2	0	899	8
16	7	29	4	9	40	426	8.9	12.3	0	62.2	0	0	28	0.02	2	0	899	8
16	8	29	4	9	40	426	8.9	12.4	0	62.2	0	0	33	0.02	2	0	899	8
16	9	29	4	9	40	426	8.9	12.4	0	62.2	0	0	38	0.02	2	0	899	8
16	10	29	4	9	40	427	9	12.5	0	62.2	0	1	43	0.02	2	0	898	8
16	11	29	4	9	40	426	8.9	12.4	0	62.2	0	1	48	0.02	2	0	899	8
16	12	29	4	9	40	426	8.9	12.4	0	62.2	0	1	52	0.02	2	0	899	8
16	13	29	4	9	40	426	9	12.4	0	62.2	0	1	57	0.02	2	0	899	8
16	14	29	4	9	41	426	9	12.4	0	62.2	0	1	62	0.01	2	0	899	8
17	1	29	4	9	42	444	9.1	12.3	0	63.5	0	0	0	0	2	0	898	8
17	2	29	4	9	42	443	9.2	12.4	0	63.7	0	0	4	0	2	0	898	8
17	3	29	4	9	42	443	9.1	12.4	0	63.7	0	0	9	0	2	0	898	8
17	4	29	4	9	42	442	9.1	12.4	0	63.6	0	1	14	-0.06	2	1	899	8
17	5	29	4	9	42	442	9.1	12.3	0	63.7	0	1	19	-0.05	2	1	899	8
17	6	29	4	9	42	443	9.1	12.4	0	63.6	0	1	24	-0.04	2	1	899	8
17	7	29	4	9	42	443	9.2	12.4	0	63.7	0	1	28	-0.02	2	1	899	8
17	8	29	4	9	42	443	9.1	12.3	0	63.6	0	0	33	-0.02	2	1	899	8
17	9	29	4	9	42	444	9.2	12.4	0	63.6	0	0	38	0	2	1	898	8
17	10	29	4	9	42	444	9.2	12.4	0	63.6	0	0	43	0	2	0	898	8
17	11	29	4	9	42	443	9.1	12.4	0	63.6	0	0	48	0	2	1	899	8
17	12	29	4	9	42	443	9.1	12.4	0	63.7	0	0	52	0	2	0	899	8
17	13	29	4	9	43	443	9.1	12.4	0	63.7	0	0	57	0	2	1	899	8
17	14	29	4	9	43	443	9.2	12.4	0	63.7	0	0	62	0	2	0	899	8
18	1	29	4	9	44	437	9.2	12.4	0	64	0	0	0	0	2	0	899	8
18	2	29	4	9	44	437	9.2	12.3	0	64.1	0	0	4	0	2	0	899	8
18	3	29	4	9	44	437	9.2	12.2	0	64.3	0	0	9	0	2	0	899	8
18	4	29	4	9	44	438	9.2	12.4	0	64.3	0	1	14	0.08	2	0	898	8
18	5	29	4	9	44	438	9.2	12.3	0	64.3	0	1	19	0.07	2	0	899	8
18	6	29	4	9	44	438	9.2	12.3	0	64.3	0	1	24	0.05	2	0	899	8
18	7	29	4	9	44	439	9.2	12.3	0	64.4	0	1	28	0.05	2	0	899	8
18	8	29	4	9	44	439	9.2	12.3	0	64.4	0	2	33	0.05	2	0	899	8
18	9	29	4	9	44	439	9.2	12.3	0	64.4	0	2	38	0.05	2	0	899	8
18	10	29	4	9	44	440	9.2	12.3	0	64.4	0	2	43	0.05	2	0	899	8
18	11	29	4	9	45	441	9.2	12.3	0	64.4	0	3	48	0.06	2	0	898	8
18	12	29	4	9	45	441	9.2	12.3	0	64.4	0	4	52	0.06	2	0	899	8
18	13	29	4	9	45	441	9.3	12.4	0	64.4	0	4	57	0.06	2	0	899	8
18	14	29	4	9	45	442	9.2	12.3	0	64.4	0	5	62	0.06	2	0	898	8
19	1	29	4	9	46	433	9.2	12.4	0	64.5	0	0	0	0	2	0	898	8
19	2	29	4	9	46	433	9.2	12.3	0	64.5	0	0	4	0	2	0	899	8
19	3	29	4	9	46	434	9.2	12.3	0	64.5	0	0	9	0	2	0	899	8
19	4	29	4	9	46	436	9.2	12.3	0	64.5	0	2	14	0.14	2	0	899	8
19	5	29	4	9	46	437	9.1	12.3	0	64.4	0	4	19	0.19	2	0	899	8
19	6	29	4	9	46	439	9.2	12.3	0	64.4	0	5	24	0.2	2	0	899	8
19	7	29	4	9	47	440	9.2	12.4	0	64.4	0	7	28	0.22	2	0	898	8
19	8	29	4	9	47	441	9.1	12.3	0	64.4	0	8	33	0.22	2	0	899	8
19	9	29	4	9	47	442	9.2	12.3	0	64.4	0	10	38	0.22	2	0	899	8
19	10	29	4	9	47	444	9.1	12.3	0	64.4	0	11	43	0.23	2	0	898	8
19	11	29	4	9	47	444	9.2	12.4	0	64.3	0	12	48	0.22	2	0	899	8
19	12	29	4	9	47	445	9.1	12.3	0	64.3	0	13	52	0.21	2	0	899	8
19	13	29	4	9	47	446	9.1	12.3	0	64.3	0	14	57	0.21	2	0	899	8
19	14	29	4	9	47	446	9.1	12.3	0	64.3	0	14	62	0.2	2	0	899	8
20	1	29	4	9	49	433	9.1	12.3	0	64	0	0	0	0	2	0	899	8
20	2	29	4	9	49	434	9.1	12.2	0	64.1	0	0	4	0	2	0	899	8
20	3	29	4	9	49	435	9.1	12.2	0	64.1	0	0	9	0	2	0	898	8
20	4	29	4	9	49	435	9.2	12.3	0	64.2	0	1	14	0.1	2	0	899	8
20	5	29	4	9	49	435	9.2	12.3	0	64.2	0	2	19	0.09	2	0	899	8
20	6	29	4	9	49	436	9.2	12.2	0	64.3	0	2	24	0.08	2	0	899	8
20	7	29	4	9	49	437	9.2	12.3	0	64.3	0	3	28	0.09	2	0	898	8
20	8	29	4	9	49	437	9.2	12.2	0	64.3	0	3	33	0.09	2	0	899	8
20	9	29	4	9	49	437	9.2	12.2	0	64.4	0	3	38	0.08	2	0	899	8
20	10	29	4	9	49	438	9.2	12.2	0	64.4	0	4	43	0.08	2	0	899	8
20	11	29	4	9	49	438	9.2	12.3	0	64.5	0	4	48	0.08	2	0	899	8
20	12	29	4	9	50	439	9.2	12.3	0	64.5	0	5	52	0.08	2	0	899	8
20	13	29	4	9	50	439	9.2	12.3	0	64.5	0	5	57	0.08	2	0	899	8
20	14	29	4	9	50	440	9.2	12.2	0	64.6	0	6	62	0.08	2	0	899	8
21	1	29	4	9	51	431	9.3	12.2	0	65.3	0	0	0	0	2	0	899	8
21	2	29	4	9	51	432	9.3	12.3	0	65.3	0	0	4	0	2	0	898	8
21	3	29	4	9	51	431	9.3	12.2	0	65.3	0	0	9	0	2	0	899	8
21	4	29	4	9	51	431	9.3	12.3	0	65.3	0	0	14	0	2	1	899	8
21	5	29	4	9	51	431	9.2	12.3	0	65.2	0	0	19	0	2	1	899	8
21	6	29	4	9	51	431	9.2	12.3	0	65.2	0	0	24	0	2	1	899	8
21	7	29	4	9	51	432	9.2	12.2	0	65.1	0	0	28	0	2	0	899	8
21	8	29	4	9	51	432	9.2	12.2	0	65.1	0	0	33	0.01	2	0	898	8
21	9	29	4	9	51	433	9.1	12.2	0	65	0	0	38	0.02	2	0	898	8
21	10	29	4	9	51	432	9.1	12.2	0	65	0	0	43	0.01	2	0	899	8
21	11	29	4	9	51	432	9.2	12.3	0	64.9	0	0	48	0.01	2	0	899	8
21	12	29	4	9	51	432	9.2	12.2	0	64.9	0	0	52	0	2	0	899	8
21	13	29	4	9	51	433	9.2	12.2	0	64.9	0	0	57	0.01	2	0	898	8
21	14	29	4	9	52	432	9.1	12.2	0	64.8	0	0	62	0.01	2	0	899	8
22	1	29	4	9	52	433	9.1	12.2	0	64.4	0	0	0	0	2	0	899	8
22	2	29	4	9	52	434	9.1	12.2	0	64.4	0	0	4	0	2	0	899	8
22	3	29	4	9	53	435	9.1	12.2	0	64.4	0	0	9	0	2	0	899	8
22	4	29	4	9	53	436	9.2	12.2	0	64.5	0	2	14	0.15	2	0	899	8
22	5	29	4	9	53	436	9.2	12.2	0	64.5	0	3	19	0.14	2	0	899	8
22	6	29	4	9	53	438	9.1	12.2	0	64.5	0	4	24	0.15	2	0	898	8
22	7	29	4	9	53	438	9.2	12.2	0	64.5	0	4	28	0.14	2	0	899	8
22	8	29	4	9	53	439	9.2	12.2	0	64.6	0	5	33	0.14	2	0	899	8
22	9	29	4	9	53	440	9.2	12.2	0	64.6	0	6	38	0.14	2	0	899	8
22	10	29	4	9	53	440	9.2	12.2	0	64.7	0	7	43	0.14	2	0	899	8
22	11	29	4	9	53	441	9.2	12.2	0	64.7	0	8	48	0.14	2	0	899	8
22	12	29	4	9	53	442	9.3	12.2	0	64.7	0	8	52	0.14	2	0	899	8
22	13	29	4	9	53	443	9.2	12.3	0	64.8	0	9	57	0.14	2	0	899	8
22	14	29	4	9	53	443	9.3	12.2	0	64.8	0	10	62	0.14	2	0	899	8
23	1	29	4	9	54	430	9.3	12.2	0	65.8	0	0	0	0	2	0	899	8
23	2	29	4	9	55	430	9.3	12.2	0	65.9	0	0	4	0	2	0	899	8
23	3	29	4	9	55	430	9.3	12.2	0	65.8	0	0	9	0	2	0	899	8
23	4	29	4	9	55	430	9.3	12.2	0	65.8	0	0	14	0.03	2	0	899	8
23	5	29	4	9	55	430	9.3	12.2	0	65.8	0	0	19	0.02	2	0	899	8
23	6	29	4	9	55	430	9.3	12.2	0	65.8	0	0	24	0.02	2	0	899	8
23	7	29	4	9	55	431	9.3	12.2	0	65.8	0	0	28	0.02	2	0	899	8
23	8	29	4	9	55	431	9.3	12.2	0	65.8	0	0	33	0.02	2	0	899	8
23	9	29	4	9	55	431	9.3	12.2	0	65.7	0	1	38	0.02	2	0	899	8
23	10	29	4	9	55	431	9.3	12.2	0	65.7	0	1	43	0.02	2	0	899	8
23	11	29	4	9	55	431	9.3	12.3	0	65.7	0	1	48	0.02	2	0	899	8
23	12	29	4	9	55	431	9.3	12.3	0	65.6	0	1	52	0.02	2	0	899	8
23	13	29	4	9	55	431	9.3	12.3	0	65.6	0	1	57	0.02	2	0	899	8
23	14	29	4	9	55	431	9.3	12.2	0	65.6	0	1	62	0.02	2	0	899	8
24	1	29	4	9	57	433	9.3	12.3	0	65.3	0	0	0	0	2	0	899	8
24	2	29	4	9	57	433	9.3	12.3	0	65.3	0	0	4	0	2	0	899	8
24	3	29	4	9	57	433	9.3	12.2	0	65.3	0	0	9	0	2	0	899	8
24	4	29	4	9	57	434	9.3	12.3	0	65.3	0	0	14	0.05	2	0	898	8
24	5	29	4	9	57	433	9.4	12.3	0	65.4	0	0	19	0.02	2	0	899	8
24	6	29	4	9	57	434	9.3	12.3	0	65.4	0	0	24	0.02	2	0	898	8
24	7	29	4	9	57	433	9.3	12.3	0	65.4	0	0	28	0.01	2	0	899	8
24	8	29	4	9	57	433	9.3	12.3	0	65.4	0	0	33	0	2	0	899	8
24	9	29	4	9	57	433	9.3	12.2	0	65.4	0	0	38	0	2	0	899	8
24	10	29	4	9	57	434	9.3	12.3	0	65.4	0	0	43	0	2	0	899	8
24	11	29	4	9	57	434	9.3	12.3	0	65.4	0	0	48	0	2	0	899	8
24	12	29	4	9	57	433	9.3	12.3	0	65.4	0	0	52	0	2	0	899	8
24	13	29	4	9	58	434	9.3	12.3	0	65.4	0	0	57	0	2	0	899	8
24	14	29	4	9	58	433	9.3	12.2	0	65.4	0	0	62	0	2	0	899	8
26	1	29	4	10	1	433	9.1	12.3	0	64	0	0	0	0	2	0	899	8
26	2	29	4	10	1	433	9.1	12.2	0	64	0	0	4	0	2	0	899	8
26	3	29	4	10	1	434	9.2	12.4	0	64	0	0	9	0	2	0	898	8
26	4	29	4	10	1	433	9.1	12.3	0	64	0	0	14	0.01	2	0	899	8
26	5	29	4	10	1	434	9.1	12.2	0	64	0	0	19	0.03	2	0	898	8
26	6	29	4	10	1	434	9.1	12.3	0	64	0	0	24	0.02	2	0	899	8
26	7	29	4	10	1	433	9.1	12.2	0	64	0	0	28	0	2	0	899	8
26	8	29	4	10	1	434	9.1	12.3	0	64	0	0	33	0.01	2	0	898	8
26	9	29	4	10	2	433	9.1	12.2	0	64	0	0	38	0	2	0	899	8
26	10	29	4	10	2	434	9.1	12.3	0	64	0	0	43	0.01	2	0	898	8
26	11	29	4	10	2	434	9.1	12.2	0	64	0	0	48	0	2	0	899	8
26	12	29	4	10	2	434	9.1	12.2	0	64.1	0	0	52	0	2	0	898	8
26	13	29	4	10	2	434	9.1	12.2	0	64.1	0	0	57	0.01	2	0	898	8
26	14	29	4	10	2	434	9.1	12.2	0	64.1	0	0	62	0.01	2	0	898	8
27	1	29	4	10	3	440	9.2	12.3	0	64.4	0	0	0	0	2	0	899	8
27	2	29	4	10	3	441	9.2	12.3	0	64.4	0	0	4	0	2	0	899	8
27	3	29	4	10	3	441	9.1	12.1	0	64.4	0	0	9	0	2	0	899	8
27	4	29	4	10	3	441	9.1	12.2	0	64.5	0	0	14	0.03	2	0	899	8
27	5	29	4	10	3	442	9.2	12.2	0	64.5	0	1	19	0.05	2	0	898	8
27	6	29	4	10	3	442	9.1	12.1	0	64.6	0	1	24	0.05	2	0	898	8
27	7	29	4	10	3	442	9.2	12.2	0	64.6	0	1	28	0.05	2	0	898	8
27	8	29	4	10	4	443	9.2	12.2	0	64.7	0	2	33	0.05	2	0	898	8
27	9	29	4	10	4	441	9.2	12.2	0	64.7	0	1	38	0.04	2	0	899	8
27	10	29	4	10	4	442	9.2	12.2	0	64.7	0	1	43	0.03	2	0	899	8
27	11	29	4	10	4	442	9.2	12.2	0	64.8	0	1	48	0.03	2	0	899	8
27	12	29	4	10	4	442	9.2	12.2	0	64.8	0	1	52	0.02	2	0	899	8
27	13	29	4	10	4	442	9.3	12.2	0	64.8	0	1	57	0.02	2	0	899	8
27	14	29	4	10	4	442	9.2	12.2	0	64.9	0	1	62	0.02	2	0	899	8
28	1	29	4	10	5	436	9.2	12.1	0	65.3	0	0	0	0	2	0	898	8
28	2	29	4	10	5	436	9.2	12	0	65.3	0	0	4	0	2	0	899	8
28	3	29	4	10	5	436	9.2	12	0	65.3	0	0	9	0	2	0	898	8
28	4	29	4	10	5	436	9.2	12.1	0	65.3	0	0	14	0	2	1	899	8
28	5	29	4	10	5	437	9.1	12	0	65.3	0	0	19	0.02	2	0	898	8
28	6	29	4	10	5	436	9.2	12.1	0	65.3	0	0	24	0	2	0	899	8
28	7	29	4	10	5	436	9.2	12.1	0	65.3	0	0	28	0	2	0	899	8
28	8	29	4	10	5	436	9.2	12	0	65.3	0	0	33	0	2	0	899	8
28	9	29	4	10	6	436	9.2	12	0	65.4	0	0	38	0	2	0	899	8
28	10	29	4	10	6	436	9.2	12	0	65.4	0	0	43	0	2	0	899	8
28	11	29	4	10	6	436	9.2	12.2	0	65.4	0	0	48	0	2	0	899	8
28	12	29	4	10	6	436	9.2	12.1	0	65.4	0	0	52	0	2	0	899	8
28	13	29	4	10	6	437	9.2	12	0	65.4	0	0	57	0.01	2	0	898	8
28	14	29	4	10	6	437	9.2	12.1	0	65.4	0	0	62	0.01	2	0	899	8
29	1	29	4	10	8	435	9.1	12	0	65.3	0	0	0	0	2	0	899	8
29	2	29	4	10	8	439	9.1	12	0	65.4	0	0	4	0	2	0	899	8
29	3	29	4	10	8	442	9.1	12	0	65.4	0	0	9	0	2	0	899	8
29	4	29	4	10	8	445	9.2	12	0	65.5	0	9	14	0.56	2	0	899	8
29	5	29	4	10	8	451	9.1	11.9	0	65.5	0	15	19	0.68	2	0	898	8
29	6	29	4	10	8	457	9.3	12	0	65.6	0	21	24	0.75	2	0	899	8
29	7	29	4	10	8	464	9.1	11.9	0	65.6	0	28	28	0.84	2	0	899	8
29	8	29	4	10	8	473	9.1	11.8	0	65.6	0	36	33	0.93	2	0	899	8
29	9	29	4	10	8	483	9.2	12	0	65.6	0	46	38	1.04	2	0	898	8
29	10	29	4	10	8	498	9.2	12	0	65.6	0	59	43	1.18	2	0	898	8
30	1	29	4	10	12	429	9.1	11.7	0	66.6	0	0	0	0	2	0	899	8
30	2	29	4	10	12	429	9.2	11.7	0	66.9	0	0	4	0	2	0	899	8
30	3	29	4	10	12	429	9.3	11.8	0	66.9	0	0	9	0	2	0	899	8
30	4	29	4	10	12	430	9.1	11.7	0	66.8	0	1	14	0.06	2	0	899	8
30	5	29	4	10	12	430	9.1	11.6	0	66.8	0	1	19	0.05	2	0	899	8
30	6	29	4	10	12	430	9.1	11.7	0	66.8	0	1	24	0.06	2	0	899	8
30	7	29	4	10	12	431	9.2	11.8	0	66.8	0	2	28	0.08	2	0	898	8
30	8	29	4	10	12	431	9.2	11.7	0	66.7	0	2	33	0.07	2	0	899	8
30	9	29	4	10	12	431	9.1	11.6	0	66.8	0	3	38	0.06	2	0	899	8
30	10	29	4	10	12	432	9.1	11.6	0	66.8	0	3	43	0.07	2	0	898	8
30	11	29	4	10	13	432	9	11.6	0	66.8	0	3	48	0.07	2	0	899	8
30	12	29	4	10	13	433	9	11.6	0	66.8	0	4	52	0.06	2	0	899	8
30	13	29	4	10	13	433	9.1	11.6	0	66.8	0	4	57	0.06	2	0	899	8
30	14	29	4	10	13	433	9	11.5	0	66.8	0	4	62	0.06	2	0	899	8
31	1	29	4	12	10	429	9.7	12	0	69.2	0	0	0	0	0	0	899	8
31	2	29	4	12	10	429	9.7	12	0	69.1	0	0	4	0	0	0	899	8
31	3	29	4	12	10	429	9.7	12	0	69.1	0	0	9	0	0	0	899	8
31	4	29	4	12	10	429	9.8	12.1	0	69.2	0	0	14	0.02	2	0	899	8
31	5	29	4	12	10	429	9.7	12	0	69.2	0	0	19	0.02	2	0	899	8
31	6	29	4	12	10	429	9.7	12	0	69.2	0	0	24	0.01	2	0	899	8
31	7	29	4	12	10	430	9.7	12	0	69.2	0	0	28	0.01	2	0	899	8
31	8	29	4	12	10	430	9.8	12.1	0	69.2	0	1	33	0.02	2	0	898	8
31	9	29	4	12	10	430	9.8	12.1	0	69.2	0	1	38	0.03	2	0	898	8
31	10	29	4	12	10	430	9.7	12.1	0	69.2	0	1	43	0.02	2	0	899	8
31	11	29	4	12	11	430	9.7	12.1	0	69.2	0	1	48	0.02	2	0	899	8
31	12	29	4	12	11	430	9.7	12.1	0	69.2	0	1	52	0.01	2	0	899	8
31	13	29	4	12	11	430	9.7	12.1	0	69.1	0	1	57	0.01	2	0	899	8
31	14	29	4	12	11	430	9.7	12.1	0	69.1	0	1	62	0.01	2	0	899	8
32	1	29	4	12	13	430	9.8	12.2	0	68.9	0	0	0	0	2	0	899	8
32	2	29	4	12	13	431	9.7	12.2	0	68.5	0	0	4	0	2	0	899	8
32	3	29	4	12	13	431	9.8	12.4	0	68.5	0	0	9	0	2	0	898	8
32	4	29	4	12	13	431	9.7	12.2	0	68.5	0	0	14	0.03	2	0	899	8
32	5	29	4	12	13	431	9.8	12.4	0	68.5	0	0	19	0.02	2	0	899	8
32	6	29	4	12	13	431	9.8	12.3	0	68.5	0	0	24	0.02	2	0	899	8
32	7	29	4	12	13	432	9.8	12.3	0	68.5	0	1	28	0.04	2	0	898	8
32	8	29	4	12	13	432	9.8	12.3	0	68.4	0	1	33	0.03	2	0	899	8
32	9	29	4	12	13	432	9.8	12.3	0	68.4	0	1	38	0.03	2	0	899	8
32	10	29	4	12	13	432	9.7	12.3	0	68.4	0	1	43	0.03	2	0	899	8
32	11	29	4	12	13	432	9.7	12.4	0	68.3	0	1	48	0.03	2	0	899	8
32	12	29	4	12	13	433	9.7	12.4	0	68.3	0	2	52	0.03	2	0	899	8
32	13	29	4	12	14	433	9.7	12.3	0	68.3	0	2	57	0.03	2	0	899	8
32	14	29	4	12	14	433	9.7	12.3	0	68.3	0	2	62	0.03	2	0	899	8
33	1	29	4	12	16	430	9.6	12.4	0	67.1	0	0	0	0	2	0	899	8
33	2	29	4	12	16	431	9.7	12.4	0	67.1	0	0	4	0	2	0	899	8
33	3	29	4	12	16	433	9.6	12.4	0	67	0	0	9	0	2	0	899	8
33	4	29	4	12	16	434	9.6	12.4	0	66.9	0	4	14	0.25	2	0	899	8
33	5	29	4	12	16	435	9.6	12.4	0	66.9	0	5	19	0.23	2	0	899	8
33	6	29	4	12	16	437	9.6	12.4	0	66.8	0	6	24	0.23	2	0	899	8
33	7	29	4	12	16	438	9.6	12.5	0	66.8	0	7	28	0.23	2	0	899	8
33	8	29	4	12	16	439	9.6	12.5	0	66.8	0	9	33	0.23	2	0	899	8
33	9	29	4	12	16	442	9.6	12.5	0	66.8	0	11	38	0.24	2	0	898	8
33	10	29	4	12	16	442	9.6	12.5	0	66.8	0	12	43	0.24	2	0	899	8
33	11	29	4	12	16	443	9.7	12.5	0	66.8	0	13	48	0.24	2	0	899	8
33	12	29	4	12	17	445	9.6	12.4	0	66.8	0	14	52	0.23	2	0	899	8
33	13	29	4	12	17	447	9.7	12.5	0	66.8	0	16	57	0.24	2	0	898	8
33	14	29	4	12	17	447	9.7	12.5	0	66.8	0	17	62	0.24	2	0	899	8
34	1	29	4	12	19	427	9.7	12.7	0	66.3	0	0	0	0	2	0	899	8
34	2	29	4	12	19	427	9.7	12.7	0	66.3	0	0	4	0	2	0	899	8
34	3	29	4	12	20	428	9.7	12.7	0	66.3	0	0	9	0	2	0	898	8
34	4	29	4	12	20	427	9.7	12.7	0	66.3	0	0	14	0.01	2	0	899	8
34	5	29	4	12	20	427	9.7	12.6	0	66.3	0	0	19	0	2	0	899	8
34	6	29	4	12	20	428	9.7	12.7	0	66.3	0	0	24	0.02	2	0	898	8
34	7	29	4	12	20	427	9.7	12.7	0	66.3	0	0	28	0.01	2	0	899	8
34	8	29	4	12	20	428	9.7	12.7	0	66.3	0	0	33	0.01	2	0	899	8
34	9	29	4	12	20	428	9.7	12.7	0	66.3	0	0	38	0.01	2	0	899	8
34	10	29	4	12	20	428	9.7	12.7	0	66.3	0	0	43	0.01	2	0	899	8
34	11	29	4	12	20	428	9.8	12.8	0	66.3	0	1	48	0.01	2	0	898	8
34	12	29	4	12	20	428	9.7	12.7	0	66.3	0	1	52	0.01	2	0	899	8
34	13	29	4	12	20	428	9.7	12.7	0	66.3	0	1	57	0.01	2	0	899	8
34	14	29	4	12	20	428	9.7	12.7	0	66.3	0	1	62	0.01	2	0	899	8
35	1	29	4	12	22	429	9.7	12.8	0	65.9	0	0	0	0	2	0	899	8
35	2	29	4	12	22	430	9.7	12.8	0	65.9	0	0	4	0	2	0	898	8
35	3	29	4	12	22	429	9.7	12.8	0	65.7	0	0	9	0	2	0	899	8
35	4	29	4	12	22	430	9.6	12.8	0	65.7	0	0	14	0.05	2	0	898	8
35	5	29	4	12	22	430	9.7	12.8	0	65.6	0	0	19	0.02	2	0	899	8
35	6	29	4	12	23	430	9.7	12.8	0	65.6	0	0	24	0.02	2	0	899	8
35	7	29	4	12	23	430	9.7	12.8	0	65.6	0	0	28	0.01	2	0	899	8
35	8	29	4	12	23	430	9.7	12.8	0	65.6	0	0	33	0.01	2	0	899	8
35	9	29	4	12	23	430	9.6	12.8	0	65.6	0	0	38	0.02	2	0	899	8
35	10	29	4	12	23	431	9.6	12.8	0	65.5	0	1	43	0.02	2	0	899	8
35	11	29	4	12	23	431	9.7	12.8	0	65.6	0	1	48	0.02	2	0	898	8
35	12	29	4	12	23	431	9.7	12.8	0	65.6	0	1	52	0.02	2	0	899	8
35	13	29	4	12	23	431	9.7	12.8	0	65.6	0	1	57	0.02	2	0	899	8
35	14	29	4	12	23	432	9.7	12.8	0	65.6	0	2	62	0.03	2	0	898	8
36	1	29	4	12	25	429	9.9	12.9	0	66.8	0	0	0	0	2	0	899	8
36	2	29	4	12	26	430	9.9	12.9	0	66.8	0	0	4	0	2	0	898	8
36	3	29	4	12	26	430	9.9	12.9	0	66.8	0	0	9	0	2	0	899	8
36	4	29	4	12	26	430	9.9	12.9	0	66.8	0	0	14	0.02	2	0	899	8
36	5	29	4	12	26	430	10	13	0	66.8	0	0	19	0.01	2	0	899	8
36	6	29	4	12	26	430	9.9	12.9	0	66.8	0	0	24	0.02	2	0	899	8
36	7	29	4	12	26	431	10	13	0	66.8	0	0	28	0.02	2	0	899	8
36	8	29	4	12	26	431	9.9	13	0	66.7	0	1	33	0.02	2	0	899	8
36	9	29	4	12	26	431	9.9	13	0	66.7	0	1	38	0.02	2	0	899	8
36	10	29	4	12	26	432	9.9	12.9	0	66.7	0	1	43	0.03	2	0	898	8
36	11	29	4	12	26	432	9.8	13	0	66.6	0	2	48	0.03	2	0	899	8
36	12	29	4	12	26	432	9.8	13	0	66.5	0	2	52	0.03	2	0	899	8
36	13	29	4	12	26	432	9.8	13	0	66.5	0	2	57	0.03	2	0	899	8
36	14	29	4	12	27	432	9.8	13	0	66.4	0	2	62	0.03	2	0	899	8
38	1	29	4	12	29	429	9.7	13.1	0	64.6	0	0	0	0	2	0	899	8
38	2	29	4	12	30	429	9.7	13.1	0	64.6	0	0	4	0	2	0	899	8
38	3	29	4	12	30	429	9.8	13.1	0	64.7	0	0	9	0	2	0	899	8
38	4	29	4	12	30	429	9.8	13.1	0	64.8	0	0	14	0.03	2	0	899	8
38	5	29	4	12	30	429	9.8	13.1	0	64.9	0	0	19	0.03	2	0	899	8
38	6	29	4	12	30	430	9.8	13.1	0	64.9	0	1	24	0.04	2	0	899	8
38	7	29	4	12	30	430	9.8	13.1	0	65	0	1	28	0.04	2	0	899	8
38	8	29	4	12	30	430	9.8	13.1	0	65.1	0	1	33	0.04	2	0	899	8
38	9	29	4	12	30	431	9.9	13.1	0	65.1	0	2	38	0.05	2	0	899	8
38	10	29	4	12	30	431	9.8	13.1	0	65.1	0	2	43	0.05	2	0	899	8
38	11	29	4	12	30	431	9.8	13.1	0	65.2	0	2	48	0.05	2	0	899	8
38	12	29	4	12	30	432	9.9	13.1	0	65.2	0	3	52	0.05	2	0	899	8
38	13	29	4	12	30	432	9.9	13.2	0	65.2	0	3	57	0.05	2	0	899	8
38	14	29	4	12	31	432	9.9	13.1	0	65.2	0	3	62	0.05	2	0	899	8
39	1	29	4	12	32	427	9.9	13.2	0	65.5	0	0	0	0	2	0	899	8
39	2	29	4	12	32	428	9.9	13.1	0	65.5	0	0	4	0	2	0	899	8
39	3	29	4	12	32	428	9.8	13.2	0	65.3	0	0	9	0	2	0	899	8
39	4	29	4	12	32	428	9.8	13.2	0	65.2	0	1	14	0.06	2	0	899	8
39	5	29	4	12	32	429	9.8	13.2	0	65.2	0	1	19	0.05	2	0	899	8
39	6	29	4	12	32	429	9.8	13.2	0	65.2	0	1	24	0.05	2	0	899	8
39	7	29	4	12	32	429	9.8	13.2	0	65.1	0	2	28	0.05	2	0	899	8
39	8	29	4	12	32	430	9.8	13.2	0	65.1	0	2	33	0.05	2	0	899	8
39	9	29	4	12	32	430	9.9	13.2	0	65.1	0	2	38	0.06	2	0	899	8
39	10	29	4	12	32	430	9.8	13.2	0	65.1	0	3	43	0.06	2	0	899	8
39	11	29	4	12	32	431	9.8	13.2	0	65.1	0	3	48	0.06	2	0	899	8
39	12	29	4	12	32	431	9.8	13.2	0	65.1	0	3	52	0.06	2	0	899	8
39	13	29	4	12	32	432	9.8	13.2	0	65.1	0	4	57	0.06	2	0	899	8
39	14	29	4	12	33	432	9.8	13.2	0	65.1	0	4	62	0.06	2	0	899	8
40	1	29	4	12	34	425	9.9	13.2	0	65.1	0	0	0	0	2	0	899	8
40	2	29	4	12	34	425	9.9	13.2	0	65.1	0	0	4	0	2	0	899	8
40	3	29	4	12	34	425	9.9	13.2	0	65.1	0	0	9	0	2	0	899	8
40	4	29	4	12	34	425	9.9	13.2	0	65.1	0	0	14	0.02	2	0	899	8
40	5	29	4	12	35	425	9.8	13.2	0	65.1	0	0	19	0.02	2	0	899	8
40	6	29	4	12	35	426	9.9	13.2	0	65.1	0	0	24	0.02	2	0	899	8
40	7	29	4	12	35	426	9.9	13.2	0	65.1	0	0	28	0.02	2	0	899	8
40	8	29	4	12	35	426	9.9	13.2	0	65.1	0	1	33	0.02	2	0	899	8
40	9	29	4	12	35	426	9.9	13.2	0	65.1	0	1	38	0.02	2	0	899	8
40	10	29	4	12	35	426	9.9	13.2	0	65.1	0	1	43	0.02	2	0	899	8
40	11	29	4	12	35	426	9.9	13.2	0	65.1	0	1	48	0.02	2	0	899	8
40	12	29	4	12	35	427	9.9	13.3	0	65.1	0	1	52	0.02	2	0	899	8
40	13	29	4	12	35	427	9.9	13.2	0	65.1	0	1	57	0.02	2	0	899	8
40	14	29	4	12	35	427	9.9	13.2	0	65.1	0	2	62	0.02	2	0	899	8
41	1	29	4	12	37	427	10.1	13.3	0	66	0	0	0	0	2	0	899	8
41	2	29	4	12	37	427	10	13.3	0	65.6	0	0	4	0	2	0	899	8
41	3	29	4	12	37	428	10	13.3	0	65.6	0	0	9	0	2	0	899	8
41	4	29	4	12	37	428	10	13.3	0	65.6	0	1	14	0.07	2	0	899	8
41	5	29	4	12	37	428	10	13.3	0	65.6	0	1	19	0.06	2	0	899	8
41	6	29	4	12	37	429	10	13.4	0	65.5	0	1	24	0.05	2	0	899	8
41	7	29	4	12	37	429	9.9	13.3	0	65.5	0	1	28	0.05	2	0	899	8
41	8	29	4	12	38	429	9.9	13.3	0	65.5	0	2	33	0.05	2	0	899	8
41	9	29	4	12	38	429	10	13.4	0	65.4	0	2	38	0.05	2	0	899	8
41	10	29	4	12	38	430	10.1	13.4	0	65.4	0	2	43	0.05	2	0	899	8
41	11	29	4	12	38	430	10	13.4	0	65.4	0	2	48	0.05	2	0	899	8
41	12	29	4	12	38	430	10	13.4	0	65.4	0	3	52	0.05	2	0	899	8
41	13	29	4	12	38	430	10	13.4	0	65.3	0	3	57	0.05	2	0	899	8
41	14	29	4	12	38	431	9.9	13.3	0	65.3	0	3	62	0.05	2	0	899	8
42	1	29	4	12	41	463	9.9	13.5	0	64.2	0	0	0	0	2	0	899	8
42	2	29	4	12	41	463	9.8	13.4	0	64.4	0	0	4	0	2	0	899	8
42	3	29	4	12	41	463	9.9	13.4	0	64.3	0	0	9	0	2	0	899	8
42	4	29	4	12	41	464	9.9	13.5	0	64.3	0	1	14	0.09	2	0	899	8
42	5	29	4	12	41	465	9.9	13.4	0	64.3	0	2	19	0.09	2	0	899	8
42	6	29	4	12	41	465	9.9	13.5	0	64.3	0	2	24	0.09	2	0	899	8
42	7	29	4	12	42	465	9.9	13.5	0	64.3	0	2	28	0.08	2	0	899	8
42	8	29	4	12	42	466	9.9	13.5	0	64.3	0	3	33	0.08	2	0	899	8
42	9	29	4	12	42	466	9.9	13.4	0	64.3	0	3	38	0.08	2	0	899	8
42	10	29	4	12	42	467	9.9	13.5	0	64.2	0	4	43	0.08	2	0	899	8
42	11	29	4	12	42	467	9.9	13.4	0	64.2	0	4	48	0.08	2	0	899	8
42	12	29	4	12	42	468	9.9	13.5	0	64.2	0	5	52	0.08	2	0	899	8
42	13	29	4	12	42	468	9.9	13.5	0	64.2	0	5	57	0.08	2	0	899	8
42	14	29	4	12	42	468	9.9	13.4	0	64.3	0	5	62	0.08	2	0	899	8
43	1	29	4	12	46	427	9.9	13.6	0	63.8	0	0	0	0	2	0	899	8
43	2	29	4	12	46	427	9.9	13.6	0	63.8	0	0	4	0	2	0	899	8
43	3	29	4	12	46	427	9.9	13.6	0	63.8	0	0	9	0	2	0	899	8
43	4	29	4	12	46	427	9.9	13.6	0	63.8	0	0	14	0.01	2	0	899	8
43	5	29	4	12	46	427	9.9	13.6	0	63.8	0	0	19	0.01	2	0	899	8
43	6	29	4	12	46	427	9.9	13.6	0	63.8	0	0	24	0.01	2	0	899	8
43	7	29	4	12	46	427	9.9	13.6	0	63.7	0	0	28	0.02	2	0	899	8
43	8	29	4	12	46	427	9.8	13.6	0	63.7	0	0	33	0.02	2	0	899	8
43	9	29	4	12	46	427	9.8	13.6	0	63.6	0	0	38	0.01	2	0	899	8
43	10	29	4	12	46	428	9.8	13.6	0	63.6	0	0	43	0.01	2	0	899	8
43	11	29	4	12	46	427	9.8	13.6	0	63.5	0	0	48	0.01	2	0	899	8
43	12	29	4	12	47	428	9.8	13.6	0	63.4	0	1	52	0.01	2	0	899	8
43	13	29	4	12	47	428	9.8	13.6	0	63.4	0	1	57	0.01	2	0	899	8
43	14	29	4	12	47	428	9.8	13.6	0	63.3	0	1	62	0.01	2	0	899	8
44	1	29	4	12	48	426	9.8	13.6	0	62.9	0	0	0	0	2	0	899	8
44	2	29	4	12	48	426	9.8	13.6	0	62.9	0	0	4	0	2	0	899	8
44	3	29	4	12	48	426	9.8	13.6	0	62.9	0	0	9	0	2	0	899	8
44	4	29	4	12	48	427	9.8	13.6	0	62.9	0	0	14	0.01	2	0	899	8
44	5	29	4	12	48	427	9.8	13.6	0	62.9	0	0	19	0.01	2	0	899	8
44	6	29	4	12	48	427	9.7	13.6	0	62.9	0	0	24	0.01	2	0	899	8
44	7	29	4	12	48	427	9.8	13.6	0	62.9	0	0	28	0.01	2	0	899	8
44	8	29	4	12	48	427	9.8	13.6	0	62.9	0	0	33	0.01	2	0	899	8
44	9	29	4	12	48	427	9.8	13.6	0	62.9	0	0	38	0.01	2	0	899	8
44	10	29	4	12	48	427	9.8	13.6	0	62.9	0	0	43	0.01	2	0	899	8
44	11	29	4	12	48	427	9.8	13.6	0	62.9	0	0	48	0.01	2	0	899	8
44	12	29	4	12	48	427	9.8	13.6	0	62.9	0	0	52	0.01	2	0	899	8
44	13	29	4	12	48	427	9.8	13.6	0	62.9	0	0	57	0.01	2	0	899	8
44	14	29	4	12	49	427	9.8	13.6	0	62.9	0	0	62	0.01	2	0	899	8
45	1	29	4	12	49	426	9.7	13.6	0	62.9	0	0	0	0	2	0	899	8
45	2	29	4	12	49	426	9.7	13.6	0	62.6	0	0	4	0	2	0	899	8
45	3	29	4	12	50	426	9.8	13.6	0	62.7	0	0	9	0	2	0	899	8
45	4	29	4	12	50	427	9.8	13.6	0	62.7	0	0	14	0.03	2	0	899	8
45	5	29	4	12	50	427	9.7	13.6	0	62.7	0	0	19	0.03	2	0	899	8
45	6	29	4	12	50	427	9.7	13.6	0	62.7	0	1	24	0.04	2	0	899	8
45	7	29	4	12	50	427	9.7	13.6	0	62.7	0	1	28	0.04	2	0	899	8
45	8	29	4	12	50	428	9.7	13.6	0	62.7	0	1	33	0.04	2	0	899	8
45	9	29	4	12	50	428	9.7	13.6	0	62.7	0	2	38	0.05	2	0	899	8
45	10	29	4	12	50	429	9.7	13.6	0	62.7	0	2	43	0.05	2	0	899	8
45	11	29	4	12	50	429	9.7	13.6	0	62.7	0	3	48	0.05	2	0	899	8
45	12	29	4	12	50	430	9.8	13.6	0	62.7	0	3	52	0.06	2	0	899	8
45	13	29	4	12	50	430	9.7	13.6	0	62.7	0	4	57	0.06	2	0	899	8
45	14	29	4	12	50	431	9.8	13.6	0	62.8	0	4	62	0.06	2	0	899	8
46	1	29	4	12	52	426	9.8	13.6	0	63.3	0	0	0	0	2	0	899	8
46	2	29	4	12	52	426	9.9	13.6	0	63.5	0	0	4	0	2	0	899	8
46	3	29	4	12	52	426	9.9	13.6	0	63.5	0	0	9	0	2	0	899	8
46	4	29	4	12	52	426	9.9	13.6	0	63.6	0	0	14	0	2	0	899	8
46	5	29	4	12	52	427	9.9	13.6	0	63.6	0	0	19	0.01	2	0	899	8
46	6	29	4	12	52	427	9.9	13.6	0	63.7	0	0	24	0.02	2	0	899	8
46	7	29	4	12	52	427	9.9	13.6	0	63.7	0	0	28	0.02	2	0	899	8
46	8	29	4	12	52	427	9.9	13.6	0	63.7	0	0	33	0.02	2	0	899	8
46	9	29	4	12	52	427	9.9	13.6	0	63.7	0	0	38	0.01	2	0	899	8
46	10	29	4	12	52	427	9.9	13.6	0	63.7	0	1	43	0.02	2	0	899	8
46	11	29	4	12	53	427	9.9	13.6	0	63.7	0	1	48	0.02	2	0	899	8
46	12	29	4	12	53	428	9.9	13.6	0	63.7	0	1	52	0.02	2	0	899	8
46	13	29	4	12	53	428	9.9	13.6	0	63.7	0	1	57	0.02	2	0	899	8
46	14	29	4	12	53	428	9.9	13.6	0	63.7	0	1	62	0.02	2	0	899	8
47	1	29	4	12	54	429	10	13.6	0	64.2	0	0	0	0	2	0	899	8
47	2	29	4	12	54	429	10	13.6	0	64.2	0	0	4	0	2	0	899	8
47	3	29	4	12	54	430	10	13.6	0	64.2	0	0	9	0	2	0	899	8
47	4	29	4	12	54	430	10	13.6	0	64.2	0	1	14	0.07	2	0	899	8
47	5	29	4	12	54	430	9.9	13.6	0	64.2	0	1	19	0.06	2	0	899	8
47	6	29	4	12	54	431	9.9	13.6	0	64.1	0	1	24	0.06	2	0	899	8
47	7	29	4	12	54	431	9.9	13.6	0	64	0	2	28	0.06	2	0	899	8
47	8	29	4	12	54	432	9.8	13.6	0	63.9	0	2	33	0.07	2	0	899	8
47	9	29	4	12	55	432	9.9	13.6	0	63.9	0	3	38	0.07	2	0	899	8
47	10	29	4	12	55	433	9.9	13.6	0	63.8	0	3	43	0.07	2	0	899	8
47	11	29	4	12	55	433	9.8	13.6	0	63.7	0	4	48	0.07	2	0	899	8
47	12	29	4	12	55	434	9.7	13.6	0	63.7	0	4	52	0.07	2	0	899	8
47	13	29	4	12	55	434	9.7	13.6	0	63.6	0	5	57	0.07	2	0	899	8
47	14	29	4	12	55	434	9.8	13.6	0	63.6	0	5	62	0.07	2	0	899	8
48	1	29	4	12	56	430	9.7	13.6	0	62.9	0	0	0	0	2	0	899	8
48	2	29	4	12	56	430	9.7	13.6	0	62.9	0	0	4	0	2	0	899	8
48	3	29	4	12	56	431	9.7	13.6	0	62.9	0	0	9	0	2	0	899	8
48	4	29	4	12	56	431	9.8	13.6	0	62.9	0	1	14	0.07	2	0	899	8
48	5	29	4	12	56	432	9.7	13.6	0	62.9	0	1	19	0.08	2	0	899	8
48	6	29	4	12	57	433	9.7	13.6	0	62.9	0	2	24	0.09	2	0	899	8
48	7	29	4	12	57	433	9.7	13.6	0	62.9	0	3	28	0.1	2	0	899	8
48	8	29	4	12	57	434	9.7	13.6	0	62.9	0	4	33	0.1	2	0	899	8
48	9	29	4	12	57	435	9.8	13.6	0	62.9	0	4	38	0.1	2	0	899	8
48	10	29	4	12	57	435	9.8	13.6	0	62.9	0	5	43	0.11	2	0	899	8
48	11	29	4	12	57	436	9.8	13.6	0	63	0	6	48	0.1	2	0	899	8
48	12	29	4	12	57	436	9.8	13.6	0	63	0	6	52	0.1	2	0	899	8
48	13	29	4	12	57	437	9.8	13.6	0	63	0	7	57	0.1	2	0	899	8
48	14	29	4	12	57	437	9.8	13.6	0	63	0	7	62	0.1	2	0	899	8
49	1	29	4	13	0	438	9.7	13.6	0	62.9	0	0	0	0	2	0	899	8
49	2	29	4	13	0	440	9.7	13.6	0	62.9	0	0	4	0	2	0	899	8
49	3	29	4	13	1	441	9.7	13.5	0	62.9	0	0	9	0	2	0	899	8
49	4	29	4	13	1	442	9.7	13.6	0	62.8	0	4	14	0.26	2	0	899	8
49	5	29	4	13	1	443	9.7	13.5	0	62.9	0	5	19	0.23	2	0	899	8
49	6	29	4	13	1	444	9.7	13.6	0	62.9	0	6	24	0.22	2	0	899	8
49	7	29	4	13	1	446	9.8	13.6	0	62.9	0	7	28	0.22	2	0	899	8
49	8	29	4	13	1	447	9.8	13.6	0	63	0	8	33	0.22	2	0	899	8
49	9	29	4	13	1	448	9.7	13.6	0	63	0	10	38	0.22	2	0	899	8
49	10	29	4	13	1	450	9.8	13.6	0	63	0	11	43	0.22	2	0	899	8
49	11	29	4	13	1	451	9.8	13.5	0	63	0	12	48	0.22	2	0	899	8
49	12	29	4	13	1	452	9.8	13.6	0	63	0	13	52	0.22	2	0	899	8
49	13	29	4	13	1	454	9.8	13.6	0	63	0	15	57	0.22	2	0	899	8
49	14	29	4	13	1	455	9.8	13.6	0	63	0	16	62	0.22	2	0	899	8
50	1	29	4	13	3	430	9.7	13.6	0	62.4	0	0	0	0	2	0	899	8
50	2	29	4	13	3	431	9.6	13.6	0	62.3	0	0	4	0	2	0	899	8
50	3	29	4	13	3	432	9.7	13.6	0	62.3	0	0	9	0	2	0	899	8
50	4	29	4	13	3	432	9.6	13.6	0	62.2	0	2	14	0.12	2	0	899	8
50	5	29	4	13	3	433	9.6	13.6	0	62.2	0	2	19	0.12	2	0	899	8
50	6	29	4	13	3	434	9.6	13.6	0	62.1	0	3	24	0.12	2	0	899	8
50	7	29	4	13	3	434	9.7	13.7	0	62.1	0	4	28	0.12	2	0	899	8
50	8	29	4	13	3	435	9.6	13.6	0	62.1	0	4	33	0.12	2	0	899	8
50	9	29	4	13	4	436	9.6	13.6	0	62.1	0	5	38	0.12	2	0	899	8
50	10	29	4	13	4	436	9.6	13.6	0	62	0	6	43	0.12	2	0	899	8
50	11	29	4	13	4	437	9.7	13.7	0	62	0	6	48	0.12	2	0	899	8
50	12	29	4	13	4	438	9.7	13.7	0	62	0	7	52	0.12	2	0	899	8
50	13	29	4	13	4	439	9.7	13.7	0	62	0	8	57	0.12	2	0	899	8
50	14	29	4	13	4	440	9.7	13.7	0	62	0	9	62	0.12	2	0	899	8
51	1	29	4	13	5	426	9.6	13.7	0	61	0	0	0	0	2	0	899	8
51	2	29	4	13	5	427	9.6	13.7	0	61.2	0	0	4	0	2	0	898	8
51	3	29	4	13	5	426	9.6	13.8	0	61.2	0	0	9	0	2	0	899	8
51	4	29	4	13	5	426	9.6	13.7	0	61.1	0	0	14	0	2	1	899	8
51	5	29	4	13	5	426	9.6	13.7	0	61.1	0	0	19	0	2	1	899	8
51	6	29	4	13	5	427	9.6	13.7	0	61.2	0	0	24	0	2	1	899	8
51	7	29	4	13	5	427	9.7	13.8	0	61.3	0	0	28	0	2	0	899	8
51	8	29	4	13	5	427	9.6	13.7	0	61.3	0	0	33	0.01	2	0	898	8
51	9	29	4	13	5	427	9.6	13.7	0	61.3	0	0	38	0.01	2	0	898	8
51	10	29	4	13	6	428	9.6	13.7	0	61.3	0	0	43	0.02	2	0	898	8
51	11	29	4	13	6	427	9.6	13.7	0	61.4	0	0	48	0.01	2	0	899	8
51	12	29	4	13	6	427	9.6	13.7	0	61.4	0	0	52	0.01	2	0	899	8
51	13	29	4	13	6	427	9.7	13.8	0	61.4	0	0	57	0.01	2	0	899	8
51	14	29	4	13	6	427	9.6	13.7	0	61.4	0	0	62	0	2	0	899	8
52	1	29	4	13	7	427	9.6	13.8	0	61.1	0	0	0	0	2	0	899	8
52	2	29	4	13	7	427	9.6	13.8	0	61.1	0	0	4	0	2	0	899	8
52	3	29	4	13	7	428	9.7	13.8	0	61.2	0	0	9	0	2	0	899	8
52	4	29	4	13	7	429	9.7	13.8	0	61.2	0	2	14	0.14	2	0	899	8
52	5	29	4	13	7	430	9.7	13.8	0	61.2	0	3	19	0.14	2	0	899	8
52	6	29	4	13	7	431	9.7	13.8	0	61.3	0	4	24	0.14	2	0	899	8
52	7	29	4	13	7	432	9.7	13.8	0	61.3	0	4	28	0.14	2	0	899	8
52	8	29	4	13	7	432	9.7	13.8	0	61.3	0	5	33	0.14	2	0	899	8
52	9	29	4	13	7	434	9.7	13.8	0	61.4	0	6	38	0.14	2	0	899	8
52	10	29	4	13	7	434	9.7	13.8	0	61.4	0	7	43	0.15	2	0	899	8
52	11	29	4	13	8	435	9.7	13.8	0	61.4	0	8	48	0.14	2	0	899	8
52	12	29	4	13	8	436	9.6	13.8	0	61.4	0	9	52	0.14	2	0	899	8
52	13	29	4	13	8	437	9.7	13.8	0	61.4	0	9	57	0.14	2	0	899	8
52	14	29	4	13	8	438	9.6	13.8	0	61.4	0	10	62	0.15	2	0	899	8
53	1	29	4	13	9	441	9.8	13.8	0	62.4	0	0	0	0	2	0	899	8
53	2	29	4	13	9	441	9.8	13.9	0	62.1	0	0	4	0	2	0	899	8
53	3	29	4	13	10	442	9.9	13.8	0	62.2	0	0	9	0	2	0	899	8
53	4	29	4	13	10	442	9.8	13.9	0	62.2	0	0	14	0.02	2	0	899	8
53	5	29	4	13	10	442	9.8	13.8	0	62.1	0	0	19	0.02	2	0	899	8
53	6	29	4	13	10	443	9.8	13.8	0	62.1	0	1	24	0.04	2	0	898	8
53	7	29	4	13	10	442	9.8	13.8	0	62.1	0	1	28	0.04	2	0	899	8
53	8	29	4	13	10	442	9.8	13.8	0	62.1	0	1	33	0.03	2	0	899	8
53	9	29	4	13	10	443	9.8	13.9	0	62.1	0	1	38	0.03	2	0	898	8
53	10	29	4	13	10	443	9.8	13.9	0	62.1	0	1	43	0.03	2	0	899	8
53	11	29	4	13	10	443	9.8	13.8	0	62.1	0	1	48	0.03	2	0	899	8
53	12	29	4	13	10	444	9.8	13.9	0	62.1	0	2	52	0.03	2	0	898	8
53	13	29	4	13	10	444	9.8	13.8	0	62.1	0	2	57	0.03	2	0	898	8
53	14	29	4	13	10	444	9.9	14	0	62.1	0	2	62	0.03	2	0	899	8
54	1	29	4	13	11	425	9.7	13.9	0	61.5	0	0	0	0	2	0	899	8
54	2	29	4	13	12	426	9.7	13.9	0	61.5	0	0	4	0	2	0	899	8
54	3	29	4	13	12	426	9.7	13.9	0	61.5	0	0	9	0	2	0	899	8
54	4	29	4	13	12	426	9.8	14	0	61.5	0	0	14	0.02	2	0	899	8
54	5	29	4	13	12	425	9.7	13.9	0	61.5	0	0	19	0	2	0	899	8
54	6	29	4	13	12	426	9.8	13.9	0	61.5	0	0	24	0	2	0	899	8
54	7	29	4	13	12	426	9.8	13.9	0	61.5	0	0	28	0.01	2	0	899	8
54	8	29	4	13	12	426	9.8	13.9	0	61.5	0	0	33	0.01	2	0	899	8
54	9	29	4	13	12	426	9.8	14	0	61.5	0	0	38	0.01	2	0	899	8
54	10	29	4	13	12	426	9.8	13.9	0	61.6	0	0	43	0.01	2	0	899	8
54	11	29	4	13	12	426	9.8	13.9	0	61.6	0	0	48	0.01	2	0	899	8
54	12	29	4	13	12	426	9.8	13.9	0	61.6	0	0	52	0	2	0	899	8
54	13	29	4	13	12	426	9.8	13.9	0	61.7	0	0	57	0	2	0	899	8
54	14	29	4	13	13	426	9.8	13.9	0	61.7	0	0	62	0	2	0	899	8
56	1	29	4	13	15	425	9.7	14	0	61.1	0	0	0	0	2	0	899	8
56	2	29	4	13	15	425	9.7	14	0	61.1	0	0	4	0	2	0	899	8
56	3	29	4	13	15	426	9.7	14	0	61.1	0	0	9	0	2	0	898	8
56	4	29	4	13	15	425	9.7	14	0	61.1	0	0	14	0.03	2	0	899	8
56	5	29	4	13	15	425	9.7	14	0	61.1	0	0	19	0.01	2	0	899	8
56	6	29	4	13	15	425	9.7	14	0	61.1	0	0	24	0	2	0	899	8
56	7	29	4	13	15	425	9.7	14	0	61.1	0	0	28	0	2	0	899	8
56	8	29	4	13	15	426	9.7	13.9	0	61.1	0	0	33	0	2	0	899	8
56	9	29	4	13	15	426	9.6	14	0	61	0	0	38	0	2	0	899	8
56	10	29	4	13	15	427	9.7	14	0	61	0	0	43	0.01	2	0	898	8
56	11	29	4	13	16	426	9.7	14	0	61	0	0	48	0.01	2	0	899	8
56	12	29	4	13	16	426	9.7	14	0	61	0	0	52	0.01	2	0	899	8
56	13	29	4	13	16	426	9.7	13.9	0	61	0	0	57	0.01	2	0	899	8
56	14	29	4	13	16	426	9.6	14	0	61	0	0	62	0.01	2	0	899	8
57	1	29	4	13	17	456	9.8	14	0	61.5	0	0	0	0	2	0	899	8
57	2	29	4	13	17	456	9.8	14	0	61.4	0	0	4	0	2	0	899	8
57	3	29	4	13	17	456	9.8	14	0	61.4	0	0	9	0	2	0	899	8
57	4	29	4	13	17	456	9.8	14	0	61.4	0	0	14	0.02	2	0	899	8
57	5	29	4	13	17	457	9.8	14	0	61.4	0	1	19	0.06	2	0	898	8
57	6	29	4	13	17	457	9.7	14	0	61.3	0	1	24	0.05	2	0	899	8
57	7	29	4	13	17	457	9.7	13.9	0	61.3	0	1	28	0.03	2	0	899	8
57	8	29	4	13	17	457	9.7	14	0	61.3	0	1	33	0.03	2	0	899	8
57	9	29	4	13	17	457	9.7	13.9	0	61.2	0	1	38	0.03	2	0	899	8
57	10	29	4	13	17	458	9.6	13.9	0	61.2	0	1	43	0.03	2	0	899	8
57	11	29	4	13	17	458	9.6	13.9	0	61.2	0	1	48	0.03	2	0	899	8
57	12	29	4	13	18	458	9.6	13.9	0	61.1	0	2	52	0.03	2	0	899	8
57	13	29	4	13	18	458	9.6	13.9	0	61.1	0	2	57	0.03	2	0	899	8
57	14	29	4	13	18	458	9.6	13.9	0	61	0	2	62	0.03	2	0	899	8
58	1	29	4	13	19	445	9.6	13.9	0	60.6	0	0	0	0	2	0	899	8
58	2	29	4	13	19	448	9.6	13.9	0	60.6	0	0	4	0	2	0	899	8
58	3	29	4	13	19	449	9.5	13.8	0	60.6	0	0	9	0	2	0	898	8
58	4	29	4	13	19	448	9.6	13.8	0	60.6	0	3	14	0.19	2	0	899	8
58	5	29	4	13	19	448	9.6	13.9	0	60.6	0	2	19	0.12	2	0	899	8
58	6	29	4	13	19	448	9.5	13.8	0	60.6	0	2	24	0.09	2	0	899	8
58	7	29	4	13	19	448	9.5	13.8	0	60.6	0	2	28	0.07	2	0	899	8
58	8	29	4	13	19	448	9.5	13.8	0	60.6	0	2	33	0.06	2	0	899	8
58	9	29	4	13	19	448	9.6	13.8	0	60.6	0	2	38	0.05	2	0	899	8
58	10	29	4	13	19	448	9.5	13.8	0	60.6	0	2	43	0.04	2	0	899	8
58	11	29	4	13	19	448	9.5	13.8	0	60.6	0	2	48	0.03	2	0	899	8
58	12	29	4	13	19	449	9.5	13.8	0	60.6	0	2	52	0.03	2	0	899	8
58	13	29	4	13	20	448	9.5	13.8	0	60.6	0	1	57	0.02	2	0	899	8
58	14	29	4	13	20	448	9.5	13.8	0	60.6	0	1	62	0.02	2	0	899	8
59	1	29	4	13	21	434	9.5	13.7	0	60.6	0	0	0	0	2	0	899	8
59	2	29	4	13	21	438	9.5	13.7	0	60.6	0	0	4	0	2	0	899	8
59	3	29	4	13	21	443	9.5	13.7	0	60.6	0	0	9	0	2	0	899	8
59	4	29	4	13	21	448	9.5	13.7	0	60.6	0	13	14	0.82	2	0	899	8
59	5	29	4	13	21	453	9.5	13.7	0	60.6	0	19	19	0.86	2	0	899	8
59	6	29	4	13	21	460	9.6	13.7	0	60.6	0	25	24	0.91	2	0	899	8
59	7	29	4	13	21	465	9.6	13.7	0	60.7	0	31	28	0.94	2	0	899	8
59	8	29	4	13	21	474	9.5	13.7	0	60.7	0	39	33	0.99	2	0	899	8
59	9	29	4	13	21	485	9.5	13.6	0	60.8	0	49	38	1.09	2	0	899	8
59	10	29	4	13	21	494	9.5	13.7	0	60.8	0	59	43	1.17	2	0	899	8
59	11	29	4	13	22	506	9.5	13.6	0	60.8	0	70	48	1.26	2	0	899	8
59	12	29	4	13	22	518	9.5	13.7	0	60.8	0	83	52	1.34	2	0	899	8
59	13	29	4	13	22	529	9.5	13.7	0	60.8	0	95	57	1.41	2	0	899	8
59	14	29	4	13	22	535	9.5	13.6	0	60.8	0	105	62	1.44	2	0	899	8
60	1	29	4	13	23	427	9.4	13.6	0	60.6	0	0	0	0	2	0	899	8
60	2	29	4	13	23	427	9.4	13.6	0	60.6	0	0	4	0	2	0	899	8
60	3	29	4	13	23	428	9.4	13.6	0	60.6	0	0	9	0	2	0	899	8
60	4	29	4	13	23	428	9.4	13.6	0	60.6	0	1	14	0.1	2	0	899	8
60	5	29	4	13	23	429	9.4	13.6	0	60.6	0	2	19	0.1	2	0	899	8
60	6	29	4	13	23	429	9.4	13.6	0	60.6	0	2	24	0.1	2	0	899	8
60	7	29	4	13	23	430	9.4	13.6	0	60.5	0	3	28	0.1	2	0	899	8
60	8	29	4	13	24	431	9.3	13.6	0	60.5	0	4	33	0.1	2	0	899	8
60	9	29	4	13	24	431	9.3	13.6	0	60.4	0	4	38	0.1	2	0	899	8
60	10	29	4	13	24	432	9.3	13.6	0	60.4	0	5	43	0.1	2	0	899	8
60	11	29	4	13	24	432	9.3	13.6	0	60.4	0	5	48	0.1	2	0	899	8
60	12	29	4	13	24	433	9.4	13.6	0	60.4	0	6	52	0.1	2	0	899	8
60	13	29	4	13	24	434	9.3	13.6	0	60.3	0	7	57	0.1	2	0	899	8
60	14	29	4	13	24	434	9.3	13.6	0	60.3	0	7	62	0.1	2	0	899	8
61	1	29	4	15	11	427	9.7	12	0	69.7	0	0	0	0	0	0	899	8
61	2	29	4	15	11	427	9.7	12	0	69.7	0	0	4	0	0	0	899	8
61	3	29	4	15	11	427	9.7	12	0	69.5	0	0	9	0	0	0	899	8
61	4	29	4	15	11	427	9.7	12	0	69.5	0	0	14	0.02	2	0	899	8
61	5	29	4	15	11	427	9.7	12	0	69.4	0	0	19	0.01	2	0	899	8
61	6	29	4	15	11	428	9.7	12	0	69.4	0	0	24	0.02	2	0	899	8
61	7	29	4	15	11	428	9.6	12	0	69.3	0	0	28	0.02	2	0	899	8
61	8	29	4	15	11	428	9.6	12	0	69.2	0	0	33	0.02	2	0	899	8
61	9	29	4	15	11	428	9.7	12.1	0	69.2	0	1	38	0.02	2	0	899	8
61	10	29	4	15	11	428	9.7	12.1	0	69.2	0	1	43	0.02	2	0	899	8
61	11	29	4	15	12	428	9.7	12.1	0	69.1	0	1	48	0.02	2	0	899	8
61	12	29	4	15	12	428	9.7	12.1	0	69.1	0	1	52	0.02	2	0	899	8
61	13	29	4	15	12	428	9.7	12	0	69.1	0	1	57	0.02	2	0	899	8
61	14	29	4	15	12	428	9.6	12.1	0	69	0	1	62	0.02	2	0	899	8
62	1	29	4	15	14	429	9.7	12.4	0	68	0	0	0	0	2	0	899	8
62	2	29	4	15	14	429	9.7	12.3	0	68	0	0	4	0	2	0	899	8
62	3	29	4	15	14	430	9.7	12.3	0	68	0	0	9	0	2	0	899	8
62	4	29	4	15	14	430	9.7	12.4	0	68	0	0	14	0.03	2	0	899	8
62	5	29	4	15	14	430	9.7	12.3	0	68	0	0	19	0.03	2	0	899	8
62	6	29	4	15	14	431	9.7	12.4	0	67.9	0	1	24	0.04	2	0	899	8
62	7	29	4	15	14	431	9.7	12.4	0	67.9	0	1	28	0.04	2	0	899	8
62	8	29	4	15	14	431	9.7	12.4	0	67.8	0	1	33	0.04	2	0	899	8
62	9	29	4	15	15	431	9.7	12.4	0	67.8	0	2	38	0.04	2	0	899	8
62	10	29	4	15	15	431	9.7	12.3	0	67.8	0	2	43	0.04	2	0	899	8
62	11	29	4	15	15	432	9.7	12.4	0	67.7	0	2	48	0.04	2	0	899	8
62	12	29	4	15	15	432	9.7	12.4	0	67.7	0	2	52	0.04	2	0	899	8
62	13	29	4	15	15	432	9.7	12.4	0	67.7	0	2	57	0.04	2	0	899	8
62	14	29	4	15	15	432	9.6	12.4	0	67.7	0	3	62	0.04	2	0	899	8
63	1	29	4	15	18	431	9.7	12.6	0	66.7	0	0	0	0	2	0	899	8
63	2	29	4	15	18	432	9.7	12.6	0	66.7	0	0	4	0	2	0	898	8
63	3	29	4	15	18	433	9.8	12.7	0	66.7	0	0	9	0	2	0	899	8
63	4	29	4	15	18	434	9.7	12.6	0	66.7	0	2	14	0.17	2	0	899	8
63	5	29	4	15	18	435	9.7	12.6	0	66.7	0	3	19	0.17	2	0	899	8
63	6	29	4	15	18	436	9.8	12.7	0	66.7	0	4	24	0.17	2	0	899	8
63	7	29	4	15	19	437	9.8	12.7	0	66.7	0	5	28	0.17	2	0	899	8
63	8	29	4	15	19	438	9.8	12.7	0	66.7	0	7	33	0.18	2	0	899	8
63	9	29	4	15	19	440	9.8	12.7	0	66.7	0	8	38	0.19	2	0	898	8
63	10	29	4	15	19	441	9.8	12.7	0	66.7	0	9	43	0.19	2	0	898	8
63	11	29	4	15	19	441	9.8	12.7	0	66.7	0	11	48	0.19	2	0	899	8
63	12	29	4	15	19	442	9.8	12.8	0	66.7	0	12	52	0.19	2	0	899	8
63	13	29	4	15	19	444	9.7	12.7	0	66.6	0	13	57	0.19	2	0	899	8
63	14	29	4	15	19	445	9.7	12.7	0	66.6	0	14	62	0.19	2	0	899	8
64	1	29	4	15	20	431	9.8	12.8	0	66.3	0	0	0	0	2	0	899	8
64	2	29	4	15	20	431	9.8	12.8	0	66.3	0	0	4	0	2	0	899	8
64	3	29	4	15	20	431	9.8	12.8	0	66.3	0	0	9	0	2	0	899	8
64	4	29	4	15	20	431	9.8	12.8	0	66.3	0	0	14	0.01	2	0	899	8
64	5	29	4	15	21	431	9.8	12.8	0	66.3	0	0	19	0.01	2	0	899	8
64	6	29	4	15	21	431	9.8	12.8	0	66.3	0	0	24	0.01	2	0	899	8
64	7	29	4	15	21	431	9.8	12.8	0	66.3	0	0	28	0.01	2	0	899	8
64	8	29	4	15	21	431	9.8	12.8	0	66.3	0	0	33	0.01	2	0	899	8
64	9	29	4	15	21	431	9.8	12.8	0	66.3	0	0	38	0.01	2	0	899	8
64	10	29	4	15	21	431	9.8	12.8	0	66.3	0	0	43	0.01	2	0	899	8
64	11	29	4	15	21	431	9.8	12.8	0	66.3	0	0	48	0	2	0	899	8
64	12	29	4	15	21	431	9.7	12.8	0	66.3	0	0	52	0	2	0	899	8
64	13	29	4	15	21	431	9.7	12.8	0	66.2	0	0	57	0	2	0	899	8
64	14	29	4	15	21	431	9.7	12.8	0	66.2	0	0	62	0	2	0	899	8
65	1	29	4	15	23	429	9.6	12.9	0	64.6	0	0	0	0	2	0	899	8
65	2	29	4	15	23	430	9.6	13	0	64.4	0	0	4	0	2	0	899	8
65	3	29	4	15	23	430	9.6	12.9	0	64.5	0	0	9	0	2	0	899	8
65	4	29	4	15	23	430	9.6	13	0	64.5	0	0	14	0.05	2	0	899	8
65	5	29	4	15	23	431	9.6	13	0	64.5	0	1	19	0.07	2	0	898	8
65	6	29	4	15	23	431	9.6	13	0	64.5	0	2	24	0.07	2	0	898	8
65	7	29	4	15	23	431	9.6	13	0	64.5	0	2	28	0.06	2	0	899	8
65	8	29	4	15	23	431	9.6	13	0	64.4	0	1	33	0.05	2	0	899	8
65	9	29	4	15	24	432	9.5	12.9	0	64.4	0	2	38	0.05	2	0	898	8
65	10	29	4	15	24	432	9.5	12.9	0	64.4	0	2	43	0.05	2	0	898	8
65	11	29	4	15	24	432	9.5	12.9	0	64.3	0	2	48	0.04	2	0	899	8
65	12	29	4	15	24	433	9.6	13	0	64.3	0	2	52	0.04	2	0	898	8
65	13	29	4	15	24	432	9.6	13	0	64.3	0	3	57	0.04	2	0	899	8
65	14	29	4	15	24	432	9.6	13	0	64.3	0	3	62	0.04	2	0	899	8
66	1	29	4	15	27	446	9.8	13	0	65.5	0	0	0	0	2	0	899	8
66	2	29	4	15	27	446	9.8	13	0	65.5	0	0	4	0	2	0	899	8
66	3	29	4	15	27	447	9.8	13	0	65.5	0	0	9	0	2	0	899	8
66	4	29	4	15	27	448	9.8	13	0	65.5	0	1	14	0.08	2	0	898	8
66	5	29	4	15	27	447	9.8	13	0	65.5	0	1	19	0.06	2	0	899	8
66	6	29	4	15	27	447	9.8	13.1	0	65.5	0	1	24	0.05	2	0	899	8
66	7	29	4	15	27	448	9.8	13	0	65.5	0	2	28	0.06	2	0	898	8
66	8	29	4	15	27	449	9.8	13.1	0	65.5	0	2	33	0.06	2	0	898	8
66	9	29	4	15	27	449	9.8	13	0	65.5	0	2	38	0.06	2	0	898	8
66	10	29	4	15	27	448	9.8	13	0	65.5	0	2	43	0.05	2	0	899	8
66	11	29	4	15	27	449	9.8	13.1	0	65.5	0	3	48	0.05	2	0	899	8
66	12	29	4	15	27	449	9.8	13	0	65.5	0	3	52	0.05	2	0	899	8
66	13	29	4	15	28	450	9.8	13.1	0	65.5	0	3	57	0.05	2	0	898	8
66	14	29	4	15	28	450	9.8	13.1	0	65.5	0	3	62	0.05	2	0	899	8
68	1	29	4	15	31	428	9.9	13.2	0	65.5	0	0	0	0	2	0	898	8
68	2	29	4	15	31	427	10	13.2	0	65.8	0	0	4	0	2	0	899	8
68	3	29	4	15	31	428	10	13.2	0	65.9	0	0	9	0	2	0	899	8
68	4	29	4	15	31	428	10	13.2	0	65.9	0	0	14	0	2	1	899	8
68	5	29	4	15	31	428	10	13.2	0	65.9	0	0	19	0	2	0	899	8
68	6	29	4	15	31	428	10	13.2	0	65.9	0	0	24	0.01	2	0	899	8
68	7	29	4	15	31	428	10	13.2	0	65.9	0	0	28	0.01	2	0	899	8
68	8	29	4	15	31	428	10	13.2	0	65.9	0	0	33	0.01	2	0	899	8
68	9	29	4	15	31	428	10	13.2	0	65.9	0	0	38	0.01	2	0	899	8
68	10	29	4	15	32	428	10	13.2	0	65.9	0	0	43	0.01	2	0	899	8
68	11	29	4	15	32	429	9.9	13.2	0	65.9	0	1	48	0.01	2	0	899	8
68	12	29	4	15	32	429	9.9	13.2	0	65.9	0	1	52	0.02	2	0	899	8
68	13	29	4	15	32	429	9.8	13.2	0	65.8	0	1	57	0.02	2	0	899	8
68	14	29	4	15	32	429	9.9	13.2	0	65.8	0	1	62	0.02	2	0	899	8
69	1	29	4	15	33	437	9.8	13.3	0	64.2	0	0	0	0	2	0	899	8
69	2	29	4	15	33	437	9.8	13.3	0	64.2	0	0	4	0	2	0	899	8
69	3	29	4	15	33	438	9.8	13.3	0	64.2	0	0	9	0	2	0	899	8
69	4	29	4	15	33	438	9.7	13.3	0	64.1	0	1	14	0.08	2	0	899	8
69	5	29	4	15	33	438	9.8	13.3	0	64.1	0	1	19	0.06	2	0	899	8
69	6	29	4	15	33	438	9.8	13.4	0	64.1	0	1	24	0.05	2	0	899	8
69	7	29	4	15	33	439	9.8	13.3	0	64.2	0	1	28	0.05	2	0	899	8
69	8	29	4	15	33	439	9.8	13.3	0	64.2	0	2	33	0.05	2	0	899	8
69	9	29	4	15	33	439	9.8	13.3	0	64.2	0	2	38	0.05	2	0	899	8
69	10	29	4	15	34	439	9.7	13.3	0	64.1	0	2	43	0.04	2	0	899	8
69	11	29	4	15	34	439	9.8	13.3	0	64.1	0	2	48	0.04	2	0	899	8
69	12	29	4	15	34	440	9.8	13.3	0	64.1	0	2	52	0.04	2	0	899	8
69	13	29	4	15	34	440	9.7	13.3	0	64.1	0	3	57	0.04	2	0	899	8
69	14	29	4	15	34	440	9.7	13.3	0	64.1	0	3	62	0.04	2	0	899	8
70	1	29	4	15	35	437	9.8	13.4	0	63.7	0	0	0	0	2	0	899	8
70	2	29	4	15	35	437	9.8	13.4	0	63.8	0	0	4	0	2	0	899	8
70	3	29	4	15	35	438	9.8	13.4	0	63.9	0	0	9	0	2	0	899	8
70	4	29	4	15	35	438	9.8	13.4	0	64	0	1	14	0.06	2	0	899	8
70	5	29	4	15	35	438	9.8	13.4	0	63.9	0	1	19	0.05	2	0	899	8
70	6	29	4	15	35	438	9.8	13.4	0	63.9	0	1	24	0.04	2	0	899	8
70	7	29	4	15	35	438	9.8	13.4	0	63.9	0	1	28	0.03	2	0	899	8
70	8	29	4	15	35	438	9.8	13.4	0	63.9	0	1	33	0.03	2	0	899	8
70	9	29	4	15	35	438	9.8	13.4	0	63.8	0	1	38	0.03	2	0	899	8
70	10	29	4	15	35	438	9.7	13.4	0	63.8	0	1	43	0.02	2	0	899	8
70	11	29	4	15	36	438	9.7	13.4	0	63.7	0	1	48	0.02	2	0	899	8
70	12	29	4	15	36	439	9.8	13.5	0	63.7	0	1	52	0.02	2	0	899	8
70	13	29	4	15	36	439	9.6	13.4	0	63.7	0	1	57	0.02	2	0	899	8
70	14	29	4	15	36	439	9.8	13.5	0	63.6	0	1	62	0.02	2	0	899	8
71	1	29	4	15	37	426	9.7	13.5	0	62.8	0	0	0	0	2	0	899	8
71	2	29	4	15	37	427	9.7	13.5	0	63	0	0	4	0	2	0	899	8
71	3	29	4	15	37	427	9.7	13.5	0	62.9	0	0	9	0	2	0	899	8
71	4	29	4	15	37	427	9.7	13.5	0	62.9	0	0	14	0.05	2	0	899	8
71	5	29	4	15	37	428	9.7	13.5	0	62.9	0	1	19	0.05	2	0	899	8
71	6	29	4	15	37	428	9.7	13.5	0	62.9	0	1	24	0.05	2	0	899	8
71	7	29	4	15	37	428	9.7	13.5	0	62.9	0	1	28	0.05	2	0	899	8
71	8	29	4	15	37	428	9.7	13.5	0	62.9	0	2	33	0.05	2	0	899	8
71	9	29	4	15	37	429	9.8	13.5	0	62.9	0	2	38	0.05	2	0	899	8
71	10	29	4	15	37	429	9.8	13.5	0	63	0	2	43	0.05	2	0	899	8
71	11	29	4	15	37	429	9.8	13.5	0	63	0	2	48	0.05	2	0	899	8
71	12	29	4	15	38	430	9.8	13.6	0	63	0	3	52	0.05	2	0	899	8
71	13	29	4	15	38	430	9.8	13.5	0	63	0	3	57	0.05	2	0	899	8
71	14	29	4	15	38	430	9.8	13.6	0	63.1	0	3	62	0.05	2	0	899	8
72	1	29	4	15	40	432	9.9	13.6	0	63.8	0	0	0	0	2	0	899	8
72	2	29	4	15	40	432	9.9	13.6	0	63.8	0	0	4	0	2	0	899	8
72	3	29	4	15	40	433	9.9	13.6	0	63.8	0	0	9	0	2	0	899	8
72	4	29	4	15	40	434	9.9	13.6	0	63.8	0	1	14	0.11	2	0	899	8
72	5	29	4	15	40	434	9.9	13.6	0	63.8	0	2	19	0.11	2	0	899	8
72	6	29	4	15	40	435	9.9	13.6	0	63.8	0	2	24	0.1	2	0	899	8
72	7	29	4	15	40	435	10	13.6	0	63.8	0	3	28	0.1	2	0	899	8
72	8	29	4	15	40	436	9.9	13.6	0	63.8	0	4	33	0.1	2	0	899	8
72	9	29	4	15	40	437	9.9	13.6	0	63.8	0	4	38	0.1	2	0	899	8
72	10	29	4	15	40	437	9.9	13.6	0	63.8	0	5	43	0.1	2	0	899	8
72	11	29	4	15	40	438	9.9	13.6	0	63.8	0	5	48	0.1	2	0	899	8
72	12	29	4	15	40	438	9.9	13.6	0	63.8	0	6	52	0.1	2	0	899	8
72	13	29	4	15	41	438	9.9	13.6	0	63.8	0	6	57	0.09	2	0	899	8
72	14	29	4	15	41	439	9.9	13.6	0	63.8	0	7	62	0.09	2	0	899	8
73	1	29	4	15	43	427	9.5	13.7	0	60.6	0	0	0	0	2	0	899	8
73	2	29	4	15	43	427	9.5	13.7	0	60.6	0	0	4	0	2	0	899	8
73	3	29	4	15	43	427	9.5	13.7	0	60.6	0	0	9	0	2	0	899	8
73	4	29	4	15	43	428	9.5	13.7	0	60.6	0	0	14	0.05	2	0	898	8
73	5	29	4	15	43	427	9.5	13.7	0	60.6	0	0	19	0.01	2	0	899	8
73	6	29	4	15	43	427	9.5	13.8	0	60.5	0	0	24	0.01	2	0	899	8
73	7	29	4	15	43	427	9.4	13.8	0	60.5	0	0	28	0.01	2	0	899	8
73	8	29	4	15	43	428	9.4	13.8	0	60.4	0	0	33	0.01	2	0	898	8
73	9	29	4	15	43	427	9.3	13.7	0	60.3	0	0	38	0	2	0	899	8
73	10	29	4	15	43	427	9.4	13.8	0	60.2	0	0	43	0	2	0	899	8
73	11	29	4	15	43	427	9.4	13.8	0	60.2	0	0	48	0	2	0	898	8
73	12	29	4	15	43	427	9.4	13.8	0	60.1	0	0	52	0	2	0	899	8
73	13	29	4	15	44	427	9.3	13.7	0	60.1	0	0	57	0	2	0	899	8
73	14	29	4	15	44	427	9.4	13.8	0	60	0	0	62	0	2	1	899	8
74	1	29	4	15	45	426	9.4	13.8	0	60.1	0	0	0	0	2	0	899	8
74	2	29	4	15	45	426	9.4	13.7	0	60.1	0	0	4	0	2	0	899	8
74	3	29	4	15	45	426	9.4	13.7	0	60	0	0	9	0	2	0	899	8
74	4	29	4	15	45	426	9.4	13.8	0	59.9	0	0	14	0	2	0	899	8
74	5	29	4	15	45	426	9.3	13.7	0	59.9	0	0	19	0	2	0	899	8
74	6	29	4	15	45	426	9.3	13.7	0	59.8	0	0	24	0	2	0	899	8
74	7	29	4	15	45	426	9.3	13.7	0	59.8	0	0	28	0	2	0	899	8
74	8	29	4	15	45	426	9.3	13.7	0	59.8	0	0	33	0	2	0	899	8
74	9	29	4	15	45	427	9.3	13.7	0	59.8	0	0	38	0	2	0	899	8
74	10	29	4	15	45	427	9.3	13.7	0	59.7	0	0	43	0	2	0	899	8
74	11	29	4	15	45	427	9.3	13.7	0	59.7	0	0	48	0	2	0	899	8
74	12	29	4	15	46	427	9.3	13.7	0	59.7	0	0	52	0	2	0	899	8
74	13	29	4	15	46	427	9.3	13.7	0	59.7	0	0	57	0	2	0	899	8
74	14	29	4	15	46	427	9.3	13.6	0	59.7	0	0	62	0	2	0	899	8
75	1	29	4	15	47	423	9.4	13.6	0	60.1	0	0	0	0	2	0	899	8
75	2	29	4	15	47	424	9.4	13.6	0	60.1	0	0	4	0	2	0	898	8
75	3	29	4	15	47	424	9.4	13.6	0	60.2	0	0	9	0	2	0	899	8
75	4	29	4	15	47	425	9.4	13.6	0	60.2	0	1	14	0.08	2	0	899	8
75	5	29	4	15	47	425	9.4	13.6	0	60.3	0	1	19	0.08	2	0	899	8
75	6	29	4	15	47	426	9.5	13.7	0	60.4	0	2	24	0.08	2	0	899	8
75	7	29	4	15	47	427	9.5	13.6	0	60.5	0	2	28	0.09	2	0	899	8
75	8	29	4	15	47	427	9.4	13.6	0	60.5	0	3	33	0.09	2	0	899	8
75	9	29	4	15	47	428	9.5	13.6	0	60.6	0	4	38	0.09	2	0	899	8
75	10	29	4	15	47	429	9.5	13.6	0	60.6	0	5	43	0.1	2	0	899	8
75	11	29	4	15	47	429	9.5	13.6	0	60.7	0	5	48	0.1	2	0	899	8
75	12	29	4	15	47	430	9.6	13.6	0	60.7	0	6	52	0.1	2	0	899	8
75	13	29	4	15	47	430	9.5	13.7	0	60.8	0	6	57	0.1	2	0	899	8
75	14	29	4	15	48	431	9.6	13.7	0	60.8	0	7	62	0.1	2	0	899	8
76	1	29	4	15	49	425	9.7	13.7	0	62	0	0	0	0	2	0	899	8
76	2	29	4	15	49	425	9.6	13.6	0	62	0	0	4	0	2	0	899	8
76	3	29	4	15	49	425	9.7	13.7	0	62	0	0	9	0	2	0	899	8
76	4	29	4	15	49	426	9.6	13.7	0	61.8	0	1	14	0.06	2	0	898	8
76	5	29	4	15	49	425	9.6	13.7	0	61.7	0	1	19	0.04	2	0	899	8
76	6	29	4	15	49	425	9.6	13.7	0	61.7	0	0	24	0.03	2	0	899	8
76	7	29	4	15	49	426	9.6	13.7	0	61.6	0	0	28	0.02	2	0	899	8
76	8	29	4	15	50	426	9.5	13.7	0	61.5	0	1	33	0.02	2	0	899	8
76	9	29	4	15	50	426	9.6	13.7	0	61.5	0	1	38	0.02	2	0	899	8
76	10	29	4	15	50	426	9.6	13.7	0	61.4	0	1	43	0.02	2	0	899	8
76	11	29	4	15	50	426	9.5	13.7	0	61.3	0	1	48	0.02	2	0	899	8
76	12	29	4	15	50	426	9.5	13.7	0	61.2	0	1	52	0.02	2	0	899	8
76	13	29	4	15	50	427	9.5	13.7	0	61.2	0	1	57	0.02	2	0	899	8
76	14	29	4	15	50	427	9.5	13.7	0	61.1	0	1	62	0.02	2	0	899	8
77	1	29	4	15	51	422	9.5	13.8	0	60.6	0	0	0	0	2	0	899	8
77	2	29	4	15	51	423	9.5	13.8	0	60.6	0	0	4	0	2	0	899	8
77	3	29	4	15	51	424	9.5	13.8	0	60.5	0	0	9	0	2	0	899	8
77	4	29	4	15	51	425	9.5	13.8	0	60.4	0	2	14	0.13	2	0	899	8
77	5	29	4	15	51	425	9.4	13.8	0	60.3	0	2	19	0.12	2	0	899	8
77	6	29	4	15	52	426	9.5	13.8	0	60.3	0	3	24	0.11	2	0	899	8
77	7	29	4	15	52	427	9.5	13.8	0	60.3	0	4	28	0.12	2	0	899	8
77	8	29	4	15	52	427	9.5	13.8	0	60.3	0	4	33	0.11	2	0	899	8
77	9	29	4	15	52	428	9.5	13.8	0	60.4	0	5	38	0.11	2	0	899	8
77	10	29	4	15	52	428	9.5	13.8	0	60.4	0	5	43	0.11	2	0	899	8
77	11	29	4	15	52	429	9.5	13.8	0	60.4	0	6	48	0.11	2	0	899	8
77	12	29	4	15	52	430	9.6	13.8	0	60.4	0	6	52	0.11	2	0	899	8
77	13	29	4	15	52	430	9.6	13.8	0	60.4	0	7	57	0.11	2	0	899	8
77	14	29	4	15	52	431	9.5	13.8	0	60.5	0	8	62	0.11	2	0	899	8
78	1	29	4	15	53	423	9.6	13.8	0	60.6	0	0	0	0	2	0	899	8
78	2	29	4	15	53	424	9.6	13.8	0	60.6	0	0	4	0	2	0	899	8
78	3	29	4	15	53	424	9.6	13.9	0	60.6	0	0	9	0	2	0	899	8
78	4	29	4	15	53	425	9.6	13.9	0	60.6	0	1	14	0.09	2	0	899	8
78	5	29	4	15	53	425	9.6	13.8	0	60.6	0	1	19	0.07	2	0	899	8
78	6	29	4	15	54	426	9.6	13.9	0	60.6	0	2	24	0.07	2	0	899	8
78	7	29	4	15	54	426	9.6	13.9	0	60.6	0	2	28	0.08	2	0	899	8
78	8	29	4	15	54	427	9.6	13.8	0	60.6	0	3	33	0.08	2	0	899	8
78	9	29	4	15	54	428	9.6	13.9	0	60.6	0	3	38	0.08	2	0	899	8
78	10	29	4	15	54	428	9.6	13.9	0	60.6	0	4	43	0.08	2	0	899	8
78	11	29	4	15	54	428	9.6	13.9	0	60.6	0	4	48	0.08	2	0	899	8
78	12	29	4	15	54	429	9.6	13.9	0	60.6	0	5	52	0.08	2	0	899	8
78	13	29	4	15	54	429	9.6	13.9	0	60.6	0	5	57	0.08	2	0	899	8
78	14	29	4	15	54	430	9.6	13.9	0	60.6	0	6	62	0.08	2	0	899	8
79	1	29	4	15	56	495	9.5	13.9	0	60.1	0	0	0	0	2	0	898	8
79	2	29	4	15	57	496	9.5	13.9	0	60.1	0	0	4	0	2	0	899	8
79	3	29	4	15	57	499	9.5	13.9	0	60.1	0	0	9	0	2	0	899	8
79	4	29	4	15	57	503	9.5	13.9	0	60.1	0	8	14	0.5	2	0	898	8
79	5	29	4	15	57	504	9.5	13.9	0	60.1	0	10	19	0.46	2	0	899	8
79	6	29	4	15	57	505	9.5	13.9	0	60.1	0	11	24	0.4	2	0	899	8
79	7	29	4	15	57	507	9.5	13.9	0	60.1	0	12	28	0.37	2	0	899	8
79	8	29	4	15	57	512	9.5	13.9	0	60.1	0	16	33	0.4	2	0	898	8
79	9	29	4	15	57	513	9.5	13.9	0	60.1	0	18	38	0.4	2	0	899	8
79	10	29	4	15	57	514	9.5	13.9	0	60.1	0	19	43	0.39	2	0	899	8
79	11	29	4	15	57	516	9.4	13.9	0	60	0	21	48	0.38	2	0	898	8
79	12	29	4	15	57	518	9.4	13.9	0	60	0	23	52	0.38	2	0	898	8
79	13	29	4	15	57	521	9.4	13.9	0	60	0	26	57	0.38	2	0	898	8
79	14	29	4	15	57	523	9.5	13.9	0	60	0	28	62	0.38	2	0	899	8
80	1	29	4	15	58	453	9.6	13.9	0	60.6	0	0	0	0	2	0	899	8
80	2	29	4	15	58	454	9.6	13.9	0	60.4	0	0	4	0	2	0	899	8
80	3	29	4	15	59	454	9.6	13.9	0	60.4	0	0	9	0	2	0	899	8
80	4	29	4	15	59	455	9.6	13.9	0	60.5	0	1	14	0.1	2	0	899	8
80	5	29	4	15	59	456	9.6	13.9	0	60.5	0	2	19	0.1	2	0	899	8
80	6	29	4	15	59	457	9.6	13.9	0	60.5	0	3	24	0.11	2	0	899	8
80	7	29	4	15	59	458	9.6	13.8	0	60.5	0	4	28	0.12	2	0	899	8
80	8	29	4	15	59	459	9.6	13.9	0	60.5	0	5	33	0.14	2	0	898	8
80	9	29	4	15	59	460	9.6	13.9	0	60.5	0	7	38	0.15	2	0	898	8
80	10	29	4	15	59	461	9.5	13.9	0	60.5	0	8	43	0.16	2	0	898	8
80	11	29	4	15	59	461	9.5	13.9	0	60.5	0	8	48	0.15	2	0	899	8
80	12	29	4	15	59	462	9.5	13.9	0	60.5	0	9	52	0.15	2	0	899	8
80	13	29	4	15	59	463	9.5	13.9	0	60.4	0	10	57	0.15	2	0	899	8
80	14	29	4	15	59	463	9.5	13.9	0	60.4	0	10	62	0.15	2	0	899	8
81	1	29	4	16	0	431	9.5	13.8	0	60.1	0	0	0	0	2	0	899	8
81	2	29	4	16	0	431	9.5	13.8	0	60	0	0	4	0	2	0	899	8
81	3	29	4	16	0	431	9.4	13.8	0	59.9	0	0	9	0	2	0	898	8
81	4	29	4	16	1	431	9.4	13.8	0	59.8	0	0	14	0.04	2	0	898	8
81	5	29	4	16	1	431	9.4	13.8	0	59.8	0	0	19	0.02	2	0	899	8
81	6	29	4	16	1	432	9.5	13.8	0	59.8	0	0	24	0.02	2	0	898	8
81	7	29	4	16	1	431	9.4	13.8	0	59.8	0	0	28	0.01	2	0	899	8
81	8	29	4	16	1	432	9.4	13.8	0	59.8	0	0	33	0.01	2	0	898	8
81	9	29	4	16	1	432	9.4	13.8	0	59.8	0	0	38	0.02	2	0	898	8
81	10	29	4	16	1	432	9.4	13.8	0	59.8	0	1	43	0.02	2	0	898	8
81	11	29	4	16	1	432	9.3	13.7	0	59.7	0	1	48	0.02	2	0	898	8
81	12	29	4	16	1	431	9.4	13.8	0	59.7	0	1	52	0.01	2	0	899	8
81	13	29	4	16	1	432	9.4	13.8	0	59.7	0	1	57	0.01	2	0	899	8
81	14	29	4	16	1	432	9.4	13.8	0	59.7	0	1	62	0.01	2	0	899	8
82	1	29	4	16	3	424	9.4	13.7	0	60.1	0	0	0	0	2	0	899	8
82	2	29	4	16	3	425	9.4	13.7	0	60.1	0	0	4	0	2	0	899	8
82	3	29	4	16	3	427	9.4	13.8	0	60.1	0	0	9	0	2	0	898	8
82	4	29	4	16	3	427	9.5	13.7	0	60.2	0	2	14	0.16	2	0	899	8
82	5	29	4	16	3	428	9.4	13.7	0	60.2	0	3	19	0.16	2	0	899	8
82	6	29	4	16	3	429	9.5	13.7	0	60.2	0	4	24	0.16	2	0	899	8
82	7	29	4	16	3	430	9.5	13.7	0	60.3	0	5	28	0.16	2	0	899	8
82	8	29	4	16	3	431	9.5	13.7	0	60.3	0	6	33	0.16	2	0	899	8
82	9	29	4	16	3	432	9.5	13.7	0	60.4	0	7	38	0.16	2	0	899	8
82	10	29	4	16	3	433	9.5	13.7	0	60.4	0	8	43	0.16	2	0	899	8
82	11	29	4	16	3	434	9.6	13.7	0	60.5	0	9	48	0.17	2	0	899	8
82	12	29	4	16	4	435	9.6	13.7	0	60.5	0	10	52	0.17	2	0	899	8
82	13	29	4	16	4	436	9.6	13.7	0	60.6	0	11	57	0.17	2	0	899	8
82	14	29	4	16	4	437	9.6	13.7	0	60.6	0	12	62	0.17	2	0	899	8
83	1	29	4	16	5	431	9.7	13.8	0	61.5	0	0	0	0	2	0	898	8
83	2	29	4	16	5	431	9.7	13.8	0	61.5	0	0	4	0	2	0	899	8
83	3	29	4	16	5	432	9.7	13.8	0	61.5	0	0	9	0	2	0	899	8
83	4	29	4	16	5	432	9.6	13.7	0	61.5	0	0	14	0.05	2	0	899	8
83	5	29	4	16	5	433	9.6	13.7	0	61.5	0	1	19	0.06	2	0	899	8
83	6	29	4	16	5	433	9.6	13.7	0	61.5	0	2	24	0.07	2	0	899	8
83	7	29	4	16	5	434	9.7	13.8	0	61.5	0	2	28	0.07	2	0	899	8
83	8	29	4	16	5	435	9.7	13.8	0	61.5	0	3	33	0.08	2	0	898	8
83	9	29	4	16	5	435	9.6	13.7	0	61.5	0	3	38	0.08	2	0	899	8
83	10	29	4	16	5	435	9.6	13.7	0	61.5	0	4	43	0.08	2	0	899	8
83	11	29	4	16	5	436	9.6	13.7	0	61.5	0	5	48	0.09	2	0	898	8
83	12	29	4	16	6	437	9.6	13.7	0	61.5	0	5	52	0.09	2	0	898	8
83	13	29	4	16	6	437	9.6	13.7	0	61.5	0	6	57	0.09	2	0	899	8
83	14	29	4	16	6	438	9.6	13.7	0	61.5	0	6	62	0.09	2	0	898	8
84	1	29	4	16	7	426	9.7	13.8	0	61.5	0	0	0	0	2	0	898	8
84	2	29	4	16	7	426	9.7	13.8	0	61.5	0	0	4	0	2	0	898	8
84	3	29	4	16	7	425	9.6	13.7	0	61.5	0	0	9	0	2	0	899	8
84	4	29	4	16	7	425	9.7	13.8	0	61.5	0	0	14	-0.03	2	1	899	8
84	5	29	4	16	7	426	9.6	13.8	0	61.5	0	0	19	-0.01	2	1	899	8
84	6	29	4	16	7	425	9.6	13.8	0	61.5	0	0	24	-0.01	2	1	899	8
84	7	29	4	16	7	426	9.6	13.8	0	61.4	0	0	28	-0.01	2	1	899	8
84	8	29	4	16	7	425	9.6	13.8	0	61.4	0	0	33	0	2	1	899	8
84	9	29	4	16	7	426	9.7	13.8	0	61.4	0	0	38	0	2	1	899	8
84	10	29	4	16	7	426	9.7	13.8	0	61.4	0	0	43	0	2	1	899	8
84	11	29	4	16	7	426	9.7	13.8	0	61.4	0	0	48	0	2	1	899	8
84	12	29	4	16	8	426	9.7	13.8	0	61.4	0	0	52	0	2	0	898	8
84	13	29	4	16	8	426	9.7	13.8	0	61.4	0	0	57	0	2	0	899	8
84	14	29	4	16	8	427	9.7	13.8	0	61.4	0	0	62	0	2	0	898	8
86	1	29	4	16	9	433	9.5	13.8	0	60.6	0	0	0	0	2	0	898	8
86	2	29	4	16	9	433	9.5	13.8	0	60.7	0	0	4	0	2	0	899	8
86	3	29	4	16	9	433	9.6	13.8	0	60.7	0	0	9	0	2	0	898	8
86	4	29	4	16	9	433	9.6	13.8	0	60.7	0	0	14	-0.02	2	1	899	8
86	5	29	4	16	10	433	9.7	13.9	0	60.8	0	0	19	-0.01	2	1	899	8
86	6	29	4	16	10	433	9.6	13.8	0	60.9	0	0	24	-0.01	2	1	899	8
86	7	29	4	16	10	433	9.6	13.8	0	60.9	0	0	28	0	2	1	899	8
86	8	29	4	16	10	433	9.6	13.8	0	60.9	0	0	33	0	2	1	899	8
86	9	29	4	16	10	434	9.7	13.8	0	61	0	0	38	0	2	0	898	8
86	10	29	4	16	10	433	9.7	13.8	0	61.1	0	0	43	0	2	0	899	8
86	11	29	4	16	10	434	9.7	13.8	0	61.1	0	0	48	0	2	0	898	8
86	12	29	4	16	10	434	9.7	13.8	0	61.1	0	0	52	0.01	2	0	898	8
86	13	29	4	16	10	434	9.8	13.8	0	61.2	0	0	57	0.01	2	0	898	8
86	14	29	4	16	10	433	9.8	13.8	0	61.3	0	0	62	0.01	2	0	899	8
87	1	29	4	16	11	426	9.7	13.9	0	61.5	0	0	0	0	2	0	898	8
87	2	29	4	16	11	426	9.7	13.8	0	61.5	0	0	4	0	2	0	899	8
87	3	29	4	16	12	427	9.7	13.8	0	61.5	0	0	9	0	2	0	899	8
87	4	29	4	16	12	427	9.7	13.9	0	61.5	0	0	14	0.03	2	0	899	8
87	5	29	4	16	12	427	9.7	13.8	0	61.5	0	1	19	0.04	2	0	899	8
87	6	29	4	16	12	427	9.7	13.8	0	61.5	0	1	24	0.04	2	0	899	8
87	7	29	4	16	12	429	9.7	13.9	0	61.5	0	2	28	0.06	2	0	898	8
87	8	29	4	16	12	429	9.7	13.9	0	61.4	0	2	33	0.07	2	0	898	8
87	9	29	4	16	12	430	9.7	13.9	0	61.4	0	3	38	0.07	2	0	898	8
87	10	29	4	16	12	430	9.7	13.9	0	61.4	0	3	43	0.07	2	0	898	8
87	11	29	4	16	12	430	9.6	13.9	0	61.3	0	4	48	0.07	2	0	899	8
87	12	29	4	16	12	430	9.6	13.8	0	61.2	0	4	52	0.07	2	0	898	8
87	13	29	4	16	12	431	9.5	13.9	0	61.2	0	5	57	0.07	2	0	898	8
87	14	29	4	16	12	431	9.5	13.9	0	61.1	0	5	62	0.07	2	0	898	8
88	1	29	4	16	13	428	9.5	13.8	0	60.6	0	0	0	0	2	0	898	8
88	2	29	4	16	13	427	9.5	13.7	0	60.6	0	0	4	0	2	0	899	8
88	3	29	4	16	13	427	9.5	13.7	0	60.6	0	0	9	0	2	0	898	8
88	4	29	4	16	13	428	9.4	13.6	0	60.6	0	0	14	0	2	0	898	8
88	5	29	4	16	14	427	9.4	13.6	0	60.6	0	0	19	0	2	0	898	8
88	6	29	4	16	14	428	9.4	13.6	0	60.5	0	0	24	0	2	0	898	8
88	7	29	4	16	14	427	9.4	13.6	0	60.5	0	0	28	0	2	1	899	8
88	8	29	4	16	14	428	9.4	13.6	0	60.4	0	0	33	0	2	1	898	8
88	9	29	4	16	14	427	9.3	13.6	0	60.4	0	0	38	0	2	1	899	8
88	10	29	4	16	14	427	9.3	13.6	0	60.4	0	0	43	0	2	1	899	8
88	11	29	4	16	14	427	9.3	13.6	0	60.4	0	0	48	0	2	1	899	8
88	12	29	4	16	14	428	9.3	13.6	0	60.3	0	0	52	0	2	0	898	8
88	13	29	4	16	14	427	9.3	13.6	0	60.3	0	0	57	0	2	0	899	8
88	14	29	4	16	14	428	9.3	13.5	0	60.3	0	0	62	0	2	0	898	8
90	1	29	4	16	17	424	9.2	13.4	0	60.1	0	0	0	0	2	0	898	8
90	2	29	4	16	17	425	9.2	13.4	0	60.2	0	0	4	0	2	0	898	8
90	3	29	4	16	17	425	9.2	13.4	0	60.2	0	0	9	0	2	0	898	8
90	4	29	4	16	17	426	9.2	13.4	0	60.2	0	1	14	0.1	2	0	898	8
90	5	29	4	16	17	426	9.3	13.4	0	60.2	0	1	19	0.08	2	0	899	8
90	6	29	4	16	17	427	9.2	13.4	0	60.2	0	2	24	0.09	2	0	898	8
90	7	29	4	16	17	427	9.2	13.4	0	60.2	0	3	28	0.09	2	0	898	8
90	8	29	4	16	18	427	9.2	13.4	0	60.2	0	3	33	0.09	2	0	899	8
90	9	29	4	16	18	429	9.2	13.4	0	60.2	0	4	38	0.1	2	0	898	8
90	10	29	4	16	18	430	9.2	13.4	0	60.1	0	5	43	0.1	2	0	898	8
90	11	29	4	16	18	430	9.2	13.4	0	60.1	0	6	48	0.11	2	0	898	8
90	12	29	4	16	18	430	9.2	13.4	0	60.1	0	6	52	0.1	2	0	899	8
90	13	29	4	16	18	431	9.2	13.4	0	60.1	0	7	57	0.1	2	0	899	8
90	14	29	4	16	18	432	9.2	13.4	0	60.1	0	7	62	0.1	2	0	898	8
