;EGM-4 Data
;SoftwareVersion=1.05
;Plot	RecNo	Day	Month	Hour	Min	CO2 Ref	mb Ref	mbR Temp	Input A	Input B	Input C	Input D	Input E	Input F	Input G	Input H	ATMP	Probe Type
61	0001	29	04	15	11	00427	09.7	+12.0	0000	069.7	000.0	0000	0000	+00.00	00	00	0899	08
61	0002	29	04	15	11	00427	09.7	+12.0	0000	069.7	000.0	0000	0004	+00.00	00	00	0899	08
61	0003	29	04	15	11	00427	09.7	+12.0	0000	069.5	000.0	0000	0009	+00.00	00	00	0899	08
61	0004	29	04	15	11	00427	09.7	+12.0	0000	069.5	000.0	0000	0014	+00.02	02	00	0899	08
61	0005	29	04	15	11	00427	09.7	+12.0	0000	069.4	000.0	0000	0019	+00.01	02	00	0899	08
61	0006	29	04	15	11	00428	09.7	+12.0	0000	069.4	000.0	0000	0024	+00.02	02	00	0899	08
61	0007	29	04	15	11	00428	09.6	+12.0	0000	069.3	000.0	0000	0028	+00.02	02	00	0899	08
61	0008	29	04	15	11	00428	09.6	+12.0	0000	069.2	000.0	0000	0033	+00.02	02	00	0899	08
61	0009	29	04	15	11	00428	09.7	+12.1	0000	069.2	000.0	0001	0038	+00.02	02	00	0899	08
61	0010	29	04	15	11	00428	09.7	+12.1	0000	069.2	000.0	0001	0043	+00.02	02	00	0899	08
61	0011	29	04	15	12	00428	09.7	+12.1	0000	069.1	000.0	0001	0048	+00.02	02	00	0899	08
61	0012	29	04	15	12	00428	09.7	+12.1	0000	069.1	000.0	0001	0052	+00.02	02	00	0899	08
61	0013	29	04	15	12	00428	09.7	+12.0	0000	069.1	000.0	0001	0057	+00.02	02	00	0899	08
61	0014	29	04	15	12	00428	09.6	+12.1	0000	069.0	000.0	0001	0062	+00.02	02	00	0899	08
62	0001	29	04	15	14	00429	09.7	+12.4	0000	068.0	000.0	0000	0000	+00.00	02	00	0899	08
62	0002	29	04	15	14	00429	09.7	+12.3	0000	068.0	000.0	0000	0004	+00.00	02	00	0899	08
62	0003	29	04	15	14	00430	09.7	+12.3	0000	068.0	000.0	0000	0009	+00.00	02	00	0899	08
62	0004	29	04	15	14	00430	09.7	+12.4	0000	068.0	000.0	0000	0014	+00.03	02	00	0899	08
62	0005	29	04	15	14	00430	09.7	+12.3	0000	068.0	000.0	0000	0019	+00.03	02	00	0899	08
62	0006	29	04	15	14	00431	09.7	+12.4	0000	067.9	000.0	0001	0024	+00.04	02	00	0899	08
62	0007	29	04	15	14	00431	09.7	+12.4	0000	067.9	000.0	0001	0028	+00.04	02	00	0899	08
62	0008	29	04	15	14	00431	09.7	+12.4	0000	067.8	000.0	0001	0033	+00.04	02	00	0899	08
62	0009	29	04	15	15	00431	09.7	+12.4	0000	067.8	000.0	0002	0038	+00.04	02	00	0899	08
62	0010	29	04	15	15	00431	09.7	+12.3	0000	067.8	000.0	0002	0043	+00.04	02	00	0899	08
62	0011	29	04	15	15	00432	09.7	+12.4	0000	067.7	000.0	0002	0048	+00.04	02	00	0899	08
62	0012	29	04	15	15	00432	09.7	+12.4	0000	067.7	000.0	0002	0052	+00.04	02	00	0899	08
62	0013	29	04	15	15	00432	09.7	+12.4	0000	067.7	000.0	0002	0057	+00.04	02	00	0899	08
62	0014	29	04	15	15	00432	09.6	+12.4	0000	067.7	000.0	0003	0062	+00.04	02	00	0899	08
63	0001	29	04	15	18	00431	09.7	+12.6	0000	066.7	000.0	0000	0000	+00.00	02	00	0899	08
63	0002	29	04	15	18	00432	09.7	+12.6	0000	066.7	000.0	0000	0004	+00.00	02	00	0898	08
63	0003	29	04	15	18	00433	09.8	+12.7	0000	066.7	000.0	0000	0009	+00.00	02	00	0899	08
63	0004	29	04	15	18	00434	09.7	+12.6	0000	066.7	000.0	0002	0014	+00.17	02	00	0899	08
63	0005	29	04	15	18	00435	09.7	+12.6	0000	066.7	000.0	0003	0019	+00.17	02	00	0899	08
63	0006	29	04	15	18	00436	09.8	+12.7	0000	066.7	000.0	0004	0024	+00.17	02	00	0899	08
63	0007	29	04	15	19	00437	09.8	+12.7	0000	066.7	000.0	0005	0028	+00.17	02	00	0899	08
63	0008	29	04	15	19	00438	09.8	+12.7	0000	066.7	000.0	0007	0033	+00.18	02	00	0899	08
63	0009	29	04	15	19	00440	09.8	+12.7	0000	066.7	000.0	0008	0038	+00.19	02	00	0898	08
63	0010	29	04	15	19	00441	09.8	+12.7	0000	066.7	000.0	0009	0043	+00.19	02	00	0898	08
63	0011	29	04	15	19	00441	09.8	+12.7	0000	066.7	000.0	0011	0048	+00.19	02	00	0899	08
63	0012	29	04	15	19	00442	09.8	+12.8	0000	066.7	000.0	0012	0052	+00.19	02	00	0899	08
63	0013	29	04	15	19	00444	09.7	+12.7	0000	066.6	000.0	0013	0057	+00.19	02	00	0899	08
63	0014	29	04	15	19	00445	09.7	+12.7	0000	066.6	000.0	0014	0062	+00.19	02	00	0899	08
64	0001	29	04	15	20	00431	09.8	+12.8	0000	066.3	000.0	0000	0000	+00.00	02	00	0899	08
64	0002	29	04	15	20	00431	09.8	+12.8	0000	066.3	000.0	0000	0004	+00.00	02	00	0899	08
64	0003	29	04	15	20	00431	09.8	+12.8	0000	066.3	000.0	0000	0009	+00.00	02	00	0899	08
64	0004	29	04	15	20	00431	09.8	+12.8	0000	066.3	000.0	0000	0014	+00.01	02	00	0899	08
64	0005	29	04	15	21	00431	09.8	+12.8	0000	066.3	000.0	0000	0019	+00.01	02	00	0899	08
64	0006	29	04	15	21	00431	09.8	+12.8	0000	066.3	000.0	0000	0024	+00.01	02	00	0899	08
64	0007	29	04	15	21	00431	09.8	+12.8	0000	066.3	000.0	0000	0028	+00.01	02	00	0899	08
64	0008	29	04	15	21	00431	09.8	+12.8	0000	066.3	000.0	0000	0033	+00.01	02	00	0899	08
64	0009	29	04	15	21	00431	09.8	+12.8	0000	066.3	000.0	0000	0038	+00.01	02	00	0899	08
64	0010	29	04	15	21	00431	09.8	+12.8	0000	066.3	000.0	0000	0043	+00.01	02	00	0899	08
64	0011	29	04	15	21	00431	09.8	+12.8	0000	066.3	000.0	0000	0048	+00.00	02	00	0899	08
64	0012	29	04	15	21	00431	09.7	+12.8	0000	066.3	000.0	0000	0052	+00.00	02	00	0899	08
64	0013	29	04	15	21	00431	09.7	+12.8	0000	066.2	000.0	0000	0057	+00.00	02	00	0899	08
64	0014	29	04	15	21	00431	09.7	+12.8	0000	066.2	000.0	0000	0062	+00.00	02	00	0899	08
65	0001	29	04	15	23	00429	09.6	+12.9	0000	064.6	000.0	0000	0000	+00.00	02	00	0899	08
65	0002	29	04	15	23	00430	09.6	+13.0	0000	064.4	000.0	0000	0004	+00.00	02	00	0899	08
65	0003	29	04	15	23	00430	09.6	+12.9	0000	064.5	000.0	0000	0009	+00.00	02	00	0899	08
65	0004	29	04	15	23	00430	09.6	+13.0	0000	064.5	000.0	0000	0014	+00.05	02	00	0899	08
65	0005	29	04	15	23	00431	09.6	+13.0	0000	064.5	000.0	0001	0019	+00.07	02	00	0898	08
65	0006	29	04	15	23	00431	09.6	+13.0	0000	064.5	000.0	0002	0024	+00.07	02	00	0898	08
65	0007	29	04	15	23	00431	09.6	+13.0	0000	064.5	000.0	0002	0028	+00.06	02	00	0899	08
65	0008	29	04	15	23	00431	09.6	+13.0	0000	064.4	000.0	0001	0033	+00.05	02	00	0899	08
65	0009	29	04	15	24	00432	09.5	+12.9	0000	064.4	000.0	0002	0038	+00.05	02	00	0898	08
65	0010	29	04	15	24	00432	09.5	+12.9	0000	064.4	000.0	0002	0043	+00.05	02	00	0898	08
65	0011	29	04	15	24	00432	09.5	+12.9	0000	064.3	000.0	0002	0048	+00.04	02	00	0899	08
65	0012	29	04	15	24	00433	09.6	+13.0	0000	064.3	000.0	0002	0052	+00.04	02	00	0898	08
65	0013	29	04	15	24	00432	09.6	+13.0	0000	064.3	000.0	0003	0057	+00.04	02	00	0899	08
65	0014	29	04	15	24	00432	09.6	+13.0	0000	064.3	000.0	0003	0062	+00.04	02	00	0899	08
66	0001	29	04	15	27	00446	09.8	+13.0	0000	065.5	000.0	0000	0000	+00.00	02	00	0899	08
66	0002	29	04	15	27	00446	09.8	+13.0	0000	065.5	000.0	0000	0004	+00.00	02	00	0899	08
66	0003	29	04	15	27	00447	09.8	+13.0	0000	065.5	000.0	0000	0009	+00.00	02	00	0899	08
66	0004	29	04	15	27	00448	09.8	+13.0	0000	065.5	000.0	0001	0014	+00.08	02	00	0898	08
66	0005	29	04	15	27	00447	09.8	+13.0	0000	065.5	000.0	0001	0019	+00.06	02	00	0899	08
66	0006	29	04	15	27	00447	09.8	+13.1	0000	065.5	000.0	0001	0024	+00.05	02	00	0899	08
66	0007	29	04	15	27	00448	09.8	+13.0	0000	065.5	000.0	0002	0028	+00.06	02	00	0898	08
66	0008	29	04	15	27	00449	09.8	+13.1	0000	065.5	000.0	0002	0033	+00.06	02	00	0898	08
66	0009	29	04	15	27	00449	09.8	+13.0	0000	065.5	000.0	0002	0038	+00.06	02	00	0898	08
66	0010	29	04	15	27	00448	09.8	+13.0	0000	065.5	000.0	0002	0043	+00.05	02	00	0899	08
66	0011	29	04	15	27	00449	09.8	+13.1	0000	065.5	000.0	0003	0048	+00.05	02	00	0899	08
66	0012	29	04	15	27	00449	09.8	+13.0	0000	065.5	000.0	0003	0052	+00.05	02	00	0899	08
66	0013	29	04	15	28	00450	09.8	+13.1	0000	065.5	000.0	0003	0057	+00.05	02	00	0898	08
66	0014	29	04	15	28	00450	09.8	+13.1	0000	065.5	000.0	0003	0062	+00.05	02	00	0899	08
68	0001	29	04	15	31	00428	09.9	+13.2	0000	065.5	000.0	0000	0000	+00.00	02	00	0898	08
68	0002	29	04	15	31	00427	10.0	+13.2	0000	065.8	000.0	0000	0004	+00.00	02	00	0899	08
68	0003	29	04	15	31	00428	10.0	+13.2	0000	065.9	000.0	0000	0009	+00.00	02	00	0899	08
68	0004	29	04	15	31	00428	10.0	+13.2	0000	065.9	000.0	0000	0014	-00.00	02	01	0899	08
68	0005	29	04	15	31	00428	10.0	+13.2	0000	065.9	000.0	0000	0019	+00.00	02	00	0899	08
68	0006	29	04	15	31	00428	10.0	+13.2	0000	065.9	000.0	0000	0024	+00.01	02	00	0899	08
68	0007	29	04	15	31	00428	10.0	+13.2	0000	065.9	000.0	0000	0028	+00.01	02	00	0899	08
68	0008	29	04	15	31	00428	10.0	+13.2	0000	065.9	000.0	0000	0033	+00.01	02	00	0899	08
68	0009	29	04	15	31	00428	10.0	+13.2	0000	065.9	000.0	0000	0038	+00.01	02	00	0899	08
68	0010	29	04	15	32	00428	10.0	+13.2	0000	065.9	000.0	0000	0043	+00.01	02	00	0899	08
68	0011	29	04	15	32	00429	09.9	+13.2	0000	065.9	000.0	0001	0048	+00.01	02	00	0899	08
68	0012	29	04	15	32	00429	09.9	+13.2	0000	065.9	000.0	0001	0052	+00.02	02	00	0899	08
68	0013	29	04	15	32	00429	09.8	+13.2	0000	065.8	000.0	0001	0057	+00.02	02	00	0899	08
68	0014	29	04	15	32	00429	09.9	+13.2	0000	065.8	000.0	0001	0062	+00.02	02	00	0899	08
69	0001	29	04	15	33	00437	09.8	+13.3	0000	064.2	000.0	0000	0000	+00.00	02	00	0899	08
69	0002	29	04	15	33	00437	09.8	+13.3	0000	064.2	000.0	0000	0004	+00.00	02	00	0899	08
69	0003	29	04	15	33	00438	09.8	+13.3	0000	064.2	000.0	0000	0009	+00.00	02	00	0899	08
69	0004	29	04	15	33	00438	09.7	+13.3	0000	064.1	000.0	0001	0014	+00.08	02	00	0899	08
69	0005	29	04	15	33	00438	09.8	+13.3	0000	064.1	000.0	0001	0019	+00.06	02	00	0899	08
69	0006	29	04	15	33	00438	09.8	+13.4	0000	064.1	000.0	0001	0024	+00.05	02	00	0899	08
69	0007	29	04	15	33	00439	09.8	+13.3	0000	064.2	000.0	0001	0028	+00.05	02	00	0899	08
69	0008	29	04	15	33	00439	09.8	+13.3	0000	064.2	000.0	0002	0033	+00.05	02	00	0899	08
69	0009	29	04	15	33	00439	09.8	+13.3	0000	064.2	000.0	0002	0038	+00.05	02	00	0899	08
69	0010	29	04	15	34	00439	09.7	+13.3	0000	064.1	000.0	0002	0043	+00.04	02	00	0899	08
69	0011	29	04	15	34	00439	09.8	+13.3	0000	064.1	000.0	0002	0048	+00.04	02	00	0899	08
69	0012	29	04	15	34	00440	09.8	+13.3	0000	064.1	000.0	0002	0052	+00.04	02	00	0899	08
69	0013	29	04	15	34	00440	09.7	+13.3	0000	064.1	000.0	0003	0057	+00.04	02	00	0899	08
69	0014	29	04	15	34	00440	09.7	+13.3	0000	064.1	000.0	0003	0062	+00.04	02	00	0899	08
70	0001	29	04	15	35	00437	09.8	+13.4	0000	063.7	000.0	0000	0000	+00.00	02	00	0899	08
70	0002	29	04	15	35	00437	09.8	+13.4	0000	063.8	000.0	0000	0004	+00.00	02	00	0899	08
70	0003	29	04	15	35	00438	09.8	+13.4	0000	063.9	000.0	0000	0009	+00.00	02	00	0899	08
70	0004	29	04	15	35	00438	09.8	+13.4	0000	064.0	000.0	0001	0014	+00.06	02	00	0899	08
70	0005	29	04	15	35	00438	09.8	+13.4	0000	063.9	000.0	0001	0019	+00.05	02	00	0899	08
70	0006	29	04	15	35	00438	09.8	+13.4	0000	063.9	000.0	0001	0024	+00.04	02	00	0899	08
70	0007	29	04	15	35	00438	09.8	+13.4	0000	063.9	000.0	0001	0028	+00.03	02	00	0899	08
70	0008	29	04	15	35	00438	09.8	+13.4	0000	063.9	000.0	0001	0033	+00.03	02	00	0899	08
70	0009	29	04	15	35	00438	09.8	+13.4	0000	063.8	000.0	0001	0038	+00.03	02	00	0899	08
70	0010	29	04	15	35	00438	09.7	+13.4	0000	063.8	000.0	0001	0043	+00.02	02	00	0899	08
70	0011	29	04	15	36	00438	09.7	+13.4	0000	063.7	000.0	0001	0048	+00.02	02	00	0899	08
70	0012	29	04	15	36	00439	09.8	+13.5	0000	063.7	000.0	0001	0052	+00.02	02	00	0899	08
70	0013	29	04	15	36	00439	09.6	+13.4	0000	063.7	000.0	0001	0057	+00.02	02	00	0899	08
70	0014	29	04	15	36	00439	09.8	+13.5	0000	063.6	000.0	0001	0062	+00.02	02	00	0899	08
71	0001	29	04	15	37	00426	09.7	+13.5	0000	062.8	000.0	0000	0000	+00.00	02	00	0899	08
71	0002	29	04	15	37	00427	09.7	+13.5	0000	063.0	000.0	0000	0004	+00.00	02	00	0899	08
71	0003	29	04	15	37	00427	09.7	+13.5	0000	062.9	000.0	0000	0009	+00.00	02	00	0899	08
71	0004	29	04	15	37	00427	09.7	+13.5	0000	062.9	000.0	0000	0014	+00.05	02	00	0899	08
71	0005	29	04	15	37	00428	09.7	+13.5	0000	062.9	000.0	0001	0019	+00.05	02	00	0899	08
71	0006	29	04	15	37	00428	09.7	+13.5	0000	062.9	000.0	0001	0024	+00.05	02	00	0899	08
71	0007	29	04	15	37	00428	09.7	+13.5	0000	062.9	000.0	0001	0028	+00.05	02	00	0899	08
71	0008	29	04	15	37	00428	09.7	+13.5	0000	062.9	000.0	0002	0033	+00.05	02	00	0899	08
71	0009	29	04	15	37	00429	09.8	+13.5	0000	062.9	000.0	0002	0038	+00.05	02	00	0899	08
71	0010	29	04	15	37	00429	09.8	+13.5	0000	063.0	000.0	0002	0043	+00.05	02	00	0899	08
71	0011	29	04	15	37	00429	09.8	+13.5	0000	063.0	000.0	0002	0048	+00.05	02	00	0899	08
71	0012	29	04	15	38	00430	09.8	+13.6	0000	063.0	000.0	0003	0052	+00.05	02	00	0899	08
71	0013	29	04	15	38	00430	09.8	+13.5	0000	063.0	000.0	0003	0057	+00.05	02	00	0899	08
71	0014	29	04	15	38	00430	09.8	+13.6	0000	063.1	000.0	0003	0062	+00.05	02	00	0899	08
72	0001	29	04	15	40	00432	09.9	+13.6	0000	063.8	000.0	0000	0000	+00.00	02	00	0899	08
72	0002	29	04	15	40	00432	09.9	+13.6	0000	063.8	000.0	0000	0004	+00.00	02	00	0899	08
72	0003	29	04	15	40	00433	09.9	+13.6	0000	063.8	000.0	0000	0009	+00.00	02	00	0899	08
72	0004	29	04	15	40	00434	09.9	+13.6	0000	063.8	000.0	0001	0014	+00.11	02	00	0899	08
72	0005	29	04	15	40	00434	09.9	+13.6	0000	063.8	000.0	0002	0019	+00.11	02	00	0899	08
72	0006	29	04	15	40	00435	09.9	+13.6	0000	063.8	000.0	0002	0024	+00.10	02	00	0899	08
72	0007	29	04	15	40	00435	10.0	+13.6	0000	063.8	000.0	0003	0028	+00.10	02	00	0899	08
72	0008	29	04	15	40	00436	09.9	+13.6	0000	063.8	000.0	0004	0033	+00.10	02	00	0899	08
72	0009	29	04	15	40	00437	09.9	+13.6	0000	063.8	000.0	0004	0038	+00.10	02	00	0899	08
72	0010	29	04	15	40	00437	09.9	+13.6	0000	063.8	000.0	0005	0043	+00.10	02	00	0899	08
72	0011	29	04	15	40	00438	09.9	+13.6	0000	063.8	000.0	0005	0048	+00.10	02	00	0899	08
72	0012	29	04	15	40	00438	09.9	+13.6	0000	063.8	000.0	0006	0052	+00.10	02	00	0899	08
72	0013	29	04	15	41	00438	09.9	+13.6	0000	063.8	000.0	0006	0057	+00.09	02	00	0899	08
72	0014	29	04	15	41	00439	09.9	+13.6	0000	063.8	000.0	0007	0062	+00.09	02	00	0899	08
73	0001	29	04	15	43	00427	09.5	+13.7	0000	060.6	000.0	0000	0000	+00.00	02	00	0899	08
73	0002	29	04	15	43	00427	09.5	+13.7	0000	060.6	000.0	0000	0004	+00.00	02	00	0899	08
73	0003	29	04	15	43	00427	09.5	+13.7	0000	060.6	000.0	0000	0009	+00.00	02	00	0899	08
73	0004	29	04	15	43	00428	09.5	+13.7	0000	060.6	000.0	0000	0014	+00.05	02	00	0898	08
73	0005	29	04	15	43	00427	09.5	+13.7	0000	060.6	000.0	0000	0019	+00.01	02	00	0899	08
73	0006	29	04	15	43	00427	09.5	+13.8	0000	060.5	000.0	0000	0024	+00.01	02	00	0899	08
73	0007	29	04	15	43	00427	09.4	+13.8	0000	060.5	000.0	0000	0028	+00.01	02	00	0899	08
73	0008	29	04	15	43	00428	09.4	+13.8	0000	060.4	000.0	0000	0033	+00.01	02	00	0898	08
73	0009	29	04	15	43	00427	09.3	+13.7	0000	060.3	000.0	0000	0038	+00.00	02	00	0899	08
73	0010	29	04	15	43	00427	09.4	+13.8	0000	060.2	000.0	0000	0043	+00.00	02	00	0899	08
73	0011	29	04	15	43	00427	09.4	+13.8	0000	060.2	000.0	0000	0048	+00.00	02	00	0898	08
73	0012	29	04	15	43	00427	09.4	+13.8	0000	060.1	000.0	0000	0052	+00.00	02	00	0899	08
73	0013	29	04	15	44	00427	09.3	+13.7	0000	060.1	000.0	0000	0057	+00.00	02	00	0899	08
73	0014	29	04	15	44	00427	09.4	+13.8	0000	060.0	000.0	0000	0062	-00.00	02	01	0899	08
74	0001	29	04	15	45	00426	09.4	+13.8	0000	060.1	000.0	0000	0000	+00.00	02	00	0899	08
74	0002	29	04	15	45	00426	09.4	+13.7	0000	060.1	000.0	0000	0004	+00.00	02	00	0899	08
74	0003	29	04	15	45	00426	09.4	+13.7	0000	060.0	000.0	0000	0009	+00.00	02	00	0899	08
74	0004	29	04	15	45	00426	09.4	+13.8	0000	059.9	000.0	0000	0014	+00.00	02	00	0899	08
74	0005	29	04	15	45	00426	09.3	+13.7	0000	059.9	000.0	0000	0019	+00.00	02	00	0899	08
74	0006	29	04	15	45	00426	09.3	+13.7	0000	059.8	000.0	0000	0024	+00.00	02	00	0899	08
74	0007	29	04	15	45	00426	09.3	+13.7	0000	059.8	000.0	0000	0028	+00.00	02	00	0899	08
74	0008	29	04	15	45	00426	09.3	+13.7	0000	059.8	000.0	0000	0033	+00.00	02	00	0899	08
74	0009	29	04	15	45	00427	09.3	+13.7	0000	059.8	000.0	0000	0038	+00.00	02	00	0899	08
74	0010	29	04	15	45	00427	09.3	+13.7	0000	059.7	000.0	0000	0043	+00.00	02	00	0899	08
74	0011	29	04	15	45	00427	09.3	+13.7	0000	059.7	000.0	0000	0048	+00.00	02	00	0899	08
74	0012	29	04	15	46	00427	09.3	+13.7	0000	059.7	000.0	0000	0052	+00.00	02	00	0899	08
74	0013	29	04	15	46	00427	09.3	+13.7	0000	059.7	000.0	0000	0057	+00.00	02	00	0899	08
74	0014	29	04	15	46	00427	09.3	+13.6	0000	059.7	000.0	0000	0062	+00.00	02	00	0899	08
75	0001	29	04	15	47	00423	09.4	+13.6	0000	060.1	000.0	0000	0000	+00.00	02	00	0899	08
75	0002	29	04	15	47	00424	09.4	+13.6	0000	060.1	000.0	0000	0004	+00.00	02	00	0898	08
75	0003	29	04	15	47	00424	09.4	+13.6	0000	060.2	000.0	0000	0009	+00.00	02	00	0899	08
75	0004	29	04	15	47	00425	09.4	+13.6	0000	060.2	000.0	0001	0014	+00.08	02	00	0899	08
75	0005	29	04	15	47	00425	09.4	+13.6	0000	060.3	000.0	0001	0019	+00.08	02	00	0899	08
75	0006	29	04	15	47	00426	09.5	+13.7	0000	060.4	000.0	0002	0024	+00.08	02	00	0899	08
75	0007	29	04	15	47	00427	09.5	+13.6	0000	060.5	000.0	0002	0028	+00.09	02	00	0899	08
75	0008	29	04	15	47	00427	09.4	+13.6	0000	060.5	000.0	0003	0033	+00.09	02	00	0899	08
75	0009	29	04	15	47	00428	09.5	+13.6	0000	060.6	000.0	0004	0038	+00.09	02	00	0899	08
75	0010	29	04	15	47	00429	09.5	+13.6	0000	060.6	000.0	0005	0043	+00.10	02	00	0899	08
75	0011	29	04	15	47	00429	09.5	+13.6	0000	060.7	000.0	0005	0048	+00.10	02	00	0899	08
75	0012	29	04	15	47	00430	09.6	+13.6	0000	060.7	000.0	0006	0052	+00.10	02	00	0899	08
75	0013	29	04	15	47	00430	09.5	+13.7	0000	060.8	000.0	0006	0057	+00.10	02	00	0899	08
75	0014	29	04	15	48	00431	09.6	+13.7	0000	060.8	000.0	0007	0062	+00.10	02	00	0899	08
76	0001	29	04	15	49	00425	09.7	+13.7	0000	062.0	000.0	0000	0000	+00.00	02	00	0899	08
76	0002	29	04	15	49	00425	09.6	+13.6	0000	062.0	000.0	0000	0004	+00.00	02	00	0899	08
76	0003	29	04	15	49	00425	09.7	+13.7	0000	062.0	000.0	0000	0009	+00.00	02	00	0899	08
76	0004	29	04	15	49	00426	09.6	+13.7	0000	061.8	000.0	0001	0014	+00.06	02	00	0898	08
76	0005	29	04	15	49	00425	09.6	+13.7	0000	061.7	000.0	0001	0019	+00.04	02	00	0899	08
76	0006	29	04	15	49	00425	09.6	+13.7	0000	061.7	000.0	0000	0024	+00.03	02	00	0899	08
76	0007	29	04	15	49	00426	09.6	+13.7	0000	061.6	000.0	0000	0028	+00.02	02	00	0899	08
76	0008	29	04	15	50	00426	09.5	+13.7	0000	061.5	000.0	0001	0033	+00.02	02	00	0899	08
76	0009	29	04	15	50	00426	09.6	+13.7	0000	061.5	000.0	0001	0038	+00.02	02	00	0899	08
76	0010	29	04	15	50	00426	09.6	+13.7	0000	061.4	000.0	0001	0043	+00.02	02	00	0899	08
76	0011	29	04	15	50	00426	09.5	+13.7	0000	061.3	000.0	0001	0048	+00.02	02	00	0899	08
76	0012	29	04	15	50	00426	09.5	+13.7	0000	061.2	000.0	0001	0052	+00.02	02	00	0899	08
76	0013	29	04	15	50	00427	09.5	+13.7	0000	061.2	000.0	0001	0057	+00.02	02	00	0899	08
76	0014	29	04	15	50	00427	09.5	+13.7	0000	061.1	000.0	0001	0062	+00.02	02	00	0899	08
77	0001	29	04	15	51	00422	09.5	+13.8	0000	060.6	000.0	0000	0000	+00.00	02	00	0899	08
77	0002	29	04	15	51	00423	09.5	+13.8	0000	060.6	000.0	0000	0004	+00.00	02	00	0899	08
77	0003	29	04	15	51	00424	09.5	+13.8	0000	060.5	000.0	0000	0009	+00.00	02	00	0899	08
77	0004	29	04	15	51	00425	09.5	+13.8	0000	060.4	000.0	0002	0014	+00.13	02	00	0899	08
77	0005	29	04	15	51	00425	09.4	+13.8	0000	060.3	000.0	0002	0019	+00.12	02	00	0899	08
77	0006	29	04	15	52	00426	09.5	+13.8	0000	060.3	000.0	0003	0024	+00.11	02	00	0899	08
77	0007	29	04	15	52	00427	09.5	+13.8	0000	060.3	000.0	0004	0028	+00.12	02	00	0899	08
77	0008	29	04	15	52	00427	09.5	+13.8	0000	060.3	000.0	0004	0033	+00.11	02	00	0899	08
77	0009	29	04	15	52	00428	09.5	+13.8	0000	060.4	000.0	0005	0038	+00.11	02	00	0899	08
77	0010	29	04	15	52	00428	09.5	+13.8	0000	060.4	000.0	0005	0043	+00.11	02	00	0899	08
77	0011	29	04	15	52	00429	09.5	+13.8	0000	060.4	000.0	0006	0048	+00.11	02	00	0899	08
77	0012	29	04	15	52	00430	09.6	+13.8	0000	060.4	000.0	0006	0052	+00.11	02	00	0899	08
77	0013	29	04	15	52	00430	09.6	+13.8	0000	060.4	000.0	0007	0057	+00.11	02	00	0899	08
77	0014	29	04	15	52	00431	09.5	+13.8	0000	060.5	000.0	0008	0062	+00.11	02	00	0899	08
78	0001	29	04	15	53	00423	09.6	+13.8	0000	060.6	000.0	0000	0000	+00.00	02	00	0899	08
78	0002	29	04	15	53	00424	09.6	+13.8	0000	060.6	000.0	0000	0004	+00.00	02	00	0899	08
78	0003	29	04	15	53	00424	09.6	+13.9	0000	060.6	000.0	0000	0009	+00.00	02	00	0899	08
78	0004	29	04	15	53	00425	09.6	+13.9	0000	060.6	000.0	0001	0014	+00.09	02	00	0899	08
78	0005	29	04	15	53	00425	09.6	+13.8	0000	060.6	000.0	0001	0019	+00.07	02	00	0899	08
78	0006	29	04	15	54	00426	09.6	+13.9	0000	060.6	000.0	0002	0024	+00.07	02	00	0899	08
78	0007	29	04	15	54	00426	09.6	+13.9	0000	060.6	000.0	0002	0028	+00.08	02	00	0899	08
78	0008	29	04	15	54	00427	09.6	+13.8	0000	060.6	000.0	0003	0033	+00.08	02	00	0899	08
78	0009	29	04	15	54	00428	09.6	+13.9	0000	060.6	000.0	0003	0038	+00.08	02	00	0899	08
78	0010	29	04	15	54	00428	09.6	+13.9	0000	060.6	000.0	0004	0043	+00.08	02	00	0899	08
78	0011	29	04	15	54	00428	09.6	+13.9	0000	060.6	000.0	0004	0048	+00.08	02	00	0899	08
78	0012	29	04	15	54	00429	09.6	+13.9	0000	060.6	000.0	0005	0052	+00.08	02	00	0899	08
78	0013	29	04	15	54	00429	09.6	+13.9	0000	060.6	000.0	0005	0057	+00.08	02	00	0899	08
78	0014	29	04	15	54	00430	09.6	+13.9	0000	060.6	000.0	0006	0062	+00.08	02	00	0899	08
79	0001	29	04	15	56	00495	09.5	+13.9	0000	060.1	000.0	0000	0000	+00.00	02	00	0898	08
79	0002	29	04	15	57	00496	09.5	+13.9	0000	060.1	000.0	0000	0004	+00.00	02	00	0899	08
79	0003	29	04	15	57	00499	09.5	+13.9	0000	060.1	000.0	0000	0009	+00.00	02	00	0899	08
79	0004	29	04	15	57	00503	09.5	+13.9	0000	060.1	000.0	0008	0014	+00.50	02	00	0898	08
79	0005	29	04	15	57	00504	09.5	+13.9	0000	060.1	000.0	0010	0019	+00.46	02	00	0899	08
79	0006	29	04	15	57	00505	09.5	+13.9	0000	060.1	000.0	0011	0024	+00.40	02	00	0899	08
79	0007	29	04	15	57	00507	09.5	+13.9	0000	060.1	000.0	0012	0028	+00.37	02	00	0899	08
79	0008	29	04	15	57	00512	09.5	+13.9	0000	060.1	000.0	0016	0033	+00.40	02	00	0898	08
79	0009	29	04	15	57	00513	09.5	+13.9	0000	060.1	000.0	0018	0038	+00.40	02	00	0899	08
79	0010	29	04	15	57	00514	09.5	+13.9	0000	060.1	000.0	0019	0043	+00.39	02	00	0899	08
79	0011	29	04	15	57	00516	09.4	+13.9	0000	060.0	000.0	0021	0048	+00.38	02	00	0898	08
79	0012	29	04	15	57	00518	09.4	+13.9	0000	060.0	000.0	0023	0052	+00.38	02	00	0898	08
79	0013	29	04	15	57	00521	09.4	+13.9	0000	060.0	000.0	0026	0057	+00.38	02	00	0898	08
79	0014	29	04	15	57	00523	09.5	+13.9	0000	060.0	000.0	0028	0062	+00.38	02	00	0899	08
80	0001	29	04	15	58	00453	09.6	+13.9	0000	060.6	000.0	0000	0000	+00.00	02	00	0899	08
80	0002	29	04	15	58	00454	09.6	+13.9	0000	060.4	000.0	0000	0004	+00.00	02	00	0899	08
80	0003	29	04	15	59	00454	09.6	+13.9	0000	060.4	000.0	0000	0009	+00.00	02	00	0899	08
80	0004	29	04	15	59	00455	09.6	+13.9	0000	060.5	000.0	0001	0014	+00.10	02	00	0899	08
80	0005	29	04	15	59	00456	09.6	+13.9	0000	060.5	000.0	0002	0019	+00.10	02	00	0899	08
80	0006	29	04	15	59	00457	09.6	+13.9	0000	060.5	000.0	0003	0024	+00.11	02	00	0899	08
80	0007	29	04	15	59	00458	09.6	+13.8	0000	060.5	000.0	0004	0028	+00.12	02	00	0899	08
80	0008	29	04	15	59	00459	09.6	+13.9	0000	060.5	000.0	0005	0033	+00.14	02	00	0898	08
80	0009	29	04	15	59	00460	09.6	+13.9	0000	060.5	000.0	0007	0038	+00.15	02	00	0898	08
80	0010	29	04	15	59	00461	09.5	+13.9	0000	060.5	000.0	0008	0043	+00.16	02	00	0898	08
80	0011	29	04	15	59	00461	09.5	+13.9	0000	060.5	000.0	0008	0048	+00.15	02	00	0899	08
80	0012	29	04	15	59	00462	09.5	+13.9	0000	060.5	000.0	0009	0052	+00.15	02	00	0899	08
80	0013	29	04	15	59	00463	09.5	+13.9	0000	060.4	000.0	0010	0057	+00.15	02	00	0899	08
80	0014	29	04	15	59	00463	09.5	+13.9	0000	060.4	000.0	0010	0062	+00.15	02	00	0899	08
81	0001	29	04	16	00	00431	09.5	+13.8	0000	060.1	000.0	0000	0000	+00.00	02	00	0899	08
81	0002	29	04	16	00	00431	09.5	+13.8	0000	060.0	000.0	0000	0004	+00.00	02	00	0899	08
81	0003	29	04	16	00	00431	09.4	+13.8	0000	059.9	000.0	0000	0009	+00.00	02	00	0898	08
81	0004	29	04	16	01	00431	09.4	+13.8	0000	059.8	000.0	0000	0014	+00.04	02	00	0898	08
81	0005	29	04	16	01	00431	09.4	+13.8	0000	059.8	000.0	0000	0019	+00.02	02	00	0899	08
81	0006	29	04	16	01	00432	09.5	+13.8	0000	059.8	000.0	0000	0024	+00.02	02	00	0898	08
81	0007	29	04	16	01	00431	09.4	+13.8	0000	059.8	000.0	0000	0028	+00.01	02	00	0899	08
81	0008	29	04	16	01	00432	09.4	+13.8	0000	059.8	000.0	0000	0033	+00.01	02	00	0898	08
81	0009	29	04	16	01	00432	09.4	+13.8	0000	059.8	000.0	0000	0038	+00.02	02	00	0898	08
81	0010	29	04	16	01	00432	09.4	+13.8	0000	059.8	000.0	0001	0043	+00.02	02	00	0898	08
81	0011	29	04	16	01	00432	09.3	+13.7	0000	059.7	000.0	0001	0048	+00.02	02	00	0898	08
81	0012	29	04	16	01	00431	09.4	+13.8	0000	059.7	000.0	0001	0052	+00.01	02	00	0899	08
81	0013	29	04	16	01	00432	09.4	+13.8	0000	059.7	000.0	0001	0057	+00.01	02	00	0899	08
81	0014	29	04	16	01	00432	09.4	+13.8	0000	059.7	000.0	0001	0062	+00.01	02	00	0899	08
82	0001	29	04	16	03	00424	09.4	+13.7	0000	060.1	000.0	0000	0000	+00.00	02	00	0899	08
82	0002	29	04	16	03	00425	09.4	+13.7	0000	060.1	000.0	0000	0004	+00.00	02	00	0899	08
82	0003	29	04	16	03	00427	09.4	+13.8	0000	060.1	000.0	0000	0009	+00.00	02	00	0898	08
82	0004	29	04	16	03	00427	09.5	+13.7	0000	060.2	000.0	0002	0014	+00.16	02	00	0899	08
82	0005	29	04	16	03	00428	09.4	+13.7	0000	060.2	000.0	0003	0019	+00.16	02	00	0899	08
82	0006	29	04	16	03	00429	09.5	+13.7	0000	060.2	000.0	0004	0024	+00.16	02	00	0899	08
82	0007	29	04	16	03	00430	09.5	+13.7	0000	060.3	000.0	0005	0028	+00.16	02	00	0899	08
82	0008	29	04	16	03	00431	09.5	+13.7	0000	060.3	000.0	0006	0033	+00.16	02	00	0899	08
82	0009	29	04	16	03	00432	09.5	+13.7	0000	060.4	000.0	0007	0038	+00.16	02	00	0899	08
82	0010	29	04	16	03	00433	09.5	+13.7	0000	060.4	000.0	0008	0043	+00.16	02	00	0899	08
82	0011	29	04	16	03	00434	09.6	+13.7	0000	060.5	000.0	0009	0048	+00.17	02	00	0899	08
82	0012	29	04	16	04	00435	09.6	+13.7	0000	060.5	000.0	0010	0052	+00.17	02	00	0899	08
82	0013	29	04	16	04	00436	09.6	+13.7	0000	060.6	000.0	0011	0057	+00.17	02	00	0899	08
82	0014	29	04	16	04	00437	09.6	+13.7	0000	060.6	000.0	0012	0062	+00.17	02	00	0899	08
83	0001	29	04	16	05	00431	09.7	+13.8	0000	061.5	000.0	0000	0000	+00.00	02	00	0898	08
83	0002	29	04	16	05	00431	09.7	+13.8	0000	061.5	000.0	0000	0004	+00.00	02	00	0899	08
83	0003	29	04	16	05	00432	09.7	+13.8	0000	061.5	000.0	0000	0009	+00.00	02	00	0899	08
83	0004	29	04	16	05	00432	09.6	+13.7	0000	061.5	000.0	0000	0014	+00.05	02	00	0899	08
83	0005	29	04	16	05	00433	09.6	+13.7	0000	061.5	000.0	0001	0019	+00.06	02	00	0899	08
83	0006	29	04	16	05	00433	09.6	+13.7	0000	061.5	000.0	0002	0024	+00.07	02	00	0899	08
83	0007	29	04	16	05	00434	09.7	+13.8	0000	061.5	000.0	0002	0028	+00.07	02	00	0899	08
83	0008	29	04	16	05	00435	09.7	+13.8	0000	061.5	000.0	0003	0033	+00.08	02	00	0898	08
83	0009	29	04	16	05	00435	09.6	+13.7	0000	061.5	000.0	0003	0038	+00.08	02	00	0899	08
83	0010	29	04	16	05	00435	09.6	+13.7	0000	061.5	000.0	0004	0043	+00.08	02	00	0899	08
83	0011	29	04	16	05	00436	09.6	+13.7	0000	061.5	000.0	0005	0048	+00.09	02	00	0898	08
83	0012	29	04	16	06	00437	09.6	+13.7	0000	061.5	000.0	0005	0052	+00.09	02	00	0898	08
83	0013	29	04	16	06	00437	09.6	+13.7	0000	061.5	000.0	0006	0057	+00.09	02	00	0899	08
83	0014	29	04	16	06	00438	09.6	+13.7	0000	061.5	000.0	0006	0062	+00.09	02	00	0898	08
84	0001	29	04	16	07	00426	09.7	+13.8	0000	061.5	000.0	0000	0000	+00.00	02	00	0898	08
84	0002	29	04	16	07	00426	09.7	+13.8	0000	061.5	000.0	0000	0004	+00.00	02	00	0898	08
84	0003	29	04	16	07	00425	09.6	+13.7	0000	061.5	000.0	0000	0009	+00.00	02	00	0899	08
84	0004	29	04	16	07	00425	09.7	+13.8	0000	061.5	000.0	0000	0014	-00.03	02	01	0899	08
84	0005	29	04	16	07	00426	09.6	+13.8	0000	061.5	000.0	0000	0019	-00.01	02	01	0899	08
84	0006	29	04	16	07	00425	09.6	+13.8	0000	061.5	000.0	0000	0024	-00.01	02	01	0899	08
84	0007	29	04	16	07	00426	09.6	+13.8	0000	061.4	000.0	0000	0028	-00.01	02	01	0899	08
84	0008	29	04	16	07	00425	09.6	+13.8	0000	061.4	000.0	0000	0033	-00.00	02	01	0899	08
84	0009	29	04	16	07	00426	09.7	+13.8	0000	061.4	000.0	0000	0038	-00.00	02	01	0899	08
84	0010	29	04	16	07	00426	09.7	+13.8	0000	061.4	000.0	0000	0043	-00.00	02	01	0899	08
84	0011	29	04	16	07	00426	09.7	+13.8	0000	061.4	000.0	0000	0048	-00.00	02	01	0899	08
84	0012	29	04	16	08	00426	09.7	+13.8	0000	061.4	000.0	0000	0052	+00.00	02	00	0898	08
84	0013	29	04	16	08	00426	09.7	+13.8	0000	061.4	000.0	0000	0057	+00.00	02	00	0899	08
84	0014	29	04	16	08	00427	09.7	+13.8	0000	061.4	000.0	0000	0062	+00.00	02	00	0898	08
86	0001	29	04	16	09	00433	09.5	+13.8	0000	060.6	000.0	0000	0000	+00.00	02	00	0898	08
86	0002	29	04	16	09	00433	09.5	+13.8	0000	060.7	000.0	0000	0004	+00.00	02	00	0899	08
86	0003	29	04	16	09	00433	09.6	+13.8	0000	060.7	000.0	0000	0009	+00.00	02	00	0898	08
86	0004	29	04	16	09	00433	09.6	+13.8	0000	060.7	000.0	0000	0014	-00.02	02	01	0899	08
86	0005	29	04	16	10	00433	09.7	+13.9	0000	060.8	000.0	0000	0019	-00.01	02	01	0899	08
86	0006	29	04	16	10	00433	09.6	+13.8	0000	060.9	000.0	0000	0024	-00.01	02	01	0899	08
86	0007	29	04	16	10	00433	09.6	+13.8	0000	060.9	000.0	0000	0028	-00.00	02	01	0899	08
86	0008	29	04	16	10	00433	09.6	+13.8	0000	060.9	000.0	0000	0033	-00.00	02	01	0899	08
86	0009	29	04	16	10	00434	09.7	+13.8	0000	061.0	000.0	0000	0038	+00.00	02	00	0898	08
86	0010	29	04	16	10	00433	09.7	+13.8	0000	061.1	000.0	0000	0043	+00.00	02	00	0899	08
86	0011	29	04	16	10	00434	09.7	+13.8	0000	061.1	000.0	0000	0048	+00.00	02	00	0898	08
86	0012	29	04	16	10	00434	09.7	+13.8	0000	061.1	000.0	0000	0052	+00.01	02	00	0898	08
86	0013	29	04	16	10	00434	09.8	+13.8	0000	061.2	000.0	0000	0057	+00.01	02	00	0898	08
86	0014	29	04	16	10	00433	09.8	+13.8	0000	061.3	000.0	0000	0062	+00.01	02	00	0899	08
87	0001	29	04	16	11	00426	09.7	+13.9	0000	061.5	000.0	0000	0000	+00.00	02	00	0898	08
87	0002	29	04	16	11	00426	09.7	+13.8	0000	061.5	000.0	0000	0004	+00.00	02	00	0899	08
87	0003	29	04	16	12	00427	09.7	+13.8	0000	061.5	000.0	0000	0009	+00.00	02	00	0899	08
87	0004	29	04	16	12	00427	09.7	+13.9	0000	061.5	000.0	0000	0014	+00.03	02	00	0899	08
87	0005	29	04	16	12	00427	09.7	+13.8	0000	061.5	000.0	0001	0019	+00.04	02	00	0899	08
87	0006	29	04	16	12	00427	09.7	+13.8	0000	061.5	000.0	0001	0024	+00.04	02	00	0899	08
87	0007	29	04	16	12	00429	09.7	+13.9	0000	061.5	000.0	0002	0028	+00.06	02	00	0898	08
87	0008	29	04	16	12	00429	09.7	+13.9	0000	061.4	000.0	0002	0033	+00.07	02	00	0898	08
87	0009	29	04	16	12	00430	09.7	+13.9	0000	061.4	000.0	0003	0038	+00.07	02	00	0898	08
87	0010	29	04	16	12	00430	09.7	+13.9	0000	061.4	000.0	0003	0043	+00.07	02	00	0898	08
87	0011	29	04	16	12	00430	09.6	+13.9	0000	061.3	000.0	0004	0048	+00.07	02	00	0899	08
87	0012	29	04	16	12	00430	09.6	+13.8	0000	061.2	000.0	0004	0052	+00.07	02	00	0898	08
87	0013	29	04	16	12	00431	09.5	+13.9	0000	061.2	000.0	0005	0057	+00.07	02	00	0898	08
87	0014	29	04	16	12	00431	09.5	+13.9	0000	061.1	000.0	0005	0062	+00.07	02	00	0898	08
88	0001	29	04	16	13	00428	09.5	+13.8	0000	060.6	000.0	0000	0000	+00.00	02	00	0898	08
88	0002	29	04	16	13	00427	09.5	+13.7	0000	060.6	000.0	0000	0004	+00.00	02	00	0899	08
88	0003	29	04	16	13	00427	09.5	+13.7	0000	060.6	000.0	0000	0009	+00.00	02	00	0898	08
88	0004	29	04	16	13	00428	09.4	+13.6	0000	060.6	000.0	0000	0014	+00.00	02	00	0898	08
88	0005	29	04	16	14	00427	09.4	+13.6	0000	060.6	000.0	0000	0019	+00.00	02	00	0898	08
88	0006	29	04	16	14	00428	09.4	+13.6	0000	060.5	000.0	0000	0024	+00.00	02	00	0898	08
88	0007	29	04	16	14	00427	09.4	+13.6	0000	060.5	000.0	0000	0028	-00.00	02	01	0899	08
88	0008	29	04	16	14	00428	09.4	+13.6	0000	060.4	000.0	0000	0033	-00.00	02	01	0898	08
88	0009	29	04	16	14	00427	09.3	+13.6	0000	060.4	000.0	0000	0038	-00.00	02	01	0899	08
88	0010	29	04	16	14	00427	09.3	+13.6	0000	060.4	000.0	0000	0043	-00.00	02	01	0899	08
88	0011	29	04	16	14	00427	09.3	+13.6	0000	060.4	000.0	0000	0048	-00.00	02	01	0899	08
88	0012	29	04	16	14	00428	09.3	+13.6	0000	060.3	000.0	0000	0052	+00.00	02	00	0898	08
88	0013	29	04	16	14	00427	09.3	+13.6	0000	060.3	000.0	0000	0057	+00.00	02	00	0899	08
88	0014	29	04	16	14	00428	09.3	+13.5	0000	060.3	000.0	0000	0062	+00.00	02	00	0898	08
90	0001	29	04	16	17	00424	09.2	+13.4	0000	060.1	000.0	0000	0000	+00.00	02	00	0898	08
90	0002	29	04	16	17	00425	09.2	+13.4	0000	060.2	000.0	0000	0004	+00.00	02	00	0898	08
90	0003	29	04	16	17	00425	09.2	+13.4	0000	060.2	000.0	0000	0009	+00.00	02	00	0898	08
90	0004	29	04	16	17	00426	09.2	+13.4	0000	060.2	000.0	0001	0014	+00.10	02	00	0898	08
90	0005	29	04	16	17	00426	09.3	+13.4	0000	060.2	000.0	0001	0019	+00.08	02	00	0899	08
90	0006	29	04	16	17	00427	09.2	+13.4	0000	060.2	000.0	0002	0024	+00.09	02	00	0898	08
90	0007	29	04	16	17	00427	09.2	+13.4	0000	060.2	000.0	0003	0028	+00.09	02	00	0898	08
90	0008	29	04	16	18	00427	09.2	+13.4	0000	060.2	000.0	0003	0033	+00.09	02	00	0899	08
90	0009	29	04	16	18	00429	09.2	+13.4	0000	060.2	000.0	0004	0038	+00.10	02	00	0898	08
90	0010	29	04	16	18	00430	09.2	+13.4	0000	060.1	000.0	0005	0043	+00.10	02	00	0898	08
90	0011	29	04	16	18	00430	09.2	+13.4	0000	060.1	000.0	0006	0048	+00.11	02	00	0898	08
90	0012	29	04	16	18	00430	09.2	+13.4	0000	060.1	000.0	0006	0052	+00.10	02	00	0899	08
90	0013	29	04	16	18	00431	09.2	+13.4	0000	060.1	000.0	0007	0057	+00.10	02	00	0899	08
90	0014	29	04	16	18	00432	09.2	+13.4	0000	060.1	000.0	0007	0062	+00.10	02	00	0898	08
;Received 378 record(s)
