;EGM-4 Data
;SoftwareVersion=1.05
;Plot	RecNo	Day	Month	Hour	Min	CO2 Ref	mb Ref	mbR Temp	Input A	Input B	Input C	Input D	Input E	Input F	Input G	Input H	ATMP	Probe Type
01	0001	29	04	09	00	00446	09.4	+12.4	0000	065.4	000.0	0000	0000	+00.00	00	00	0898	08
01	0002	29	04	09	00	00446	09.4	+12.4	0000	065.4	000.0	0000	0004	+00.00	00	00	0898	08
01	0003	29	04	09	00	00446	09.4	+12.4	0000	065.4	000.0	0000	0009	+00.00	00	00	0898	08
01	0004	29	04	09	01	00446	09.4	+12.4	0000	065.4	000.0	0000	0014	+00.01	02	00	0898	08
01	0005	29	04	09	01	00446	09.4	+12.4	0000	065.4	000.0	0000	0019	+00.01	02	00	0898	08
01	0006	29	04	09	01	00446	09.4	+12.4	0000	065.4	000.0	0000	0024	+00.01	02	00	0898	08
01	0007	29	04	09	01	00446	09.4	+12.4	0000	065.4	000.0	0000	0028	+00.01	02	00	0898	08
01	0008	29	04	09	01	00446	09.4	+12.4	0000	065.4	000.0	0000	0033	+00.01	02	00	0898	08
01	0009	29	04	09	01	00446	09.4	+12.4	0000	065.4	000.0	0000	0038	+00.01	02	00	0898	08
01	0010	29	04	09	01	00447	09.3	+12.3	0000	065.4	000.0	0000	0043	+00.01	02	00	0898	08
01	0011	29	04	09	01	00447	09.4	+12.4	0000	065.4	000.0	0000	0048	+00.01	02	00	0898	08
01	0012	29	04	09	01	00447	09.5	+12.5	0000	065.4	000.0	0000	0052	+00.01	02	00	0898	08
01	0013	29	04	09	01	00447	09.4	+12.4	0000	065.5	000.0	0000	0057	+00.01	02	00	0898	08
01	0014	29	04	09	01	00447	09.4	+12.4	0000	065.5	000.0	0000	0062	+00.01	02	00	0898	08
02	0001	29	04	09	03	00431	09.3	+12.5	0000	064.5	000.0	0000	0000	+00.00	02	00	0898	08
02	0002	29	04	09	03	00431	09.2	+12.4	0000	064.2	000.0	0000	0004	+00.00	02	00	0898	08
02	0003	29	04	09	03	00431	09.3	+12.4	0000	064.3	000.0	0000	0009	+00.00	02	00	0898	08
02	0004	29	04	09	03	00431	09.3	+12.4	0000	064.4	000.0	0000	0014	+00.01	02	00	0898	08
02	0005	29	04	09	03	00432	09.3	+12.4	0000	064.4	000.0	0000	0019	+00.02	02	00	0898	08
02	0006	29	04	09	03	00432	09.3	+12.4	0000	064.4	000.0	0000	0024	+00.02	02	00	0898	08
02	0007	29	04	09	03	00432	09.3	+12.4	0000	064.4	000.0	0000	0028	+00.02	02	00	0898	08
02	0008	29	04	09	04	00432	09.3	+12.4	0000	064.4	000.0	0000	0033	+00.02	02	00	0898	08
02	0009	29	04	09	04	00432	09.3	+12.4	0000	064.4	000.0	0001	0038	+00.02	02	00	0898	08
02	0010	29	04	09	04	00432	09.3	+12.5	0000	064.4	000.0	0001	0043	+00.02	02	00	0898	08
02	0011	29	04	09	04	00433	09.3	+12.4	0000	064.4	000.0	0001	0048	+00.02	02	00	0898	08
02	0012	29	04	09	04	00433	09.3	+12.5	0000	064.4	000.0	0001	0052	+00.02	02	00	0898	08
02	0013	29	04	09	04	00433	09.3	+12.4	0000	064.4	000.0	0001	0057	+00.02	02	00	0898	08
02	0014	29	04	09	04	00433	09.3	+12.5	0000	064.4	000.0	0001	0062	+00.02	02	00	0898	08
03	0001	29	04	09	06	00448	09.4	+12.4	0000	065.4	000.0	0000	0000	+00.00	02	00	0898	08
03	0002	29	04	09	06	00449	09.4	+12.4	0000	065.4	000.0	0000	0004	+00.00	02	00	0898	08
03	0003	29	04	09	06	00451	09.4	+12.4	0000	065.4	000.0	0000	0009	+00.00	02	00	0898	08
03	0004	29	04	09	06	00453	09.4	+12.4	0000	065.4	000.0	0005	0014	+00.32	02	00	0898	08
03	0005	29	04	09	07	00455	09.4	+12.4	0000	065.4	000.0	0007	0019	+00.32	02	00	0898	08
03	0006	29	04	09	07	00456	09.4	+12.5	0000	065.4	000.0	0008	0024	+00.31	02	00	0898	08
03	0007	29	04	09	07	00458	09.4	+12.5	0000	065.4	000.0	0010	0028	+00.30	02	00	0898	08
03	0008	29	04	09	07	00460	09.5	+12.4	0000	065.5	000.0	0011	0033	+00.30	02	00	0898	08
03	0009	29	04	09	07	00462	09.5	+12.4	0000	065.5	000.0	0013	0038	+00.30	02	00	0898	08
03	0010	29	04	09	07	00463	09.5	+12.4	0000	065.6	000.0	0015	0043	+00.30	02	00	0898	08
03	0011	29	04	09	07	00465	09.5	+12.5	0000	065.6	000.0	0017	0048	+00.30	02	00	0898	08
03	0012	29	04	09	07	00466	09.5	+12.4	0000	065.6	000.0	0018	0052	+00.30	02	00	0898	08
03	0013	29	04	09	07	00467	09.5	+12.4	0000	065.7	000.0	0019	0057	+00.29	02	00	0898	08
03	0014	29	04	09	07	00468	09.6	+12.5	0000	065.7	000.0	0021	0062	+00.28	02	00	0898	08
04	0001	29	04	09	08	00439	09.2	+12.4	0000	064.0	000.0	0000	0000	+00.00	02	00	0898	08
04	0002	29	04	09	09	00439	09.2	+12.4	0000	064.0	000.0	0000	0004	+00.00	02	00	0898	08
04	0003	29	04	09	09	00439	09.2	+12.4	0000	064.0	000.0	0000	0009	+00.00	02	00	0898	08
04	0004	29	04	09	09	00439	09.1	+12.4	0000	063.9	000.0	0000	0014	+00.00	02	00	0898	08
04	0005	29	04	09	09	00439	09.1	+12.4	0000	063.8	000.0	0000	0019	+00.00	02	00	0898	08
04	0006	29	04	09	09	00439	09.1	+12.4	0000	063.7	000.0	0000	0024	+00.00	02	00	0898	08
04	0007	29	04	09	09	00439	09.1	+12.4	0000	063.6	000.0	0000	0028	+00.00	02	00	0898	08
04	0008	29	04	09	09	00439	09.0	+12.4	0000	063.5	000.0	0000	0033	+00.00	02	00	0898	08
04	0009	29	04	09	09	00439	09.1	+12.4	0000	063.5	000.0	0000	0038	+00.00	02	00	0898	08
04	0010	29	04	09	09	00439	09.0	+12.4	0000	063.4	000.0	0000	0043	+00.00	02	00	0898	08
04	0011	29	04	09	09	00440	09.0	+12.4	0000	063.3	000.0	0000	0048	+00.00	02	00	0898	08
04	0012	29	04	09	09	00439	09.0	+12.4	0000	063.3	000.0	0000	0052	+00.00	02	00	0898	08
04	0013	29	04	09	09	00440	09.0	+12.4	0000	063.2	000.0	0000	0057	+00.00	02	00	0898	08
04	0014	29	04	09	10	00440	09.0	+12.4	0000	063.2	000.0	0000	0062	+00.00	02	00	0898	08
05	0001	29	04	09	10	00427	09.0	+12.4	0000	063.1	000.0	0000	0000	+00.00	02	00	0898	08
05	0002	29	04	09	11	00427	09.0	+12.4	0000	063.2	000.0	0000	0004	+00.00	02	00	0898	08
05	0003	29	04	09	11	00427	09.1	+12.4	0000	063.4	000.0	0000	0009	+00.00	02	00	0898	08
05	0004	29	04	09	11	00428	09.1	+12.4	0000	063.4	000.0	0000	0014	+00.02	02	00	0898	08
05	0005	29	04	09	11	00428	09.1	+12.4	0000	063.5	000.0	0000	0019	+00.01	02	00	0898	08
05	0006	29	04	09	11	00428	09.1	+12.3	0000	063.5	000.0	0000	0024	+00.01	02	00	0898	08
05	0007	29	04	09	11	00428	09.1	+12.3	0000	063.5	000.0	0000	0028	+00.01	02	00	0898	08
05	0008	29	04	09	11	00428	09.1	+12.3	0000	063.6	000.0	0000	0033	+00.01	02	00	0898	08
05	0009	29	04	09	11	00428	09.1	+12.3	0000	063.6	000.0	0000	0038	+00.02	02	00	0898	08
05	0010	29	04	09	11	00428	09.2	+12.4	0000	063.7	000.0	0000	0043	+00.02	02	00	0898	08
05	0011	29	04	09	11	00428	09.2	+12.4	0000	063.7	000.0	0001	0048	+00.02	02	00	0898	08
05	0012	29	04	09	11	00428	09.2	+12.4	0000	063.7	000.0	0001	0052	+00.02	02	00	0898	08
05	0013	29	04	09	11	00429	09.1	+12.3	0000	063.8	000.0	0001	0057	+00.02	02	00	0898	08
05	0014	29	04	09	11	00429	09.1	+12.3	0000	063.8	000.0	0001	0062	+00.02	02	00	0898	08
06	0001	29	04	09	13	00429	09.2	+12.2	0000	064.4	000.0	0000	0000	+00.00	02	00	0898	08
06	0002	29	04	09	13	00429	09.3	+12.3	0000	064.7	000.0	0000	0004	+00.00	02	00	0898	08
06	0003	29	04	09	13	00430	09.1	+12.2	0000	064.6	000.0	0000	0009	+00.00	02	00	0898	08
06	0004	29	04	09	13	00430	09.2	+12.3	0000	064.7	000.0	0000	0014	+00.04	02	00	0898	08
06	0005	29	04	09	13	00430	09.2	+12.3	0000	064.7	000.0	0000	0019	+00.04	02	00	0898	08
06	0006	29	04	09	13	00430	09.2	+12.4	0000	064.7	000.0	0001	0024	+00.04	02	00	0898	08
06	0007	29	04	09	13	00431	09.1	+12.2	0000	064.6	000.0	0001	0028	+00.04	02	00	0898	08
06	0008	29	04	09	13	00431	09.2	+12.2	0000	064.6	000.0	0001	0033	+00.04	02	00	0898	08
06	0009	29	04	09	13	00431	09.2	+12.3	0000	064.6	000.0	0001	0038	+00.04	02	00	0898	08
06	0010	29	04	09	13	00431	09.2	+12.3	0000	064.6	000.0	0002	0043	+00.04	02	00	0898	08
06	0011	29	04	09	13	00432	09.2	+12.3	0000	064.6	000.0	0002	0048	+00.04	02	00	0898	08
06	0012	29	04	09	13	00432	09.2	+12.2	0000	064.5	000.0	0002	0052	+00.04	02	00	0898	08
06	0013	29	04	09	14	00432	09.2	+12.3	0000	064.5	000.0	0002	0057	+00.04	02	00	0898	08
06	0014	29	04	09	14	00432	09.2	+12.3	0000	064.5	000.0	0003	0062	+00.04	02	00	0898	08
08	0001	29	04	09	18	00427	09.0	+12.3	0000	063.1	000.0	0000	0000	+00.00	02	00	0898	08
08	0002	29	04	09	18	00426	09.0	+12.3	0000	063.2	000.0	0000	0004	+00.00	02	00	0899	08
08	0003	29	04	09	19	00426	09.0	+12.2	0000	063.2	000.0	0000	0009	+00.00	02	00	0899	08
08	0004	29	04	09	19	00426	09.1	+12.3	0000	063.2	000.0	0000	0014	-00.00	02	01	0899	08
08	0005	29	04	09	19	00427	09.0	+12.2	0000	063.3	000.0	0000	0019	+00.03	02	00	0898	08
08	0006	29	04	09	19	00426	09.1	+12.3	0000	063.3	000.0	0000	0024	+00.02	02	00	0899	08
08	0007	29	04	09	19	00427	09.1	+12.3	0000	063.4	000.0	0000	0028	+00.01	02	00	0899	08
08	0008	29	04	09	19	00427	09.1	+12.2	0000	063.5	000.0	0000	0033	+00.02	02	00	0899	08
08	0009	29	04	09	19	00427	09.1	+12.3	0000	063.6	000.0	0000	0038	+00.02	02	00	0899	08
08	0010	29	04	09	19	00428	09.2	+12.3	0000	063.7	000.0	0001	0043	+00.02	02	00	0898	08
08	0011	29	04	09	19	00428	09.2	+12.3	0000	063.7	000.0	0001	0048	+00.03	02	00	0898	08
08	0012	29	04	09	19	00428	09.2	+12.3	0000	063.8	000.0	0001	0052	+00.03	02	00	0899	08
08	0013	29	04	09	19	00428	09.2	+12.3	0000	063.9	000.0	0001	0057	+00.02	02	00	0899	08
08	0014	29	04	09	19	00428	09.2	+12.3	0000	064.0	000.0	0001	0062	+00.02	02	00	0899	08
09	0001	29	04	09	21	00427	09.2	+12.3	0000	064.9	000.0	0000	0000	+00.00	02	00	0899	08
09	0002	29	04	09	21	00427	09.3	+12.3	0000	064.9	000.0	0000	0004	+00.00	02	00	0899	08
09	0003	29	04	09	21	00427	09.3	+12.4	0000	064.9	000.0	0000	0009	+00.00	02	00	0899	08
09	0004	29	04	09	21	00428	09.3	+12.3	0000	064.9	000.0	0000	0014	+00.04	02	00	0899	08
09	0005	29	04	09	21	00428	09.3	+12.4	0000	064.9	000.0	0001	0019	+00.05	02	00	0899	08
09	0006	29	04	09	21	00428	09.3	+12.3	0000	064.9	000.0	0001	0024	+00.05	02	00	0899	08
09	0007	29	04	09	21	00429	09.3	+12.3	0000	064.9	000.0	0001	0028	+00.05	02	00	0899	08
09	0008	29	04	09	21	00429	09.3	+12.4	0000	064.9	000.0	0002	0033	+00.05	02	00	0899	08
09	0009	29	04	09	22	00430	09.3	+12.4	0000	064.9	000.0	0002	0038	+00.06	02	00	0898	08
09	0010	29	04	09	22	00430	09.3	+12.4	0000	064.9	000.0	0003	0043	+00.06	02	00	0899	08
09	0011	29	04	09	22	00430	09.3	+12.4	0000	064.9	000.0	0003	0048	+00.05	02	00	0899	08
09	0012	29	04	09	22	00430	09.3	+12.4	0000	064.9	000.0	0003	0052	+00.05	02	00	0899	08
09	0013	29	04	09	22	00430	09.3	+12.3	0000	064.9	000.0	0003	0057	+00.05	02	00	0899	08
09	0014	29	04	09	22	00431	09.3	+12.4	0000	064.9	000.0	0003	0062	+00.05	02	00	0899	08
10	0001	29	04	09	24	00426	09.5	+12.4	0000	065.8	000.0	0000	0000	+00.00	02	00	0898	08
10	0002	29	04	09	24	00426	09.4	+12.4	0000	066.0	000.0	0000	0004	+00.00	02	00	0899	08
10	0003	29	04	09	25	00426	09.5	+12.4	0000	066.1	000.0	0000	0009	+00.00	02	00	0899	08
10	0004	29	04	09	25	00426	09.5	+12.4	0000	066.0	000.0	0000	0014	-00.00	02	01	0899	08
10	0005	29	04	09	25	00426	09.5	+12.4	0000	066.0	000.0	0000	0019	+00.01	02	00	0899	08
10	0006	29	04	09	25	00427	09.5	+12.4	0000	066.0	000.0	0001	0024	+00.03	02	00	0898	08
10	0007	29	04	09	25	00427	09.5	+12.5	0000	065.9	000.0	0000	0028	+00.02	02	00	0899	08
10	0008	29	04	09	25	00427	09.4	+12.4	0000	065.9	000.0	0000	0033	+00.02	02	00	0899	08
10	0009	29	04	09	25	00427	09.5	+12.4	0000	065.8	000.0	0001	0038	+00.02	02	00	0899	08
10	0010	29	04	09	25	00427	09.4	+12.4	0000	065.8	000.0	0001	0043	+00.02	02	00	0899	08
10	0011	29	04	09	25	00427	09.5	+12.5	0000	065.8	000.0	0001	0048	+00.02	02	00	0899	08
10	0012	29	04	09	25	00427	09.4	+12.5	0000	065.8	000.0	0001	0052	+00.02	02	00	0899	08
10	0013	29	04	09	25	00428	09.5	+12.5	0000	065.8	000.0	0001	0057	+00.02	02	00	0898	08
10	0014	29	04	09	25	00428	09.5	+12.5	0000	065.8	000.0	0002	0062	+00.02	02	00	0899	08
11	0001	29	04	09	26	00431	09.5	+12.5	0000	065.8	000.0	0000	0000	+00.00	02	00	0899	08
11	0002	29	04	09	26	00431	09.6	+12.6	0000	065.8	000.0	0000	0004	+00.00	02	00	0899	08
11	0003	29	04	09	26	00431	09.5	+12.5	0000	065.8	000.0	0000	0009	+00.00	02	00	0899	08
11	0004	29	04	09	27	00431	09.5	+12.5	0000	065.8	000.0	0000	0014	+00.02	02	00	0899	08
11	0005	29	04	09	27	00433	09.5	+12.5	0000	065.8	000.0	0001	0019	+00.06	02	00	0898	08
11	0006	29	04	09	27	00432	09.5	+12.5	0000	065.8	000.0	0001	0024	+00.04	02	00	0899	08
11	0007	29	04	09	27	00432	09.5	+12.5	0000	065.8	000.0	0001	0028	+00.04	02	00	0899	08
11	0008	29	04	09	27	00433	09.5	+12.5	0000	065.8	000.0	0001	0033	+00.04	02	00	0898	08
11	0009	29	04	09	27	00432	09.6	+12.6	0000	065.8	000.0	0001	0038	+00.03	02	00	0899	08
11	0010	29	04	09	27	00432	09.6	+12.6	0000	065.8	000.0	0001	0043	+00.03	02	00	0899	08
11	0011	29	04	09	27	00433	09.5	+12.5	0000	065.8	000.0	0001	0048	+00.03	02	00	0899	08
11	0012	29	04	09	27	00433	09.5	+12.5	0000	065.8	000.0	0001	0052	+00.02	02	00	0899	08
11	0013	29	04	09	27	00433	09.6	+12.6	0000	065.8	000.0	0001	0057	+00.02	02	00	0899	08
11	0014	29	04	09	27	00434	09.6	+12.6	0000	065.8	000.0	0002	0062	+00.03	02	00	0898	08
12	0001	29	04	09	28	00437	09.6	+12.6	0000	066.3	000.0	0000	0000	+00.00	02	00	0899	08
12	0002	29	04	09	28	00437	09.6	+12.6	0000	066.3	000.0	0000	0004	+00.00	02	00	0899	08
12	0003	29	04	09	28	00437	09.6	+12.6	0000	066.3	000.0	0000	0009	+00.00	02	00	0899	08
12	0004	29	04	09	29	00438	09.6	+12.6	0000	066.3	000.0	0000	0014	+00.05	02	00	0899	08
12	0005	29	04	09	29	00438	09.6	+12.6	0000	066.3	000.0	0001	0019	+00.04	02	00	0899	08
12	0006	29	04	09	29	00438	09.6	+12.6	0000	066.3	000.0	0001	0024	+00.04	02	00	0899	08
12	0007	29	04	09	29	00439	09.6	+12.6	0000	066.3	000.0	0001	0028	+00.04	02	00	0899	08
12	0008	29	04	09	29	00439	09.7	+12.6	0000	066.3	000.0	0001	0033	+00.05	02	00	0899	08
12	0009	29	04	09	29	00439	09.6	+12.6	0000	066.3	000.0	0002	0038	+00.05	02	00	0899	08
12	0010	29	04	09	29	00440	09.6	+12.6	0000	066.3	000.0	0002	0043	+00.05	02	00	0898	08
12	0011	29	04	09	29	00440	09.6	+12.6	0000	066.3	000.0	0002	0048	+00.05	02	00	0899	08
12	0012	29	04	09	29	00440	09.7	+12.6	0000	066.4	000.0	0003	0052	+00.05	02	00	0899	08
12	0013	29	04	09	29	00440	09.6	+12.6	0000	066.4	000.0	0003	0057	+00.05	02	00	0899	08
12	0014	29	04	09	29	00441	09.7	+12.6	0000	066.4	000.0	0003	0062	+00.05	02	00	0899	08
13	0001	29	04	09	31	00427	09.5	+12.6	0000	064.9	000.0	0000	0000	+00.00	02	00	0899	08
13	0002	29	04	09	31	00427	09.5	+12.6	0000	065.2	000.0	0000	0004	+00.00	02	00	0899	08
13	0003	29	04	09	31	00427	09.5	+12.6	0000	065.1	000.0	0000	0009	+00.00	02	00	0899	08
13	0004	29	04	09	32	00428	09.5	+12.6	0000	065.1	000.0	0000	0014	+00.03	02	00	0898	08
13	0005	29	04	09	32	00427	09.5	+12.7	0000	065.1	000.0	0000	0019	+00.01	02	00	0899	08
13	0006	29	04	09	32	00428	09.5	+12.6	0000	065.1	000.0	0000	0024	+00.01	02	00	0899	08
13	0007	29	04	09	32	00428	09.4	+12.7	0000	065.0	000.0	0000	0028	+00.01	02	00	0899	08
13	0008	29	04	09	32	00428	09.4	+12.6	0000	065.0	000.0	0000	0033	+00.01	02	00	0899	08
13	0009	29	04	09	32	00428	09.4	+12.6	0000	064.9	000.0	0000	0038	+00.01	02	00	0899	08
13	0010	29	04	09	32	00428	09.4	+12.7	0000	064.9	000.0	0000	0043	+00.01	02	00	0899	08
13	0011	29	04	09	32	00428	09.4	+12.6	0000	064.8	000.0	0000	0048	+00.01	02	00	0899	08
13	0012	29	04	09	32	00428	09.5	+12.7	0000	064.8	000.0	0000	0052	+00.01	02	00	0899	08
13	0013	29	04	09	32	00428	09.4	+12.7	0000	064.8	000.0	0000	0057	+00.01	02	00	0899	08
13	0014	29	04	09	32	00428	09.5	+12.8	0000	064.8	000.0	0001	0062	+00.01	02	00	0899	08
14	0001	29	04	09	33	00427	09.4	+12.7	0000	064.5	000.0	0000	0000	+00.00	02	00	0899	08
14	0002	29	04	09	33	00428	09.4	+12.7	0000	064.2	000.0	0000	0004	+00.00	02	00	0898	08
14	0003	29	04	09	33	00427	09.4	+12.7	0000	064.1	000.0	0000	0009	+00.00	02	00	0899	08
14	0004	29	04	09	34	00427	09.4	+12.8	0000	064.1	000.0	0000	0014	-00.02	02	01	0899	08
14	0005	29	04	09	34	00428	09.4	+12.8	0000	064.1	000.0	0000	0019	-00.00	02	01	0899	08
14	0006	29	04	09	34	00427	09.5	+12.8	0000	064.1	000.0	0000	0024	-00.00	02	01	0899	08
14	0007	29	04	09	34	00427	09.4	+12.7	0000	064.1	000.0	0000	0028	-00.00	02	01	0899	08
14	0008	29	04	09	34	00428	09.4	+12.8	0000	064.0	000.0	0000	0033	-00.00	02	01	0899	08
14	0009	29	04	09	34	00428	09.3	+12.7	0000	064.0	000.0	0000	0038	+00.00	02	00	0899	08
14	0010	29	04	09	34	00429	09.3	+12.7	0000	064.0	000.0	0000	0043	+00.01	02	00	0898	08
14	0011	29	04	09	34	00428	09.3	+12.7	0000	063.9	000.0	0000	0048	+00.01	02	00	0899	08
14	0012	29	04	09	34	00428	09.3	+12.7	0000	063.9	000.0	0000	0052	+00.01	02	00	0899	08
14	0013	29	04	09	34	00428	09.3	+12.7	0000	063.8	000.0	0000	0057	+00.01	02	00	0899	08
14	0014	29	04	09	34	00428	09.3	+12.8	0000	063.8	000.0	0000	0062	+00.00	02	00	0899	08
15	0001	29	04	09	36	00427	09.0	+12.6	0000	061.8	000.0	0000	0000	+00.00	02	00	0899	08
15	0002	29	04	09	36	00427	09.0	+12.6	0000	061.7	000.0	0000	0004	+00.00	02	00	0899	08
15	0003	29	04	09	36	00428	08.9	+12.6	0000	061.6	000.0	0000	0009	+00.00	02	00	0899	08
15	0004	29	04	09	37	00428	08.9	+12.6	0000	061.5	000.0	0000	0014	+00.04	02	00	0899	08
15	0005	29	04	09	37	00429	08.9	+12.6	0000	061.6	000.0	0001	0019	+00.05	02	00	0899	08
15	0006	29	04	09	37	00429	08.9	+12.6	0000	061.5	000.0	0001	0024	+00.05	02	00	0899	08
15	0007	29	04	09	37	00429	08.9	+12.6	0000	061.5	000.0	0001	0028	+00.05	02	00	0899	08
15	0008	29	04	09	37	00429	08.9	+12.6	0000	061.5	000.0	0002	0033	+00.05	02	00	0899	08
15	0009	29	04	09	37	00430	08.9	+12.6	0000	061.5	000.0	0002	0038	+00.05	02	00	0899	08
15	0010	29	04	09	37	00430	08.9	+12.6	0000	061.5	000.0	0002	0043	+00.05	02	00	0899	08
15	0011	29	04	09	37	00430	08.9	+12.6	0000	061.5	000.0	0002	0048	+00.05	02	00	0899	08
15	0012	29	04	09	37	00430	08.9	+12.5	0000	061.5	000.0	0003	0052	+00.04	02	00	0899	08
15	0013	29	04	09	37	00431	08.9	+12.5	0000	061.5	000.0	0003	0057	+00.04	02	00	0899	08
15	0014	29	04	09	37	00431	08.8	+12.5	0000	061.5	000.0	0003	0062	+00.04	02	00	0899	08
16	0001	29	04	09	39	00425	09.0	+12.4	0000	062.2	000.0	0000	0000	+00.00	02	00	0899	08
16	0002	29	04	09	40	00425	08.9	+12.4	0000	062.1	000.0	0000	0004	+00.00	02	00	0899	08
16	0003	29	04	09	40	00425	08.9	+12.3	0000	062.1	000.0	0000	0009	+00.00	02	00	0899	08
16	0004	29	04	09	40	00426	08.9	+12.4	0000	062.1	000.0	0000	0014	+00.05	02	00	0898	08
16	0005	29	04	09	40	00425	08.9	+12.4	0000	062.1	000.0	0000	0019	+00.03	02	00	0899	08
16	0006	29	04	09	40	00426	08.9	+12.4	0000	062.1	000.0	0000	0024	+00.02	02	00	0899	08
16	0007	29	04	09	40	00426	08.9	+12.3	0000	062.2	000.0	0000	0028	+00.02	02	00	0899	08
16	0008	29	04	09	40	00426	08.9	+12.4	0000	062.2	000.0	0000	0033	+00.02	02	00	0899	08
16	0009	29	04	09	40	00426	08.9	+12.4	0000	062.2	000.0	0000	0038	+00.02	02	00	0899	08
16	0010	29	04	09	40	00427	09.0	+12.5	0000	062.2	000.0	0001	0043	+00.02	02	00	0898	08
16	0011	29	04	09	40	00426	08.9	+12.4	0000	062.2	000.0	0001	0048	+00.02	02	00	0899	08
16	0012	29	04	09	40	00426	08.9	+12.4	0000	062.2	000.0	0001	0052	+00.02	02	00	0899	08
16	0013	29	04	09	40	00426	09.0	+12.4	0000	062.2	000.0	0001	0057	+00.02	02	00	0899	08
16	0014	29	04	09	41	00426	09.0	+12.4	0000	062.2	000.0	0001	0062	+00.01	02	00	0899	08
17	0001	29	04	09	42	00444	09.1	+12.3	0000	063.5	000.0	0000	0000	+00.00	02	00	0898	08
17	0002	29	04	09	42	00443	09.2	+12.4	0000	063.7	000.0	0000	0004	+00.00	02	00	0898	08
17	0003	29	04	09	42	00443	09.1	+12.4	0000	063.7	000.0	0000	0009	+00.00	02	00	0898	08
17	0004	29	04	09	42	00442	09.1	+12.4	0000	063.6	000.0	0001	0014	-00.06	02	01	0899	08
17	0005	29	04	09	42	00442	09.1	+12.3	0000	063.7	000.0	0001	0019	-00.05	02	01	0899	08
17	0006	29	04	09	42	00443	09.1	+12.4	0000	063.6	000.0	0001	0024	-00.04	02	01	0899	08
17	0007	29	04	09	42	00443	09.2	+12.4	0000	063.7	000.0	0001	0028	-00.02	02	01	0899	08
17	0008	29	04	09	42	00443	09.1	+12.3	0000	063.6	000.0	0000	0033	-00.02	02	01	0899	08
17	0009	29	04	09	42	00444	09.2	+12.4	0000	063.6	000.0	0000	0038	-00.00	02	01	0898	08
17	0010	29	04	09	42	00444	09.2	+12.4	0000	063.6	000.0	0000	0043	+00.00	02	00	0898	08
17	0011	29	04	09	42	00443	09.1	+12.4	0000	063.6	000.0	0000	0048	-00.00	02	01	0899	08
17	0012	29	04	09	42	00443	09.1	+12.4	0000	063.7	000.0	0000	0052	+00.00	02	00	0899	08
17	0013	29	04	09	43	00443	09.1	+12.4	0000	063.7	000.0	0000	0057	-00.00	02	01	0899	08
17	0014	29	04	09	43	00443	09.2	+12.4	0000	063.7	000.0	0000	0062	+00.00	02	00	0899	08
18	0001	29	04	09	44	00437	09.2	+12.4	0000	064.0	000.0	0000	0000	+00.00	02	00	0899	08
18	0002	29	04	09	44	00437	09.2	+12.3	0000	064.1	000.0	0000	0004	+00.00	02	00	0899	08
18	0003	29	04	09	44	00437	09.2	+12.2	0000	064.3	000.0	0000	0009	+00.00	02	00	0899	08
18	0004	29	04	09	44	00438	09.2	+12.4	0000	064.3	000.0	0001	0014	+00.08	02	00	0898	08
18	0005	29	04	09	44	00438	09.2	+12.3	0000	064.3	000.0	0001	0019	+00.07	02	00	0899	08
18	0006	29	04	09	44	00438	09.2	+12.3	0000	064.3	000.0	0001	0024	+00.05	02	00	0899	08
18	0007	29	04	09	44	00439	09.2	+12.3	0000	064.4	000.0	0001	0028	+00.05	02	00	0899	08
18	0008	29	04	09	44	00439	09.2	+12.3	0000	064.4	000.0	0002	0033	+00.05	02	00	0899	08
18	0009	29	04	09	44	00439	09.2	+12.3	0000	064.4	000.0	0002	0038	+00.05	02	00	0899	08
18	0010	29	04	09	44	00440	09.2	+12.3	0000	064.4	000.0	0002	0043	+00.05	02	00	0899	08
18	0011	29	04	09	45	00441	09.2	+12.3	0000	064.4	000.0	0003	0048	+00.06	02	00	0898	08
18	0012	29	04	09	45	00441	09.2	+12.3	0000	064.4	000.0	0004	0052	+00.06	02	00	0899	08
18	0013	29	04	09	45	00441	09.3	+12.4	0000	064.4	000.0	0004	0057	+00.06	02	00	0899	08
18	0014	29	04	09	45	00442	09.2	+12.3	0000	064.4	000.0	0005	0062	+00.06	02	00	0898	08
19	0001	29	04	09	46	00433	09.2	+12.4	0000	064.5	000.0	0000	0000	+00.00	02	00	0898	08
19	0002	29	04	09	46	00433	09.2	+12.3	0000	064.5	000.0	0000	0004	+00.00	02	00	0899	08
19	0003	29	04	09	46	00434	09.2	+12.3	0000	064.5	000.0	0000	0009	+00.00	02	00	0899	08
19	0004	29	04	09	46	00436	09.2	+12.3	0000	064.5	000.0	0002	0014	+00.14	02	00	0899	08
19	0005	29	04	09	46	00437	09.1	+12.3	0000	064.4	000.0	0004	0019	+00.19	02	00	0899	08
19	0006	29	04	09	46	00439	09.2	+12.3	0000	064.4	000.0	0005	0024	+00.20	02	00	0899	08
19	0007	29	04	09	47	00440	09.2	+12.4	0000	064.4	000.0	0007	0028	+00.22	02	00	0898	08
19	0008	29	04	09	47	00441	09.1	+12.3	0000	064.4	000.0	0008	0033	+00.22	02	00	0899	08
19	0009	29	04	09	47	00442	09.2	+12.3	0000	064.4	000.0	0010	0038	+00.22	02	00	0899	08
19	0010	29	04	09	47	00444	09.1	+12.3	0000	064.4	000.0	0011	0043	+00.23	02	00	0898	08
19	0011	29	04	09	47	00444	09.2	+12.4	0000	064.3	000.0	0012	0048	+00.22	02	00	0899	08
19	0012	29	04	09	47	00445	09.1	+12.3	0000	064.3	000.0	0013	0052	+00.21	02	00	0899	08
19	0013	29	04	09	47	00446	09.1	+12.3	0000	064.3	000.0	0014	0057	+00.21	02	00	0899	08
19	0014	29	04	09	47	00446	09.1	+12.3	0000	064.3	000.0	0014	0062	+00.20	02	00	0899	08
20	0001	29	04	09	49	00433	09.1	+12.3	0000	064.0	000.0	0000	0000	+00.00	02	00	0899	08
20	0002	29	04	09	49	00434	09.1	+12.2	0000	064.1	000.0	0000	0004	+00.00	02	00	0899	08
20	0003	29	04	09	49	00435	09.1	+12.2	0000	064.1	000.0	0000	0009	+00.00	02	00	0898	08
20	0004	29	04	09	49	00435	09.2	+12.3	0000	064.2	000.0	0001	0014	+00.10	02	00	0899	08
20	0005	29	04	09	49	00435	09.2	+12.3	0000	064.2	000.0	0002	0019	+00.09	02	00	0899	08
20	0006	29	04	09	49	00436	09.2	+12.2	0000	064.3	000.0	0002	0024	+00.08	02	00	0899	08
20	0007	29	04	09	49	00437	09.2	+12.3	0000	064.3	000.0	0003	0028	+00.09	02	00	0898	08
20	0008	29	04	09	49	00437	09.2	+12.2	0000	064.3	000.0	0003	0033	+00.09	02	00	0899	08
20	0009	29	04	09	49	00437	09.2	+12.2	0000	064.4	000.0	0003	0038	+00.08	02	00	0899	08
20	0010	29	04	09	49	00438	09.2	+12.2	0000	064.4	000.0	0004	0043	+00.08	02	00	0899	08
20	0011	29	04	09	49	00438	09.2	+12.3	0000	064.5	000.0	0004	0048	+00.08	02	00	0899	08
20	0012	29	04	09	50	00439	09.2	+12.3	0000	064.5	000.0	0005	0052	+00.08	02	00	0899	08
20	0013	29	04	09	50	00439	09.2	+12.3	0000	064.5	000.0	0005	0057	+00.08	02	00	0899	08
20	0014	29	04	09	50	00440	09.2	+12.2	0000	064.6	000.0	0006	0062	+00.08	02	00	0899	08
21	0001	29	04	09	51	00431	09.3	+12.2	0000	065.3	000.0	0000	0000	+00.00	02	00	0899	08
21	0002	29	04	09	51	00432	09.3	+12.3	0000	065.3	000.0	0000	0004	+00.00	02	00	0898	08
21	0003	29	04	09	51	00431	09.3	+12.2	0000	065.3	000.0	0000	0009	+00.00	02	00	0899	08
21	0004	29	04	09	51	00431	09.3	+12.3	0000	065.3	000.0	0000	0014	-00.00	02	01	0899	08
21	0005	29	04	09	51	00431	09.2	+12.3	0000	065.2	000.0	0000	0019	-00.00	02	01	0899	08
21	0006	29	04	09	51	00431	09.2	+12.3	0000	065.2	000.0	0000	0024	-00.00	02	01	0899	08
21	0007	29	04	09	51	00432	09.2	+12.2	0000	065.1	000.0	0000	0028	+00.00	02	00	0899	08
21	0008	29	04	09	51	00432	09.2	+12.2	0000	065.1	000.0	0000	0033	+00.01	02	00	0898	08
21	0009	29	04	09	51	00433	09.1	+12.2	0000	065.0	000.0	0000	0038	+00.02	02	00	0898	08
21	0010	29	04	09	51	00432	09.1	+12.2	0000	065.0	000.0	0000	0043	+00.01	02	00	0899	08
21	0011	29	04	09	51	00432	09.2	+12.3	0000	064.9	000.0	0000	0048	+00.01	02	00	0899	08
21	0012	29	04	09	51	00432	09.2	+12.2	0000	064.9	000.0	0000	0052	+00.00	02	00	0899	08
21	0013	29	04	09	51	00433	09.2	+12.2	0000	064.9	000.0	0000	0057	+00.01	02	00	0898	08
21	0014	29	04	09	52	00432	09.1	+12.2	0000	064.8	000.0	0000	0062	+00.01	02	00	0899	08
22	0001	29	04	09	52	00433	09.1	+12.2	0000	064.4	000.0	0000	0000	+00.00	02	00	0899	08
22	0002	29	04	09	52	00434	09.1	+12.2	0000	064.4	000.0	0000	0004	+00.00	02	00	0899	08
22	0003	29	04	09	53	00435	09.1	+12.2	0000	064.4	000.0	0000	0009	+00.00	02	00	0899	08
22	0004	29	04	09	53	00436	09.2	+12.2	0000	064.5	000.0	0002	0014	+00.15	02	00	0899	08
22	0005	29	04	09	53	00436	09.2	+12.2	0000	064.5	000.0	0003	0019	+00.14	02	00	0899	08
22	0006	29	04	09	53	00438	09.1	+12.2	0000	064.5	000.0	0004	0024	+00.15	02	00	0898	08
22	0007	29	04	09	53	00438	09.2	+12.2	0000	064.5	000.0	0004	0028	+00.14	02	00	0899	08
22	0008	29	04	09	53	00439	09.2	+12.2	0000	064.6	000.0	0005	0033	+00.14	02	00	0899	08
22	0009	29	04	09	53	00440	09.2	+12.2	0000	064.6	000.0	0006	0038	+00.14	02	00	0899	08
22	0010	29	04	09	53	00440	09.2	+12.2	0000	064.7	000.0	0007	0043	+00.14	02	00	0899	08
22	0011	29	04	09	53	00441	09.2	+12.2	0000	064.7	000.0	0008	0048	+00.14	02	00	0899	08
22	0012	29	04	09	53	00442	09.3	+12.2	0000	064.7	000.0	0008	0052	+00.14	02	00	0899	08
22	0013	29	04	09	53	00443	09.2	+12.3	0000	064.8	000.0	0009	0057	+00.14	02	00	0899	08
22	0014	29	04	09	53	00443	09.3	+12.2	0000	064.8	000.0	0010	0062	+00.14	02	00	0899	08
23	0001	29	04	09	54	00430	09.3	+12.2	0000	065.8	000.0	0000	0000	+00.00	02	00	0899	08
23	0002	29	04	09	55	00430	09.3	+12.2	0000	065.9	000.0	0000	0004	+00.00	02	00	0899	08
23	0003	29	04	09	55	00430	09.3	+12.2	0000	065.8	000.0	0000	0009	+00.00	02	00	0899	08
23	0004	29	04	09	55	00430	09.3	+12.2	0000	065.8	000.0	0000	0014	+00.03	02	00	0899	08
23	0005	29	04	09	55	00430	09.3	+12.2	0000	065.8	000.0	0000	0019	+00.02	02	00	0899	08
23	0006	29	04	09	55	00430	09.3	+12.2	0000	065.8	000.0	0000	0024	+00.02	02	00	0899	08
23	0007	29	04	09	55	00431	09.3	+12.2	0000	065.8	000.0	0000	0028	+00.02	02	00	0899	08
23	0008	29	04	09	55	00431	09.3	+12.2	0000	065.8	000.0	0000	0033	+00.02	02	00	0899	08
23	0009	29	04	09	55	00431	09.3	+12.2	0000	065.7	000.0	0001	0038	+00.02	02	00	0899	08
23	0010	29	04	09	55	00431	09.3	+12.2	0000	065.7	000.0	0001	0043	+00.02	02	00	0899	08
23	0011	29	04	09	55	00431	09.3	+12.3	0000	065.7	000.0	0001	0048	+00.02	02	00	0899	08
23	0012	29	04	09	55	00431	09.3	+12.3	0000	065.6	000.0	0001	0052	+00.02	02	00	0899	08
23	0013	29	04	09	55	00431	09.3	+12.3	0000	065.6	000.0	0001	0057	+00.02	02	00	0899	08
23	0014	29	04	09	55	00431	09.3	+12.2	0000	065.6	000.0	0001	0062	+00.02	02	00	0899	08
24	0001	29	04	09	57	00433	09.3	+12.3	0000	065.3	000.0	0000	0000	+00.00	02	00	0899	08
24	0002	29	04	09	57	00433	09.3	+12.3	0000	065.3	000.0	0000	0004	+00.00	02	00	0899	08
24	0003	29	04	09	57	00433	09.3	+12.2	0000	065.3	000.0	0000	0009	+00.00	02	00	0899	08
24	0004	29	04	09	57	00434	09.3	+12.3	0000	065.3	000.0	0000	0014	+00.05	02	00	0898	08
24	0005	29	04	09	57	00433	09.4	+12.3	0000	065.4	000.0	0000	0019	+00.02	02	00	0899	08
24	0006	29	04	09	57	00434	09.3	+12.3	0000	065.4	000.0	0000	0024	+00.02	02	00	0898	08
24	0007	29	04	09	57	00433	09.3	+12.3	0000	065.4	000.0	0000	0028	+00.01	02	00	0899	08
24	0008	29	04	09	57	00433	09.3	+12.3	0000	065.4	000.0	0000	0033	+00.00	02	00	0899	08
24	0009	29	04	09	57	00433	09.3	+12.2	0000	065.4	000.0	0000	0038	+00.00	02	00	0899	08
24	0010	29	04	09	57	00434	09.3	+12.3	0000	065.4	000.0	0000	0043	+00.00	02	00	0899	08
24	0011	29	04	09	57	00434	09.3	+12.3	0000	065.4	000.0	0000	0048	+00.00	02	00	0899	08
24	0012	29	04	09	57	00433	09.3	+12.3	0000	065.4	000.0	0000	0052	+00.00	02	00	0899	08
24	0013	29	04	09	58	00434	09.3	+12.3	0000	065.4	000.0	0000	0057	+00.00	02	00	0899	08
24	0014	29	04	09	58	00433	09.3	+12.2	0000	065.4	000.0	0000	0062	+00.00	02	00	0899	08
26	0001	29	04	10	01	00433	09.1	+12.3	0000	064.0	000.0	0000	0000	+00.00	02	00	0899	08
26	0002	29	04	10	01	00433	09.1	+12.2	0000	064.0	000.0	0000	0004	+00.00	02	00	0899	08
26	0003	29	04	10	01	00434	09.2	+12.4	0000	064.0	000.0	0000	0009	+00.00	02	00	0898	08
26	0004	29	04	10	01	00433	09.1	+12.3	0000	064.0	000.0	0000	0014	+00.01	02	00	0899	08
26	0005	29	04	10	01	00434	09.1	+12.2	0000	064.0	000.0	0000	0019	+00.03	02	00	0898	08
26	0006	29	04	10	01	00434	09.1	+12.3	0000	064.0	000.0	0000	0024	+00.02	02	00	0899	08
26	0007	29	04	10	01	00433	09.1	+12.2	0000	064.0	000.0	0000	0028	+00.00	02	00	0899	08
26	0008	29	04	10	01	00434	09.1	+12.3	0000	064.0	000.0	0000	0033	+00.01	02	00	0898	08
26	0009	29	04	10	02	00433	09.1	+12.2	0000	064.0	000.0	0000	0038	+00.00	02	00	0899	08
26	0010	29	04	10	02	00434	09.1	+12.3	0000	064.0	000.0	0000	0043	+00.01	02	00	0898	08
26	0011	29	04	10	02	00434	09.1	+12.2	0000	064.0	000.0	0000	0048	+00.00	02	00	0899	08
26	0012	29	04	10	02	00434	09.1	+12.2	0000	064.1	000.0	0000	0052	+00.00	02	00	0898	08
26	0013	29	04	10	02	00434	09.1	+12.2	0000	064.1	000.0	0000	0057	+00.01	02	00	0898	08
26	0014	29	04	10	02	00434	09.1	+12.2	0000	064.1	000.0	0000	0062	+00.01	02	00	0898	08
27	0001	29	04	10	03	00440	09.2	+12.3	0000	064.4	000.0	0000	0000	+00.00	02	00	0899	08
27	0002	29	04	10	03	00441	09.2	+12.3	0000	064.4	000.0	0000	0004	+00.00	02	00	0899	08
27	0003	29	04	10	03	00441	09.1	+12.1	0000	064.4	000.0	0000	0009	+00.00	02	00	0899	08
27	0004	29	04	10	03	00441	09.1	+12.2	0000	064.5	000.0	0000	0014	+00.03	02	00	0899	08
27	0005	29	04	10	03	00442	09.2	+12.2	0000	064.5	000.0	0001	0019	+00.05	02	00	0898	08
27	0006	29	04	10	03	00442	09.1	+12.1	0000	064.6	000.0	0001	0024	+00.05	02	00	0898	08
27	0007	29	04	10	03	00442	09.2	+12.2	0000	064.6	000.0	0001	0028	+00.05	02	00	0898	08
27	0008	29	04	10	04	00443	09.2	+12.2	0000	064.7	000.0	0002	0033	+00.05	02	00	0898	08
27	0009	29	04	10	04	00441	09.2	+12.2	0000	064.7	000.0	0001	0038	+00.04	02	00	0899	08
27	0010	29	04	10	04	00442	09.2	+12.2	0000	064.7	000.0	0001	0043	+00.03	02	00	0899	08
27	0011	29	04	10	04	00442	09.2	+12.2	0000	064.8	000.0	0001	0048	+00.03	02	00	0899	08
27	0012	29	04	10	04	00442	09.2	+12.2	0000	064.8	000.0	0001	0052	+00.02	02	00	0899	08
27	0013	29	04	10	04	00442	09.3	+12.2	0000	064.8	000.0	0001	0057	+00.02	02	00	0899	08
27	0014	29	04	10	04	00442	09.2	+12.2	0000	064.9	000.0	0001	0062	+00.02	02	00	0899	08
28	0001	29	04	10	05	00436	09.2	+12.1	0000	065.3	000.0	0000	0000	+00.00	02	00	0898	08
28	0002	29	04	10	05	00436	09.2	+12.0	0000	065.3	000.0	0000	0004	+00.00	02	00	0899	08
28	0003	29	04	10	05	00436	09.2	+12.0	0000	065.3	000.0	0000	0009	+00.00	02	00	0898	08
28	0004	29	04	10	05	00436	09.2	+12.1	0000	065.3	000.0	0000	0014	-00.00	02	01	0899	08
28	0005	29	04	10	05	00437	09.1	+12.0	0000	065.3	000.0	0000	0019	+00.02	02	00	0898	08
28	0006	29	04	10	05	00436	09.2	+12.1	0000	065.3	000.0	0000	0024	+00.00	02	00	0899	08
28	0007	29	04	10	05	00436	09.2	+12.1	0000	065.3	000.0	0000	0028	+00.00	02	00	0899	08
28	0008	29	04	10	05	00436	09.2	+12.0	0000	065.3	000.0	0000	0033	+00.00	02	00	0899	08
28	0009	29	04	10	06	00436	09.2	+12.0	0000	065.4	000.0	0000	0038	+00.00	02	00	0899	08
28	0010	29	04	10	06	00436	09.2	+12.0	0000	065.4	000.0	0000	0043	+00.00	02	00	0899	08
28	0011	29	04	10	06	00436	09.2	+12.2	0000	065.4	000.0	0000	0048	+00.00	02	00	0899	08
28	0012	29	04	10	06	00436	09.2	+12.1	0000	065.4	000.0	0000	0052	+00.00	02	00	0899	08
28	0013	29	04	10	06	00437	09.2	+12.0	0000	065.4	000.0	0000	0057	+00.01	02	00	0898	08
28	0014	29	04	10	06	00437	09.2	+12.1	0000	065.4	000.0	0000	0062	+00.01	02	00	0899	08
29	0001	29	04	10	08	00435	09.1	+12.0	0000	065.3	000.0	0000	0000	+00.00	02	00	0899	08
29	0002	29	04	10	08	00439	09.1	+12.0	0000	065.4	000.0	0000	0004	+00.00	02	00	0899	08
29	0003	29	04	10	08	00442	09.1	+12.0	0000	065.4	000.0	0000	0009	+00.00	02	00	0899	08
29	0004	29	04	10	08	00445	09.2	+12.0	0000	065.5	000.0	0009	0014	+00.56	02	00	0899	08
29	0005	29	04	10	08	00451	09.1	+11.9	0000	065.5	000.0	0015	0019	+00.68	02	00	0898	08
29	0006	29	04	10	08	00457	09.3	+12.0	0000	065.6	000.0	0021	0024	+00.75	02	00	0899	08
29	0007	29	04	10	08	00464	09.1	+11.9	0000	065.6	000.0	0028	0028	+00.84	02	00	0899	08
29	0008	29	04	10	08	00473	09.1	+11.8	0000	065.6	000.0	0036	0033	+00.93	02	00	0899	08
29	0009	29	04	10	08	00483	09.2	+12.0	0000	065.6	000.0	0046	0038	+01.04	02	00	0898	08
29	0010	29	04	10	08	00498	09.2	+12.0	0000	065.6	000.0	0059	0043	+01.18	02	00	0898	08
30	0001	29	04	10	12	00429	09.1	+11.7	0000	066.6	000.0	0000	0000	+00.00	02	00	0899	08
30	0002	29	04	10	12	00429	09.2	+11.7	0000	066.9	000.0	0000	0004	+00.00	02	00	0899	08
30	0003	29	04	10	12	00429	09.3	+11.8	0000	066.9	000.0	0000	0009	+00.00	02	00	0899	08
30	0004	29	04	10	12	00430	09.1	+11.7	0000	066.8	000.0	0001	0014	+00.06	02	00	0899	08
30	0005	29	04	10	12	00430	09.1	+11.6	0000	066.8	000.0	0001	0019	+00.05	02	00	0899	08
30	0006	29	04	10	12	00430	09.1	+11.7	0000	066.8	000.0	0001	0024	+00.06	02	00	0899	08
30	0007	29	04	10	12	00431	09.2	+11.8	0000	066.8	000.0	0002	0028	+00.08	02	00	0898	08
30	0008	29	04	10	12	00431	09.2	+11.7	0000	066.7	000.0	0002	0033	+00.07	02	00	0899	08
30	0009	29	04	10	12	00431	09.1	+11.6	0000	066.8	000.0	0003	0038	+00.06	02	00	0899	08
30	0010	29	04	10	12	00432	09.1	+11.6	0000	066.8	000.0	0003	0043	+00.07	02	00	0898	08
30	0011	29	04	10	13	00432	09.0	+11.6	0000	066.8	000.0	0003	0048	+00.07	02	00	0899	08
30	0012	29	04	10	13	00433	09.0	+11.6	0000	066.8	000.0	0004	0052	+00.06	02	00	0899	08
30	0013	29	04	10	13	00433	09.1	+11.6	0000	066.8	000.0	0004	0057	+00.06	02	00	0899	08
30	0014	29	04	10	13	00433	09.0	+11.5	0000	066.8	000.0	0004	0062	+00.06	02	00	0899	08
31	0001	29	04	12	10	00429	09.7	+12.0	0000	069.2	000.0	0000	0000	+00.00	00	00	0899	08
31	0002	29	04	12	10	00429	09.7	+12.0	0000	069.1	000.0	0000	0004	+00.00	00	00	0899	08
31	0003	29	04	12	10	00429	09.7	+12.0	0000	069.1	000.0	0000	0009	+00.00	00	00	0899	08
31	0004	29	04	12	10	00429	09.8	+12.1	0000	069.2	000.0	0000	0014	+00.02	02	00	0899	08
31	0005	29	04	12	10	00429	09.7	+12.0	0000	069.2	000.0	0000	0019	+00.02	02	00	0899	08
31	0006	29	04	12	10	00429	09.7	+12.0	0000	069.2	000.0	0000	0024	+00.01	02	00	0899	08
31	0007	29	04	12	10	00430	09.7	+12.0	0000	069.2	000.0	0000	0028	+00.01	02	00	0899	08
31	0008	29	04	12	10	00430	09.8	+12.1	0000	069.2	000.0	0001	0033	+00.02	02	00	0898	08
31	0009	29	04	12	10	00430	09.8	+12.1	0000	069.2	000.0	0001	0038	+00.03	02	00	0898	08
31	0010	29	04	12	10	00430	09.7	+12.1	0000	069.2	000.0	0001	0043	+00.02	02	00	0899	08
31	0011	29	04	12	11	00430	09.7	+12.1	0000	069.2	000.0	0001	0048	+00.02	02	00	0899	08
31	0012	29	04	12	11	00430	09.7	+12.1	0000	069.2	000.0	0001	0052	+00.01	02	00	0899	08
31	0013	29	04	12	11	00430	09.7	+12.1	0000	069.1	000.0	0001	0057	+00.01	02	00	0899	08
31	0014	29	04	12	11	00430	09.7	+12.1	0000	069.1	000.0	0001	0062	+00.01	02	00	0899	08
32	0001	29	04	12	13	00430	09.8	+12.2	0000	068.9	000.0	0000	0000	+00.00	02	00	0899	08
32	0002	29	04	12	13	00431	09.7	+12.2	0000	068.5	000.0	0000	0004	+00.00	02	00	0899	08
32	0003	29	04	12	13	00431	09.8	+12.4	0000	068.5	000.0	0000	0009	+00.00	02	00	0898	08
32	0004	29	04	12	13	00431	09.7	+12.2	0000	068.5	000.0	0000	0014	+00.03	02	00	0899	08
32	0005	29	04	12	13	00431	09.8	+12.4	0000	068.5	000.0	0000	0019	+00.02	02	00	0899	08
32	0006	29	04	12	13	00431	09.8	+12.3	0000	068.5	000.0	0000	0024	+00.02	02	00	0899	08
32	0007	29	04	12	13	00432	09.8	+12.3	0000	068.5	000.0	0001	0028	+00.04	02	00	0898	08
32	0008	29	04	12	13	00432	09.8	+12.3	0000	068.4	000.0	0001	0033	+00.03	02	00	0899	08
32	0009	29	04	12	13	00432	09.8	+12.3	0000	068.4	000.0	0001	0038	+00.03	02	00	0899	08
32	0010	29	04	12	13	00432	09.7	+12.3	0000	068.4	000.0	0001	0043	+00.03	02	00	0899	08
32	0011	29	04	12	13	00432	09.7	+12.4	0000	068.3	000.0	0001	0048	+00.03	02	00	0899	08
32	0012	29	04	12	13	00433	09.7	+12.4	0000	068.3	000.0	0002	0052	+00.03	02	00	0899	08
32	0013	29	04	12	14	00433	09.7	+12.3	0000	068.3	000.0	0002	0057	+00.03	02	00	0899	08
32	0014	29	04	12	14	00433	09.7	+12.3	0000	068.3	000.0	0002	0062	+00.03	02	00	0899	08
33	0001	29	04	12	16	00430	09.6	+12.4	0000	067.1	000.0	0000	0000	+00.00	02	00	0899	08
33	0002	29	04	12	16	00431	09.7	+12.4	0000	067.1	000.0	0000	0004	+00.00	02	00	0899	08
33	0003	29	04	12	16	00433	09.6	+12.4	0000	067.0	000.0	0000	0009	+00.00	02	00	0899	08
33	0004	29	04	12	16	00434	09.6	+12.4	0000	066.9	000.0	0004	0014	+00.25	02	00	0899	08
33	0005	29	04	12	16	00435	09.6	+12.4	0000	066.9	000.0	0005	0019	+00.23	02	00	0899	08
33	0006	29	04	12	16	00437	09.6	+12.4	0000	066.8	000.0	0006	0024	+00.23	02	00	0899	08
33	0007	29	04	12	16	00438	09.6	+12.5	0000	066.8	000.0	0007	0028	+00.23	02	00	0899	08
33	0008	29	04	12	16	00439	09.6	+12.5	0000	066.8	000.0	0009	0033	+00.23	02	00	0899	08
33	0009	29	04	12	16	00442	09.6	+12.5	0000	066.8	000.0	0011	0038	+00.24	02	00	0898	08
33	0010	29	04	12	16	00442	09.6	+12.5	0000	066.8	000.0	0012	0043	+00.24	02	00	0899	08
33	0011	29	04	12	16	00443	09.7	+12.5	0000	066.8	000.0	0013	0048	+00.24	02	00	0899	08
33	0012	29	04	12	17	00445	09.6	+12.4	0000	066.8	000.0	0014	0052	+00.23	02	00	0899	08
33	0013	29	04	12	17	00447	09.7	+12.5	0000	066.8	000.0	0016	0057	+00.24	02	00	0898	08
33	0014	29	04	12	17	00447	09.7	+12.5	0000	066.8	000.0	0017	0062	+00.24	02	00	0899	08
34	0001	29	04	12	19	00427	09.7	+12.7	0000	066.3	000.0	0000	0000	+00.00	02	00	0899	08
34	0002	29	04	12	19	00427	09.7	+12.7	0000	066.3	000.0	0000	0004	+00.00	02	00	0899	08
34	0003	29	04	12	20	00428	09.7	+12.7	0000	066.3	000.0	0000	0009	+00.00	02	00	0898	08
34	0004	29	04	12	20	00427	09.7	+12.7	0000	066.3	000.0	0000	0014	+00.01	02	00	0899	08
34	0005	29	04	12	20	00427	09.7	+12.6	0000	066.3	000.0	0000	0019	+00.00	02	00	0899	08
34	0006	29	04	12	20	00428	09.7	+12.7	0000	066.3	000.0	0000	0024	+00.02	02	00	0898	08
34	0007	29	04	12	20	00427	09.7	+12.7	0000	066.3	000.0	0000	0028	+00.01	02	00	0899	08
34	0008	29	04	12	20	00428	09.7	+12.7	0000	066.3	000.0	0000	0033	+00.01	02	00	0899	08
34	0009	29	04	12	20	00428	09.7	+12.7	0000	066.3	000.0	0000	0038	+00.01	02	00	0899	08
34	0010	29	04	12	20	00428	09.7	+12.7	0000	066.3	000.0	0000	0043	+00.01	02	00	0899	08
34	0011	29	04	12	20	00428	09.8	+12.8	0000	066.3	000.0	0001	0048	+00.01	02	00	0898	08
34	0012	29	04	12	20	00428	09.7	+12.7	0000	066.3	000.0	0001	0052	+00.01	02	00	0899	08
34	0013	29	04	12	20	00428	09.7	+12.7	0000	066.3	000.0	0001	0057	+00.01	02	00	0899	08
34	0014	29	04	12	20	00428	09.7	+12.7	0000	066.3	000.0	0001	0062	+00.01	02	00	0899	08
35	0001	29	04	12	22	00429	09.7	+12.8	0000	065.9	000.0	0000	0000	+00.00	02	00	0899	08
35	0002	29	04	12	22	00430	09.7	+12.8	0000	065.9	000.0	0000	0004	+00.00	02	00	0898	08
35	0003	29	04	12	22	00429	09.7	+12.8	0000	065.7	000.0	0000	0009	+00.00	02	00	0899	08
35	0004	29	04	12	22	00430	09.6	+12.8	0000	065.7	000.0	0000	0014	+00.05	02	00	0898	08
35	0005	29	04	12	22	00430	09.7	+12.8	0000	065.6	000.0	0000	0019	+00.02	02	00	0899	08
35	0006	29	04	12	23	00430	09.7	+12.8	0000	065.6	000.0	0000	0024	+00.02	02	00	0899	08
35	0007	29	04	12	23	00430	09.7	+12.8	0000	065.6	000.0	0000	0028	+00.01	02	00	0899	08
35	0008	29	04	12	23	00430	09.7	+12.8	0000	065.6	000.0	0000	0033	+00.01	02	00	0899	08
35	0009	29	04	12	23	00430	09.6	+12.8	0000	065.6	000.0	0000	0038	+00.02	02	00	0899	08
35	0010	29	04	12	23	00431	09.6	+12.8	0000	065.5	000.0	0001	0043	+00.02	02	00	0899	08
35	0011	29	04	12	23	00431	09.7	+12.8	0000	065.6	000.0	0001	0048	+00.02	02	00	0898	08
35	0012	29	04	12	23	00431	09.7	+12.8	0000	065.6	000.0	0001	0052	+00.02	02	00	0899	08
35	0013	29	04	12	23	00431	09.7	+12.8	0000	065.6	000.0	0001	0057	+00.02	02	00	0899	08
35	0014	29	04	12	23	00432	09.7	+12.8	0000	065.6	000.0	0002	0062	+00.03	02	00	0898	08
36	0001	29	04	12	25	00429	09.9	+12.9	0000	066.8	000.0	0000	0000	+00.00	02	00	0899	08
36	0002	29	04	12	26	00430	09.9	+12.9	0000	066.8	000.0	0000	0004	+00.00	02	00	0898	08
36	0003	29	04	12	26	00430	09.9	+12.9	0000	066.8	000.0	0000	0009	+00.00	02	00	0899	08
36	0004	29	04	12	26	00430	09.9	+12.9	0000	066.8	000.0	0000	0014	+00.02	02	00	0899	08
36	0005	29	04	12	26	00430	10.0	+13.0	0000	066.8	000.0	0000	0019	+00.01	02	00	0899	08
36	0006	29	04	12	26	00430	09.9	+12.9	0000	066.8	000.0	0000	0024	+00.02	02	00	0899	08
36	0007	29	04	12	26	00431	10.0	+13.0	0000	066.8	000.0	0000	0028	+00.02	02	00	0899	08
36	0008	29	04	12	26	00431	09.9	+13.0	0000	066.7	000.0	0001	0033	+00.02	02	00	0899	08
36	0009	29	04	12	26	00431	09.9	+13.0	0000	066.7	000.0	0001	0038	+00.02	02	00	0899	08
36	0010	29	04	12	26	00432	09.9	+12.9	0000	066.7	000.0	0001	0043	+00.03	02	00	0898	08
36	0011	29	04	12	26	00432	09.8	+13.0	0000	066.6	000.0	0002	0048	+00.03	02	00	0899	08
36	0012	29	04	12	26	00432	09.8	+13.0	0000	066.5	000.0	0002	0052	+00.03	02	00	0899	08
36	0013	29	04	12	26	00432	09.8	+13.0	0000	066.5	000.0	0002	0057	+00.03	02	00	0899	08
36	0014	29	04	12	27	00432	09.8	+13.0	0000	066.4	000.0	0002	0062	+00.03	02	00	0899	08
38	0001	29	04	12	29	00429	09.7	+13.1	0000	064.6	000.0	0000	0000	+00.00	02	00	0899	08
38	0002	29	04	12	30	00429	09.7	+13.1	0000	064.6	000.0	0000	0004	+00.00	02	00	0899	08
38	0003	29	04	12	30	00429	09.8	+13.1	0000	064.7	000.0	0000	0009	+00.00	02	00	0899	08
38	0004	29	04	12	30	00429	09.8	+13.1	0000	064.8	000.0	0000	0014	+00.03	02	00	0899	08
38	0005	29	04	12	30	00429	09.8	+13.1	0000	064.9	000.0	0000	0019	+00.03	02	00	0899	08
38	0006	29	04	12	30	00430	09.8	+13.1	0000	064.9	000.0	0001	0024	+00.04	02	00	0899	08
38	0007	29	04	12	30	00430	09.8	+13.1	0000	065.0	000.0	0001	0028	+00.04	02	00	0899	08
38	0008	29	04	12	30	00430	09.8	+13.1	0000	065.1	000.0	0001	0033	+00.04	02	00	0899	08
38	0009	29	04	12	30	00431	09.9	+13.1	0000	065.1	000.0	0002	0038	+00.05	02	00	0899	08
38	0010	29	04	12	30	00431	09.8	+13.1	0000	065.1	000.0	0002	0043	+00.05	02	00	0899	08
38	0011	29	04	12	30	00431	09.8	+13.1	0000	065.2	000.0	0002	0048	+00.05	02	00	0899	08
38	0012	29	04	12	30	00432	09.9	+13.1	0000	065.2	000.0	0003	0052	+00.05	02	00	0899	08
38	0013	29	04	12	30	00432	09.9	+13.2	0000	065.2	000.0	0003	0057	+00.05	02	00	0899	08
38	0014	29	04	12	31	00432	09.9	+13.1	0000	065.2	000.0	0003	0062	+00.05	02	00	0899	08
39	0001	29	04	12	32	00427	09.9	+13.2	0000	065.5	000.0	0000	0000	+00.00	02	00	0899	08
39	0002	29	04	12	32	00428	09.9	+13.1	0000	065.5	000.0	0000	0004	+00.00	02	00	0899	08
39	0003	29	04	12	32	00428	09.8	+13.2	0000	065.3	000.0	0000	0009	+00.00	02	00	0899	08
39	0004	29	04	12	32	00428	09.8	+13.2	0000	065.2	000.0	0001	0014	+00.06	02	00	0899	08
39	0005	29	04	12	32	00429	09.8	+13.2	0000	065.2	000.0	0001	0019	+00.05	02	00	0899	08
39	0006	29	04	12	32	00429	09.8	+13.2	0000	065.2	000.0	0001	0024	+00.05	02	00	0899	08
39	0007	29	04	12	32	00429	09.8	+13.2	0000	065.1	000.0	0002	0028	+00.05	02	00	0899	08
39	0008	29	04	12	32	00430	09.8	+13.2	0000	065.1	000.0	0002	0033	+00.05	02	00	0899	08
39	0009	29	04	12	32	00430	09.9	+13.2	0000	065.1	000.0	0002	0038	+00.06	02	00	0899	08
39	0010	29	04	12	32	00430	09.8	+13.2	0000	065.1	000.0	0003	0043	+00.06	02	00	0899	08
39	0011	29	04	12	32	00431	09.8	+13.2	0000	065.1	000.0	0003	0048	+00.06	02	00	0899	08
39	0012	29	04	12	32	00431	09.8	+13.2	0000	065.1	000.0	0003	0052	+00.06	02	00	0899	08
39	0013	29	04	12	32	00432	09.8	+13.2	0000	065.1	000.0	0004	0057	+00.06	02	00	0899	08
39	0014	29	04	12	33	00432	09.8	+13.2	0000	065.1	000.0	0004	0062	+00.06	02	00	0899	08
40	0001	29	04	12	34	00425	09.9	+13.2	0000	065.1	000.0	0000	0000	+00.00	02	00	0899	08
40	0002	29	04	12	34	00425	09.9	+13.2	0000	065.1	000.0	0000	0004	+00.00	02	00	0899	08
40	0003	29	04	12	34	00425	09.9	+13.2	0000	065.1	000.0	0000	0009	+00.00	02	00	0899	08
40	0004	29	04	12	34	00425	09.9	+13.2	0000	065.1	000.0	0000	0014	+00.02	02	00	0899	08
40	0005	29	04	12	35	00425	09.8	+13.2	0000	065.1	000.0	0000	0019	+00.02	02	00	0899	08
40	0006	29	04	12	35	00426	09.9	+13.2	0000	065.1	000.0	0000	0024	+00.02	02	00	0899	08
40	0007	29	04	12	35	00426	09.9	+13.2	0000	065.1	000.0	0000	0028	+00.02	02	00	0899	08
40	0008	29	04	12	35	00426	09.9	+13.2	0000	065.1	000.0	0001	0033	+00.02	02	00	0899	08
40	0009	29	04	12	35	00426	09.9	+13.2	0000	065.1	000.0	0001	0038	+00.02	02	00	0899	08
40	0010	29	04	12	35	00426	09.9	+13.2	0000	065.1	000.0	0001	0043	+00.02	02	00	0899	08
40	0011	29	04	12	35	00426	09.9	+13.2	0000	065.1	000.0	0001	0048	+00.02	02	00	0899	08
40	0012	29	04	12	35	00427	09.9	+13.3	0000	065.1	000.0	0001	0052	+00.02	02	00	0899	08
40	0013	29	04	12	35	00427	09.9	+13.2	0000	065.1	000.0	0001	0057	+00.02	02	00	0899	08
40	0014	29	04	12	35	00427	09.9	+13.2	0000	065.1	000.0	0002	0062	+00.02	02	00	0899	08
41	0001	29	04	12	37	00427	10.1	+13.3	0000	066.0	000.0	0000	0000	+00.00	02	00	0899	08
41	0002	29	04	12	37	00427	10.0	+13.3	0000	065.6	000.0	0000	0004	+00.00	02	00	0899	08
41	0003	29	04	12	37	00428	10.0	+13.3	0000	065.6	000.0	0000	0009	+00.00	02	00	0899	08
41	0004	29	04	12	37	00428	10.0	+13.3	0000	065.6	000.0	0001	0014	+00.07	02	00	0899	08
41	0005	29	04	12	37	00428	10.0	+13.3	0000	065.6	000.0	0001	0019	+00.06	02	00	0899	08
41	0006	29	04	12	37	00429	10.0	+13.4	0000	065.5	000.0	0001	0024	+00.05	02	00	0899	08
41	0007	29	04	12	37	00429	09.9	+13.3	0000	065.5	000.0	0001	0028	+00.05	02	00	0899	08
41	0008	29	04	12	38	00429	09.9	+13.3	0000	065.5	000.0	0002	0033	+00.05	02	00	0899	08
41	0009	29	04	12	38	00429	10.0	+13.4	0000	065.4	000.0	0002	0038	+00.05	02	00	0899	08
41	0010	29	04	12	38	00430	10.1	+13.4	0000	065.4	000.0	0002	0043	+00.05	02	00	0899	08
41	0011	29	04	12	38	00430	10.0	+13.4	0000	065.4	000.0	0002	0048	+00.05	02	00	0899	08
41	0012	29	04	12	38	00430	10.0	+13.4	0000	065.4	000.0	0003	0052	+00.05	02	00	0899	08
41	0013	29	04	12	38	00430	10.0	+13.4	0000	065.3	000.0	0003	0057	+00.05	02	00	0899	08
41	0014	29	04	12	38	00431	09.9	+13.3	0000	065.3	000.0	0003	0062	+00.05	02	00	0899	08
42	0001	29	04	12	41	00463	09.9	+13.5	0000	064.2	000.0	0000	0000	+00.00	02	00	0899	08
42	0002	29	04	12	41	00463	09.8	+13.4	0000	064.4	000.0	0000	0004	+00.00	02	00	0899	08
42	0003	29	04	12	41	00463	09.9	+13.4	0000	064.3	000.0	0000	0009	+00.00	02	00	0899	08
42	0004	29	04	12	41	00464	09.9	+13.5	0000	064.3	000.0	0001	0014	+00.09	02	00	0899	08
42	0005	29	04	12	41	00465	09.9	+13.4	0000	064.3	000.0	0002	0019	+00.09	02	00	0899	08
42	0006	29	04	12	41	00465	09.9	+13.5	0000	064.3	000.0	0002	0024	+00.09	02	00	0899	08
42	0007	29	04	12	42	00465	09.9	+13.5	0000	064.3	000.0	0002	0028	+00.08	02	00	0899	08
42	0008	29	04	12	42	00466	09.9	+13.5	0000	064.3	000.0	0003	0033	+00.08	02	00	0899	08
42	0009	29	04	12	42	00466	09.9	+13.4	0000	064.3	000.0	0003	0038	+00.08	02	00	0899	08
42	0010	29	04	12	42	00467	09.9	+13.5	0000	064.2	000.0	0004	0043	+00.08	02	00	0899	08
42	0011	29	04	12	42	00467	09.9	+13.4	0000	064.2	000.0	0004	0048	+00.08	02	00	0899	08
42	0012	29	04	12	42	00468	09.9	+13.5	0000	064.2	000.0	0005	0052	+00.08	02	00	0899	08
42	0013	29	04	12	42	00468	09.9	+13.5	0000	064.2	000.0	0005	0057	+00.08	02	00	0899	08
42	0014	29	04	12	42	00468	09.9	+13.4	0000	064.3	000.0	0005	0062	+00.08	02	00	0899	08
43	0001	29	04	12	46	00427	09.9	+13.6	0000	063.8	000.0	0000	0000	+00.00	02	00	0899	08
43	0002	29	04	12	46	00427	09.9	+13.6	0000	063.8	000.0	0000	0004	+00.00	02	00	0899	08
43	0003	29	04	12	46	00427	09.9	+13.6	0000	063.8	000.0	0000	0009	+00.00	02	00	0899	08
43	0004	29	04	12	46	00427	09.9	+13.6	0000	063.8	000.0	0000	0014	+00.01	02	00	0899	08
43	0005	29	04	12	46	00427	09.9	+13.6	0000	063.8	000.0	0000	0019	+00.01	02	00	0899	08
43	0006	29	04	12	46	00427	09.9	+13.6	0000	063.8	000.0	0000	0024	+00.01	02	00	0899	08
43	0007	29	04	12	46	00427	09.9	+13.6	0000	063.7	000.0	0000	0028	+00.02	02	00	0899	08
43	0008	29	04	12	46	00427	09.8	+13.6	0000	063.7	000.0	0000	0033	+00.02	02	00	0899	08
43	0009	29	04	12	46	00427	09.8	+13.6	0000	063.6	000.0	0000	0038	+00.01	02	00	0899	08
43	0010	29	04	12	46	00428	09.8	+13.6	0000	063.6	000.0	0000	0043	+00.01	02	00	0899	08
43	0011	29	04	12	46	00427	09.8	+13.6	0000	063.5	000.0	0000	0048	+00.01	02	00	0899	08
43	0012	29	04	12	47	00428	09.8	+13.6	0000	063.4	000.0	0001	0052	+00.01	02	00	0899	08
43	0013	29	04	12	47	00428	09.8	+13.6	0000	063.4	000.0	0001	0057	+00.01	02	00	0899	08
43	0014	29	04	12	47	00428	09.8	+13.6	0000	063.3	000.0	0001	0062	+00.01	02	00	0899	08
44	0001	29	04	12	48	00426	09.8	+13.6	0000	062.9	000.0	0000	0000	+00.00	02	00	0899	08
44	0002	29	04	12	48	00426	09.8	+13.6	0000	062.9	000.0	0000	0004	+00.00	02	00	0899	08
44	0003	29	04	12	48	00426	09.8	+13.6	0000	062.9	000.0	0000	0009	+00.00	02	00	0899	08
44	0004	29	04	12	48	00427	09.8	+13.6	0000	062.9	000.0	0000	0014	+00.01	02	00	0899	08
44	0005	29	04	12	48	00427	09.8	+13.6	0000	062.9	000.0	0000	0019	+00.01	02	00	0899	08
44	0006	29	04	12	48	00427	09.7	+13.6	0000	062.9	000.0	0000	0024	+00.01	02	00	0899	08
44	0007	29	04	12	48	00427	09.8	+13.6	0000	062.9	000.0	0000	0028	+00.01	02	00	0899	08
44	0008	29	04	12	48	00427	09.8	+13.6	0000	062.9	000.0	0000	0033	+00.01	02	00	0899	08
44	0009	29	04	12	48	00427	09.8	+13.6	0000	062.9	000.0	0000	0038	+00.01	02	00	0899	08
44	0010	29	04	12	48	00427	09.8	+13.6	0000	062.9	000.0	0000	0043	+00.01	02	00	0899	08
44	0011	29	04	12	48	00427	09.8	+13.6	0000	062.9	000.0	0000	0048	+00.01	02	00	0899	08
44	0012	29	04	12	48	00427	09.8	+13.6	0000	062.9	000.0	0000	0052	+00.01	02	00	0899	08
44	0013	29	04	12	48	00427	09.8	+13.6	0000	062.9	000.0	0000	0057	+00.01	02	00	0899	08
44	0014	29	04	12	49	00427	09.8	+13.6	0000	062.9	000.0	0000	0062	+00.01	02	00	0899	08
45	0001	29	04	12	49	00426	09.7	+13.6	0000	062.9	000.0	0000	0000	+00.00	02	00	0899	08
45	0002	29	04	12	49	00426	09.7	+13.6	0000	062.6	000.0	0000	0004	+00.00	02	00	0899	08
45	0003	29	04	12	50	00426	09.8	+13.6	0000	062.7	000.0	0000	0009	+00.00	02	00	0899	08
45	0004	29	04	12	50	00427	09.8	+13.6	0000	062.7	000.0	0000	0014	+00.03	02	00	0899	08
45	0005	29	04	12	50	00427	09.7	+13.6	0000	062.7	000.0	0000	0019	+00.03	02	00	0899	08
45	0006	29	04	12	50	00427	09.7	+13.6	0000	062.7	000.0	0001	0024	+00.04	02	00	0899	08
45	0007	29	04	12	50	00427	09.7	+13.6	0000	062.7	000.0	0001	0028	+00.04	02	00	0899	08
45	0008	29	04	12	50	00428	09.7	+13.6	0000	062.7	000.0	0001	0033	+00.04	02	00	0899	08
45	0009	29	04	12	50	00428	09.7	+13.6	0000	062.7	000.0	0002	0038	+00.05	02	00	0899	08
45	0010	29	04	12	50	00429	09.7	+13.6	0000	062.7	000.0	0002	0043	+00.05	02	00	0899	08
45	0011	29	04	12	50	00429	09.7	+13.6	0000	062.7	000.0	0003	0048	+00.05	02	00	0899	08
45	0012	29	04	12	50	00430	09.8	+13.6	0000	062.7	000.0	0003	0052	+00.06	02	00	0899	08
45	0013	29	04	12	50	00430	09.7	+13.6	0000	062.7	000.0	0004	0057	+00.06	02	00	0899	08
45	0014	29	04	12	50	00431	09.8	+13.6	0000	062.8	000.0	0004	0062	+00.06	02	00	0899	08
46	0001	29	04	12	52	00426	09.8	+13.6	0000	063.3	000.0	0000	0000	+00.00	02	00	0899	08
46	0002	29	04	12	52	00426	09.9	+13.6	0000	063.5	000.0	0000	0004	+00.00	02	00	0899	08
46	0003	29	04	12	52	00426	09.9	+13.6	0000	063.5	000.0	0000	0009	+00.00	02	00	0899	08
46	0004	29	04	12	52	00426	09.9	+13.6	0000	063.6	000.0	0000	0014	+00.00	02	00	0899	08
46	0005	29	04	12	52	00427	09.9	+13.6	0000	063.6	000.0	0000	0019	+00.01	02	00	0899	08
46	0006	29	04	12	52	00427	09.9	+13.6	0000	063.7	000.0	0000	0024	+00.02	02	00	0899	08
46	0007	29	04	12	52	00427	09.9	+13.6	0000	063.7	000.0	0000	0028	+00.02	02	00	0899	08
46	0008	29	04	12	52	00427	09.9	+13.6	0000	063.7	000.0	0000	0033	+00.02	02	00	0899	08
46	0009	29	04	12	52	00427	09.9	+13.6	0000	063.7	000.0	0000	0038	+00.01	02	00	0899	08
46	0010	29	04	12	52	00427	09.9	+13.6	0000	063.7	000.0	0001	0043	+00.02	02	00	0899	08
46	0011	29	04	12	53	00427	09.9	+13.6	0000	063.7	000.0	0001	0048	+00.02	02	00	0899	08
46	0012	29	04	12	53	00428	09.9	+13.6	0000	063.7	000.0	0001	0052	+00.02	02	00	0899	08
46	0013	29	04	12	53	00428	09.9	+13.6	0000	063.7	000.0	0001	0057	+00.02	02	00	0899	08
46	0014	29	04	12	53	00428	09.9	+13.6	0000	063.7	000.0	0001	0062	+00.02	02	00	0899	08
47	0001	29	04	12	54	00429	10.0	+13.6	0000	064.2	000.0	0000	0000	+00.00	02	00	0899	08
47	0002	29	04	12	54	00429	10.0	+13.6	0000	064.2	000.0	0000	0004	+00.00	02	00	0899	08
47	0003	29	04	12	54	00430	10.0	+13.6	0000	064.2	000.0	0000	0009	+00.00	02	00	0899	08
47	0004	29	04	12	54	00430	10.0	+13.6	0000	064.2	000.0	0001	0014	+00.07	02	00	0899	08
47	0005	29	04	12	54	00430	09.9	+13.6	0000	064.2	000.0	0001	0019	+00.06	02	00	0899	08
47	0006	29	04	12	54	00431	09.9	+13.6	0000	064.1	000.0	0001	0024	+00.06	02	00	0899	08
47	0007	29	04	12	54	00431	09.9	+13.6	0000	064.0	000.0	0002	0028	+00.06	02	00	0899	08
47	0008	29	04	12	54	00432	09.8	+13.6	0000	063.9	000.0	0002	0033	+00.07	02	00	0899	08
47	0009	29	04	12	55	00432	09.9	+13.6	0000	063.9	000.0	0003	0038	+00.07	02	00	0899	08
47	0010	29	04	12	55	00433	09.9	+13.6	0000	063.8	000.0	0003	0043	+00.07	02	00	0899	08
47	0011	29	04	12	55	00433	09.8	+13.6	0000	063.7	000.0	0004	0048	+00.07	02	00	0899	08
47	0012	29	04	12	55	00434	09.7	+13.6	0000	063.7	000.0	0004	0052	+00.07	02	00	0899	08
47	0013	29	04	12	55	00434	09.7	+13.6	0000	063.6	000.0	0005	0057	+00.07	02	00	0899	08
47	0014	29	04	12	55	00434	09.8	+13.6	0000	063.6	000.0	0005	0062	+00.07	02	00	0899	08
48	0001	29	04	12	56	00430	09.7	+13.6	0000	062.9	000.0	0000	0000	+00.00	02	00	0899	08
48	0002	29	04	12	56	00430	09.7	+13.6	0000	062.9	000.0	0000	0004	+00.00	02	00	0899	08
48	0003	29	04	12	56	00431	09.7	+13.6	0000	062.9	000.0	0000	0009	+00.00	02	00	0899	08
48	0004	29	04	12	56	00431	09.8	+13.6	0000	062.9	000.0	0001	0014	+00.07	02	00	0899	08
48	0005	29	04	12	56	00432	09.7	+13.6	0000	062.9	000.0	0001	0019	+00.08	02	00	0899	08
48	0006	29	04	12	57	00433	09.7	+13.6	0000	062.9	000.0	0002	0024	+00.09	02	00	0899	08
48	0007	29	04	12	57	00433	09.7	+13.6	0000	062.9	000.0	0003	0028	+00.10	02	00	0899	08
48	0008	29	04	12	57	00434	09.7	+13.6	0000	062.9	000.0	0004	0033	+00.10	02	00	0899	08
48	0009	29	04	12	57	00435	09.8	+13.6	0000	062.9	000.0	0004	0038	+00.10	02	00	0899	08
48	0010	29	04	12	57	00435	09.8	+13.6	0000	062.9	000.0	0005	0043	+00.11	02	00	0899	08
48	0011	29	04	12	57	00436	09.8	+13.6	0000	063.0	000.0	0006	0048	+00.10	02	00	0899	08
48	0012	29	04	12	57	00436	09.8	+13.6	0000	063.0	000.0	0006	0052	+00.10	02	00	0899	08
48	0013	29	04	12	57	00437	09.8	+13.6	0000	063.0	000.0	0007	0057	+00.10	02	00	0899	08
48	0014	29	04	12	57	00437	09.8	+13.6	0000	063.0	000.0	0007	0062	+00.10	02	00	0899	08
49	0001	29	04	13	00	00438	09.7	+13.6	0000	062.9	000.0	0000	0000	+00.00	02	00	0899	08
49	0002	29	04	13	00	00440	09.7	+13.6	0000	062.9	000.0	0000	0004	+00.00	02	00	0899	08
49	0003	29	04	13	01	00441	09.7	+13.5	0000	062.9	000.0	0000	0009	+00.00	02	00	0899	08
49	0004	29	04	13	01	00442	09.7	+13.6	0000	062.8	000.0	0004	0014	+00.26	02	00	0899	08
49	0005	29	04	13	01	00443	09.7	+13.5	0000	062.9	000.0	0005	0019	+00.23	02	00	0899	08
49	0006	29	04	13	01	00444	09.7	+13.6	0000	062.9	000.0	0006	0024	+00.22	02	00	0899	08
49	0007	29	04	13	01	00446	09.8	+13.6	0000	062.9	000.0	0007	0028	+00.22	02	00	0899	08
49	0008	29	04	13	01	00447	09.8	+13.6	0000	063.0	000.0	0008	0033	+00.22	02	00	0899	08
49	0009	29	04	13	01	00448	09.7	+13.6	0000	063.0	000.0	0010	0038	+00.22	02	00	0899	08
49	0010	29	04	13	01	00450	09.8	+13.6	0000	063.0	000.0	0011	0043	+00.22	02	00	0899	08
49	0011	29	04	13	01	00451	09.8	+13.5	0000	063.0	000.0	0012	0048	+00.22	02	00	0899	08
49	0012	29	04	13	01	00452	09.8	+13.6	0000	063.0	000.0	0013	0052	+00.22	02	00	0899	08
49	0013	29	04	13	01	00454	09.8	+13.6	0000	063.0	000.0	0015	0057	+00.22	02	00	0899	08
49	0014	29	04	13	01	00455	09.8	+13.6	0000	063.0	000.0	0016	0062	+00.22	02	00	0899	08
50	0001	29	04	13	03	00430	09.7	+13.6	0000	062.4	000.0	0000	0000	+00.00	02	00	0899	08
50	0002	29	04	13	03	00431	09.6	+13.6	0000	062.3	000.0	0000	0004	+00.00	02	00	0899	08
50	0003	29	04	13	03	00432	09.7	+13.6	0000	062.3	000.0	0000	0009	+00.00	02	00	0899	08
50	0004	29	04	13	03	00432	09.6	+13.6	0000	062.2	000.0	0002	0014	+00.12	02	00	0899	08
50	0005	29	04	13	03	00433	09.6	+13.6	0000	062.2	000.0	0002	0019	+00.12	02	00	0899	08
50	0006	29	04	13	03	00434	09.6	+13.6	0000	062.1	000.0	0003	0024	+00.12	02	00	0899	08
50	0007	29	04	13	03	00434	09.7	+13.7	0000	062.1	000.0	0004	0028	+00.12	02	00	0899	08
50	0008	29	04	13	03	00435	09.6	+13.6	0000	062.1	000.0	0004	0033	+00.12	02	00	0899	08
50	0009	29	04	13	04	00436	09.6	+13.6	0000	062.1	000.0	0005	0038	+00.12	02	00	0899	08
50	0010	29	04	13	04	00436	09.6	+13.6	0000	062.0	000.0	0006	0043	+00.12	02	00	0899	08
50	0011	29	04	13	04	00437	09.7	+13.7	0000	062.0	000.0	0006	0048	+00.12	02	00	0899	08
50	0012	29	04	13	04	00438	09.7	+13.7	0000	062.0	000.0	0007	0052	+00.12	02	00	0899	08
50	0013	29	04	13	04	00439	09.7	+13.7	0000	062.0	000.0	0008	0057	+00.12	02	00	0899	08
50	0014	29	04	13	04	00440	09.7	+13.7	0000	062.0	000.0	0009	0062	+00.12	02	00	0899	08
51	0001	29	04	13	05	00426	09.6	+13.7	0000	061.0	000.0	0000	0000	+00.00	02	00	0899	08
51	0002	29	04	13	05	00427	09.6	+13.7	0000	061.2	000.0	0000	0004	+00.00	02	00	0898	08
51	0003	29	04	13	05	00426	09.6	+13.8	0000	061.2	000.0	0000	0009	+00.00	02	00	0899	08
51	0004	29	04	13	05	00426	09.6	+13.7	0000	061.1	000.0	0000	0014	-00.00	02	01	0899	08
51	0005	29	04	13	05	00426	09.6	+13.7	0000	061.1	000.0	0000	0019	-00.00	02	01	0899	08
51	0006	29	04	13	05	00427	09.6	+13.7	0000	061.2	000.0	0000	0024	-00.00	02	01	0899	08
51	0007	29	04	13	05	00427	09.7	+13.8	0000	061.3	000.0	0000	0028	+00.00	02	00	0899	08
51	0008	29	04	13	05	00427	09.6	+13.7	0000	061.3	000.0	0000	0033	+00.01	02	00	0898	08
51	0009	29	04	13	05	00427	09.6	+13.7	0000	061.3	000.0	0000	0038	+00.01	02	00	0898	08
51	0010	29	04	13	06	00428	09.6	+13.7	0000	061.3	000.0	0000	0043	+00.02	02	00	0898	08
51	0011	29	04	13	06	00427	09.6	+13.7	0000	061.4	000.0	0000	0048	+00.01	02	00	0899	08
51	0012	29	04	13	06	00427	09.6	+13.7	0000	061.4	000.0	0000	0052	+00.01	02	00	0899	08
51	0013	29	04	13	06	00427	09.7	+13.8	0000	061.4	000.0	0000	0057	+00.01	02	00	0899	08
51	0014	29	04	13	06	00427	09.6	+13.7	0000	061.4	000.0	0000	0062	+00.00	02	00	0899	08
52	0001	29	04	13	07	00427	09.6	+13.8	0000	061.1	000.0	0000	0000	+00.00	02	00	0899	08
52	0002	29	04	13	07	00427	09.6	+13.8	0000	061.1	000.0	0000	0004	+00.00	02	00	0899	08
52	0003	29	04	13	07	00428	09.7	+13.8	0000	061.2	000.0	0000	0009	+00.00	02	00	0899	08
52	0004	29	04	13	07	00429	09.7	+13.8	0000	061.2	000.0	0002	0014	+00.14	02	00	0899	08
52	0005	29	04	13	07	00430	09.7	+13.8	0000	061.2	000.0	0003	0019	+00.14	02	00	0899	08
52	0006	29	04	13	07	00431	09.7	+13.8	0000	061.3	000.0	0004	0024	+00.14	02	00	0899	08
52	0007	29	04	13	07	00432	09.7	+13.8	0000	061.3	000.0	0004	0028	+00.14	02	00	0899	08
52	0008	29	04	13	07	00432	09.7	+13.8	0000	061.3	000.0	0005	0033	+00.14	02	00	0899	08
52	0009	29	04	13	07	00434	09.7	+13.8	0000	061.4	000.0	0006	0038	+00.14	02	00	0899	08
52	0010	29	04	13	07	00434	09.7	+13.8	0000	061.4	000.0	0007	0043	+00.15	02	00	0899	08
52	0011	29	04	13	08	00435	09.7	+13.8	0000	061.4	000.0	0008	0048	+00.14	02	00	0899	08
52	0012	29	04	13	08	00436	09.6	+13.8	0000	061.4	000.0	0009	0052	+00.14	02	00	0899	08
52	0013	29	04	13	08	00437	09.7	+13.8	0000	061.4	000.0	0009	0057	+00.14	02	00	0899	08
52	0014	29	04	13	08	00438	09.6	+13.8	0000	061.4	000.0	0010	0062	+00.15	02	00	0899	08
53	0001	29	04	13	09	00441	09.8	+13.8	0000	062.4	000.0	0000	0000	+00.00	02	00	0899	08
53	0002	29	04	13	09	00441	09.8	+13.9	0000	062.1	000.0	0000	0004	+00.00	02	00	0899	08
53	0003	29	04	13	10	00442	09.9	+13.8	0000	062.2	000.0	0000	0009	+00.00	02	00	0899	08
53	0004	29	04	13	10	00442	09.8	+13.9	0000	062.2	000.0	0000	0014	+00.02	02	00	0899	08
53	0005	29	04	13	10	00442	09.8	+13.8	0000	062.1	000.0	0000	0019	+00.02	02	00	0899	08
53	0006	29	04	13	10	00443	09.8	+13.8	0000	062.1	000.0	0001	0024	+00.04	02	00	0898	08
53	0007	29	04	13	10	00442	09.8	+13.8	0000	062.1	000.0	0001	0028	+00.04	02	00	0899	08
53	0008	29	04	13	10	00442	09.8	+13.8	0000	062.1	000.0	0001	0033	+00.03	02	00	0899	08
53	0009	29	04	13	10	00443	09.8	+13.9	0000	062.1	000.0	0001	0038	+00.03	02	00	0898	08
53	0010	29	04	13	10	00443	09.8	+13.9	0000	062.1	000.0	0001	0043	+00.03	02	00	0899	08
53	0011	29	04	13	10	00443	09.8	+13.8	0000	062.1	000.0	0001	0048	+00.03	02	00	0899	08
53	0012	29	04	13	10	00444	09.8	+13.9	0000	062.1	000.0	0002	0052	+00.03	02	00	0898	08
53	0013	29	04	13	10	00444	09.8	+13.8	0000	062.1	000.0	0002	0057	+00.03	02	00	0898	08
53	0014	29	04	13	10	00444	09.9	+14.0	0000	062.1	000.0	0002	0062	+00.03	02	00	0899	08
54	0001	29	04	13	11	00425	09.7	+13.9	0000	061.5	000.0	0000	0000	+00.00	02	00	0899	08
54	0002	29	04	13	12	00426	09.7	+13.9	0000	061.5	000.0	0000	0004	+00.00	02	00	0899	08
54	0003	29	04	13	12	00426	09.7	+13.9	0000	061.5	000.0	0000	0009	+00.00	02	00	0899	08
54	0004	29	04	13	12	00426	09.8	+14.0	0000	061.5	000.0	0000	0014	+00.02	02	00	0899	08
54	0005	29	04	13	12	00425	09.7	+13.9	0000	061.5	000.0	0000	0019	+00.00	02	00	0899	08
54	0006	29	04	13	12	00426	09.8	+13.9	0000	061.5	000.0	0000	0024	+00.00	02	00	0899	08
54	0007	29	04	13	12	00426	09.8	+13.9	0000	061.5	000.0	0000	0028	+00.01	02	00	0899	08
54	0008	29	04	13	12	00426	09.8	+13.9	0000	061.5	000.0	0000	0033	+00.01	02	00	0899	08
54	0009	29	04	13	12	00426	09.8	+14.0	0000	061.5	000.0	0000	0038	+00.01	02	00	0899	08
54	0010	29	04	13	12	00426	09.8	+13.9	0000	061.6	000.0	0000	0043	+00.01	02	00	0899	08
54	0011	29	04	13	12	00426	09.8	+13.9	0000	061.6	000.0	0000	0048	+00.01	02	00	0899	08
54	0012	29	04	13	12	00426	09.8	+13.9	0000	061.6	000.0	0000	0052	+00.00	02	00	0899	08
54	0013	29	04	13	12	00426	09.8	+13.9	0000	061.7	000.0	0000	0057	+00.00	02	00	0899	08
54	0014	29	04	13	13	00426	09.8	+13.9	0000	061.7	000.0	0000	0062	+00.00	02	00	0899	08
56	0001	29	04	13	15	00425	09.7	+14.0	0000	061.1	000.0	0000	0000	+00.00	02	00	0899	08
56	0002	29	04	13	15	00425	09.7	+14.0	0000	061.1	000.0	0000	0004	+00.00	02	00	0899	08
56	0003	29	04	13	15	00426	09.7	+14.0	0000	061.1	000.0	0000	0009	+00.00	02	00	0898	08
56	0004	29	04	13	15	00425	09.7	+14.0	0000	061.1	000.0	0000	0014	+00.03	02	00	0899	08
56	0005	29	04	13	15	00425	09.7	+14.0	0000	061.1	000.0	0000	0019	+00.01	02	00	0899	08
56	0006	29	04	13	15	00425	09.7	+14.0	0000	061.1	000.0	0000	0024	+00.00	02	00	0899	08
56	0007	29	04	13	15	00425	09.7	+14.0	0000	061.1	000.0	0000	0028	+00.00	02	00	0899	08
56	0008	29	04	13	15	00426	09.7	+13.9	0000	061.1	000.0	0000	0033	+00.00	02	00	0899	08
56	0009	29	04	13	15	00426	09.6	+14.0	0000	061.0	000.0	0000	0038	+00.00	02	00	0899	08
56	0010	29	04	13	15	00427	09.7	+14.0	0000	061.0	000.0	0000	0043	+00.01	02	00	0898	08
56	0011	29	04	13	16	00426	09.7	+14.0	0000	061.0	000.0	0000	0048	+00.01	02	00	0899	08
56	0012	29	04	13	16	00426	09.7	+14.0	0000	061.0	000.0	0000	0052	+00.01	02	00	0899	08
56	0013	29	04	13	16	00426	09.7	+13.9	0000	061.0	000.0	0000	0057	+00.01	02	00	0899	08
56	0014	29	04	13	16	00426	09.6	+14.0	0000	061.0	000.0	0000	0062	+00.01	02	00	0899	08
57	0001	29	04	13	17	00456	09.8	+14.0	0000	061.5	000.0	0000	0000	+00.00	02	00	0899	08
57	0002	29	04	13	17	00456	09.8	+14.0	0000	061.4	000.0	0000	0004	+00.00	02	00	0899	08
57	0003	29	04	13	17	00456	09.8	+14.0	0000	061.4	000.0	0000	0009	+00.00	02	00	0899	08
57	0004	29	04	13	17	00456	09.8	+14.0	0000	061.4	000.0	0000	0014	+00.02	02	00	0899	08
57	0005	29	04	13	17	00457	09.8	+14.0	0000	061.4	000.0	0001	0019	+00.06	02	00	0898	08
57	0006	29	04	13	17	00457	09.7	+14.0	0000	061.3	000.0	0001	0024	+00.05	02	00	0899	08
57	0007	29	04	13	17	00457	09.7	+13.9	0000	061.3	000.0	0001	0028	+00.03	02	00	0899	08
57	0008	29	04	13	17	00457	09.7	+14.0	0000	061.3	000.0	0001	0033	+00.03	02	00	0899	08
57	0009	29	04	13	17	00457	09.7	+13.9	0000	061.2	000.0	0001	0038	+00.03	02	00	0899	08
57	0010	29	04	13	17	00458	09.6	+13.9	0000	061.2	000.0	0001	0043	+00.03	02	00	0899	08
57	0011	29	04	13	17	00458	09.6	+13.9	0000	061.2	000.0	0001	0048	+00.03	02	00	0899	08
57	0012	29	04	13	18	00458	09.6	+13.9	0000	061.1	000.0	0002	0052	+00.03	02	00	0899	08
57	0013	29	04	13	18	00458	09.6	+13.9	0000	061.1	000.0	0002	0057	+00.03	02	00	0899	08
57	0014	29	04	13	18	00458	09.6	+13.9	0000	061.0	000.0	0002	0062	+00.03	02	00	0899	08
58	0001	29	04	13	19	00445	09.6	+13.9	0000	060.6	000.0	0000	0000	+00.00	02	00	0899	08
58	0002	29	04	13	19	00448	09.6	+13.9	0000	060.6	000.0	0000	0004	+00.00	02	00	0899	08
58	0003	29	04	13	19	00449	09.5	+13.8	0000	060.6	000.0	0000	0009	+00.00	02	00	0898	08
58	0004	29	04	13	19	00448	09.6	+13.8	0000	060.6	000.0	0003	0014	+00.19	02	00	0899	08
58	0005	29	04	13	19	00448	09.6	+13.9	0000	060.6	000.0	0002	0019	+00.12	02	00	0899	08
58	0006	29	04	13	19	00448	09.5	+13.8	0000	060.6	000.0	0002	0024	+00.09	02	00	0899	08
58	0007	29	04	13	19	00448	09.5	+13.8	0000	060.6	000.0	0002	0028	+00.07	02	00	0899	08
58	0008	29	04	13	19	00448	09.5	+13.8	0000	060.6	000.0	0002	0033	+00.06	02	00	0899	08
58	0009	29	04	13	19	00448	09.6	+13.8	0000	060.6	000.0	0002	0038	+00.05	02	00	0899	08
58	0010	29	04	13	19	00448	09.5	+13.8	0000	060.6	000.0	0002	0043	+00.04	02	00	0899	08
58	0011	29	04	13	19	00448	09.5	+13.8	0000	060.6	000.0	0002	0048	+00.03	02	00	0899	08
58	0012	29	04	13	19	00449	09.5	+13.8	0000	060.6	000.0	0002	0052	+00.03	02	00	0899	08
58	0013	29	04	13	20	00448	09.5	+13.8	0000	060.6	000.0	0001	0057	+00.02	02	00	0899	08
58	0014	29	04	13	20	00448	09.5	+13.8	0000	060.6	000.0	0001	0062	+00.02	02	00	0899	08
59	0001	29	04	13	21	00434	09.5	+13.7	0000	060.6	000.0	0000	0000	+00.00	02	00	0899	08
59	0002	29	04	13	21	00438	09.5	+13.7	0000	060.6	000.0	0000	0004	+00.00	02	00	0899	08
59	0003	29	04	13	21	00443	09.5	+13.7	0000	060.6	000.0	0000	0009	+00.00	02	00	0899	08
59	0004	29	04	13	21	00448	09.5	+13.7	0000	060.6	000.0	0013	0014	+00.82	02	00	0899	08
59	0005	29	04	13	21	00453	09.5	+13.7	0000	060.6	000.0	0019	0019	+00.86	02	00	0899	08
59	0006	29	04	13	21	00460	09.6	+13.7	0000	060.6	000.0	0025	0024	+00.91	02	00	0899	08
59	0007	29	04	13	21	00465	09.6	+13.7	0000	060.7	000.0	0031	0028	+00.94	02	00	0899	08
59	0008	29	04	13	21	00474	09.5	+13.7	0000	060.7	000.0	0039	0033	+00.99	02	00	0899	08
59	0009	29	04	13	21	00485	09.5	+13.6	0000	060.8	000.0	0049	0038	+01.09	02	00	0899	08
59	0010	29	04	13	21	00494	09.5	+13.7	0000	060.8	000.0	0059	0043	+01.17	02	00	0899	08
59	0011	29	04	13	22	00506	09.5	+13.6	0000	060.8	000.0	0070	0048	+01.26	02	00	0899	08
59	0012	29	04	13	22	00518	09.5	+13.7	0000	060.8	000.0	0083	0052	+01.34	02	00	0899	08
59	0013	29	04	13	22	00529	09.5	+13.7	0000	060.8	000.0	0095	0057	+01.41	02	00	0899	08
59	0014	29	04	13	22	00535	09.5	+13.6	0000	060.8	000.0	0105	0062	+01.44	02	00	0899	08
60	0001	29	04	13	23	00427	09.4	+13.6	0000	060.6	000.0	0000	0000	+00.00	02	00	0899	08
60	0002	29	04	13	23	00427	09.4	+13.6	0000	060.6	000.0	0000	0004	+00.00	02	00	0899	08
60	0003	29	04	13	23	00428	09.4	+13.6	0000	060.6	000.0	0000	0009	+00.00	02	00	0899	08
60	0004	29	04	13	23	00428	09.4	+13.6	0000	060.6	000.0	0001	0014	+00.10	02	00	0899	08
60	0005	29	04	13	23	00429	09.4	+13.6	0000	060.6	000.0	0002	0019	+00.10	02	00	0899	08
60	0006	29	04	13	23	00429	09.4	+13.6	0000	060.6	000.0	0002	0024	+00.10	02	00	0899	08
60	0007	29	04	13	23	00430	09.4	+13.6	0000	060.5	000.0	0003	0028	+00.10	02	00	0899	08
60	0008	29	04	13	24	00431	09.3	+13.6	0000	060.5	000.0	0004	0033	+00.10	02	00	0899	08
60	0009	29	04	13	24	00431	09.3	+13.6	0000	060.4	000.0	0004	0038	+00.10	02	00	0899	08
60	0010	29	04	13	24	00432	09.3	+13.6	0000	060.4	000.0	0005	0043	+00.10	02	00	0899	08
60	0011	29	04	13	24	00432	09.3	+13.6	0000	060.4	000.0	0005	0048	+00.10	02	00	0899	08
60	0012	29	04	13	24	00433	09.4	+13.6	0000	060.4	000.0	0006	0052	+00.10	02	00	0899	08
60	0013	29	04	13	24	00434	09.3	+13.6	0000	060.3	000.0	0007	0057	+00.10	02	00	0899	08
60	0014	29	04	13	24	00434	09.3	+13.6	0000	060.3	000.0	0007	0062	+00.10	02	00	0899	08
;Received 780 record(s)
