;EGM-4 Data
;SoftwareVersion=1.03
;Plot	RecNo	Day	Month	Hour	Min	CO2 Ref	mb Ref	mbR Temp	Input A	Input B	Input C	Input D	Input E	Input F	Input G	Input H	ATMP	Probe Type
71	0014	28	10	16	05	00526	07.4	+13.2	0000	049.0	000.0	0000	0009	+00.00	02	00	0900	08
71	0004	28	10	16	00	00518	07.3	+13.2	0000	048.8	000.0	0002	0014	-00.16	02	01	0900	08
71	0005	28	10	16	00	00516	07.3	+13.2	0000	048.7	000.0	0003	0019	-00.17	02	01	0900	08
71	0006	28	10	16	00	00519	07.2	+13.1	0000	048.6	000.0	0002	0024	-00.07	02	01	0900	08
71	0007	28	10	16	00	00518	07.2	+13.1	0000	048.5	000.0	0001	0028	-00.05	02	01	0900	08
71	0008	28	10	16	00	00516	07.2	+13.1	0000	048.4	000.0	0002	0033	-00.07	02	01	0900	08
71	0009	28	10	16	01	00516	07.2	+13.1	0000	048.4	000.0	0003	0038	-00.07	02	01	0900	08
71	0010	28	10	16	01	00519	07.2	+13.2	0000	048.3	000.0	0002	0043	-00.04	02	01	0900	08
71	0011	28	10	16	01	00519	07.2	+13.2	0000	048.3	000.0	0001	0048	-00.02	02	01	0900	08
71	0012	28	10	16	01	00520	07.2	+13.1	0000	048.3	000.0	0001	0048	-00.02	02	01	0900	08
03	0010	28	10	10	24	01132	04.4	+12.0	0000	030.8	000.0	0065	0043	+01.30	02	00	0900	08
03	0011	28	10	10	25	01142	04.4	+12.1	0000	030.8	000.0	0073	0048	+01.32	02	00	0901	08
03	0012	28	10	10	25	01155	04.4	+12.1	0000	030.9	000.0	0084	0052	+01.36	02	00	0900	08
03	0013	28	10	10	25	01162	04.5	+12.1	0000	031.0	000.0	0093	0057	+01.39	02	00	0901	08
03	0014	28	10	10	25	01172	04.5	+12.1	0000	031.0	000.0	0103	0062	+01.42	02	00	0901	08
04	0001	28	10	10	29	00549	05.2	+12.1	0000	037.0	000.0	0000	0000	+00.00	02	00	0901	08
04	0002	28	10	10	30	00554	05.3	+12.2	0000	037.2	000.0	0000	0004	+00.00	02	00	0900	08
04	0003	28	10	10	30	00560	05.3	+12.2	0000	037.3	000.0	0000	0009	+00.00	02	00	0901	08
04	0004	28	10	10	30	00565	05.3	+12.2	0000	037.4	000.0	0016	0014	+00.96	02	00	0901	08
04	0005	28	10	10	30	00567	05.3	+12.1	0000	037.4	000.0	0018	0019	+00.82	02	00	0901	08
04	0006	28	10	10	30	00575	05.3	+12.1	0000	037.5	000.0	0024	0024	+00.88	02	00	0901	08
04	0007	28	10	10	30	00583	05.3	+12.2	0000	037.5	000.0	0032	0028	+00.96	02	00	0901	08
04	0008	28	10	10	30	00586	05.3	+12.1	0000	037.5	000.0	0037	0033	+00.96	02	00	0900	08
04	0009	28	10	10	31	00594	05.4	+12.1	0000	037.6	000.0	0044	0038	+00.98	02	00	0901	08
04	0010	28	10	10	31	00599	05.4	+12.2	0000	037.7	000.0	0050	0043	+01.00	02	00	0900	08
04	0011	28	10	10	31	00605	05.4	+12.1	0000	037.7	000.0	0056	0048	+01.01	02	00	0901	08
04	0012	28	10	10	31	00611	05.4	+12.1	0000	037.8	000.0	0062	0052	+01.01	02	00	0901	08
04	0013	28	10	10	31	00615	05.4	+12.2	0000	037.8	000.0	0067	0057	+01.01	02	00	0901	08
04	0014	28	10	10	31	00622	05.4	+12.1	0000	037.9	000.0	0073	0062	+01.01	02	00	0901	08
05	0001	28	10	10	33	00672	05.2	+12.2	0000	036.5	000.0	0000	0000	+00.00	02	00	0901	08
05	0002	28	10	10	34	00675	05.2	+12.3	0000	036.5	000.0	0000	0004	+00.00	02	00	0901	08
05	0003	28	10	10	34	00686	05.1	+12.1	0000	036.5	000.0	0000	0009	+00.00	02	00	0901	08
05	0004	28	10	10	34	00688	05.2	+12.2	0000	036.5	000.0	0018	0014	+01.07	02	00	0900	08
05	0005	28	10	10	34	00700	05.1	+12.1	0000	036.5	000.0	0027	0019	+01.22	02	00	0901	08
05	0006	28	10	10	34	00700	05.1	+12.2	0000	036.5	000.0	0030	0024	+01.10	02	00	0900	08
05	0007	28	10	10	34	00705	05.2	+12.2	0000	036.5	000.0	0034	0028	+01.03	02	00	0901	08
05	0008	28	10	10	35	00712	05.2	+12.2	0000	036.5	000.0	0039	0033	+01.01	02	00	0901	08
05	0009	28	10	10	35	00717	05.2	+12.2	0000	036.5	000.0	0045	0038	+01.00	02	00	0901	08
05	0010	28	10	10	35	00721	05.2	+12.3	0000	036.5	000.0	0049	0043	+00.99	02	00	0901	08
05	0011	28	10	10	35	00726	05.1	+12.2	0000	036.5	000.0	0054	0048	+00.97	02	00	0901	08
05	0012	28	10	10	35	00733	05.1	+12.1	0000	036.5	000.0	0060	0052	+00.97	02	00	0900	08
05	0013	28	10	10	35	00737	05.2	+12.2	0000	036.5	000.0	0064	0057	+00.96	02	00	0901	08
05	0014	28	10	10	35	00744	05.1	+12.2	0000	036.5	000.0	0070	0062	+00.96	02	00	0901	08
06	0001	28	10	10	37	00787	05.1	+12.1	0000	036.5	000.0	0000	0000	+00.00	02	00	0900	08
06	0002	28	10	10	37	00792	05.1	+12.1	0000	036.5	000.0	0000	0004	+00.00	02	00	0901	08
06	0003	28	10	10	38	00799	05.1	+12.1	0000	036.5	000.0	0000	0009	+00.00	02	00	0901	08
06	0004	28	10	10	38	00804	05.1	+12.1	0000	036.5	000.0	0017	0014	+01.02	02	00	0901	08
06	0005	28	10	10	38	00810	05.1	+12.0	0000	036.5	000.0	0022	0019	+01.01	02	00	0901	08
06	0006	28	10	10	38	00814	05.2	+12.2	0000	036.5	000.0	0027	0024	+00.99	02	00	0901	08
06	0007	28	10	10	38	00821	05.1	+12.0	0000	036.5	000.0	0033	0028	+00.99	02	00	0901	08
06	0008	28	10	10	38	00824	05.1	+12.2	0000	036.5	000.0	0037	0033	+00.96	02	00	0900	08
06	0009	28	10	10	38	00825	05.1	+12.0	0000	036.5	000.0	0040	0038	+00.90	02	00	0901	08
06	0010	28	10	10	39	00827	05.1	+12.1	0000	036.5	000.0	0042	0043	+00.83	02	00	0901	08
06	0011	28	10	10	39	00838	05.1	+12.1	0000	036.5	000.0	0047	0048	+00.85	02	00	0901	08
06	0012	28	10	10	39	00839	05.1	+12.1	0000	036.5	000.0	0051	0052	+00.83	02	00	0900	08
06	0013	28	10	10	39	00847	05.1	+12.2	0000	036.5	000.0	0056	0057	+00.84	02	00	0900	08
06	0014	28	10	10	39	00848	05.1	+12.1	0000	036.5	000.0	0060	0062	+00.83	02	00	0901	08
07	0005	28	10	10	46	00998	04.7	+12.0	0000	033.8	000.0	0000	0000	+00.00	02	00	0901	08
07	0006	28	10	10	46	01001	04.8	+12.1	0000	034.1	000.0	0000	0004	+00.00	02	00	0901	08
07	0007	28	10	10	46	01004	04.6	+11.9	0000	033.9	000.0	0000	0009	+00.00	02	00	0901	08
07	0008	28	10	10	46	01007	04.7	+12.0	0000	033.8	000.0	0008	0014	+00.52	02	00	0901	08
07	0009	28	10	10	46	01009	04.8	+12.0	0000	033.8	000.0	0011	0019	+00.50	02	00	0901	08
07	0010	28	10	10	46	01010	04.8	+11.9	0000	033.9	000.0	0012	0024	+00.44	02	00	0901	08
07	0011	28	10	10	46	01015	04.6	+11.9	0000	033.8	000.0	0015	0028	+00.46	02	00	0901	08
07	0012	28	10	10	47	01019	04.7	+12.0	0000	033.8	000.0	0019	0033	+00.50	02	00	0901	08
07	0013	28	10	10	47	01019	04.6	+11.9	0000	033.8	000.0	0021	0038	+00.48	02	00	0901	08
07	0014	28	10	10	47	01025	04.7	+11.9	0000	033.8	000.0	0025	0043	+00.50	02	00	0901	08
07	0015	28	10	10	47	01028	04.7	+12.0	0000	033.8	000.0	0029	0048	+00.52	02	00	0901	08
07	0016	28	10	10	47	01034	04.7	+12.0	0000	033.8	000.0	0033	0052	+00.55	02	00	0901	08
07	0017	28	10	10	47	01039	04.8	+12.0	0000	033.8	000.0	0039	0057	+00.58	02	00	0901	08
07	0018	28	10	10	48	01041	04.7	+11.9	0000	033.8	000.0	0042	0062	+00.59	02	00	0901	08
08	0001	28	10	10	49	01061	04.7	+11.9	0000	034.3	000.0	0000	0000	+00.00	02	00	0901	08
08	0002	28	10	10	49	01063	04.6	+11.9	0000	033.5	000.0	0000	0004	+00.00	02	00	0901	08
08	0003	28	10	10	49	01068	04.6	+11.9	0000	033.5	000.0	0000	0009	+00.00	02	00	0901	08
08	0004	28	10	10	49	01068	04.6	+11.9	0000	033.4	000.0	0007	0014	+00.44	02	00	0901	08
08	0005	28	10	10	49	01074	04.7	+11.9	0000	033.4	000.0	0012	0019	+00.56	02	00	0901	08
08	0006	28	10	10	50	01078	04.6	+12.0	0000	033.4	000.0	0017	0024	+00.61	02	00	0901	08
08	0007	28	10	10	50	01078	04.6	+12.0	0000	033.4	000.0	0019	0028	+00.56	02	00	0901	08
08	0008	28	10	10	50	01085	04.6	+11.9	0000	033.4	000.0	0023	0033	+00.59	02	00	0901	08
08	0009	28	10	10	50	01090	04.6	+11.9	0000	033.4	000.0	0028	0038	+00.62	02	00	0901	08
08	0010	28	10	10	50	01092	04.6	+11.8	0000	033.3	000.0	0031	0043	+00.63	02	00	0901	08
08	0011	28	10	10	50	01093	04.7	+12.0	0000	033.4	000.0	0034	0048	+00.62	02	00	0901	08
08	0012	28	10	10	50	01099	04.7	+11.8	0000	033.4	000.0	0038	0052	+00.62	02	00	0901	08
08	0013	28	10	10	51	01101	04.7	+11.9	0000	033.4	000.0	0041	0057	+00.62	02	00	0901	08
08	0014	28	10	10	51	01101	04.7	+11.9	0000	033.5	000.0	0043	0062	+00.60	02	00	0901	08
09	0014	28	10	10	56	00414	05.0	+11.9	0000	036.5	000.0	0000	0000	+00.00	02	00	0901	08
09	0015	28	10	10	56	00415	05.0	+11.8	0000	036.5	000.0	0000	0004	+00.00	02	00	0901	08
09	0016	28	10	10	56	00417	05.1	+12.0	0000	036.6	000.0	0000	0009	+00.00	02	00	0901	08
09	0017	28	10	10	56	00419	05.1	+11.9	0000	036.6	000.0	0004	0014	+00.29	02	00	0901	08
09	0018	28	10	10	56	00425	05.1	+11.9	0000	036.8	000.0	0010	0019	+00.45	02	00	0901	08
09	0019	28	10	10	56	00429	05.1	+11.8	0000	036.8	000.0	0014	0024	+00.53	02	00	0901	08
09	0020	28	10	10	57	00428	05.1	+11.8	0000	036.9	000.0	0016	0028	+00.48	02	00	0901	08
09	0021	28	10	10	57	00430	05.2	+11.9	0000	036.9	000.0	0018	0033	+00.46	02	00	0901	08
09	0022	28	10	10	57	00433	05.1	+11.8	0000	037.0	000.0	0020	0038	+00.45	02	00	0901	08
09	0023	28	10	10	57	00434	05.2	+12.0	0000	037.1	000.0	0021	0043	+00.43	02	00	0901	08
09	0024	28	10	10	57	00439	05.2	+11.8	0000	037.1	000.0	0024	0048	+00.44	02	00	0901	08
09	0025	28	10	10	57	00437	05.2	+11.8	0000	037.1	000.0	0025	0052	+00.41	02	00	0901	08
09	0026	28	10	10	58	00441	05.2	+11.9	0000	037.2	000.0	0027	0057	+00.41	02	00	0901	08
09	0027	28	10	10	58	00442	05.2	+11.8	0000	037.2	000.0	0029	0062	+00.40	02	00	0901	08
10	0001	28	10	10	59	00469	05.0	+11.8	0000	036.5	000.0	0000	0000	+00.00	02	00	0901	08
10	0002	28	10	10	59	00475	05.0	+11.8	0000	036.3	000.0	0000	0004	+00.00	02	00	0901	08
10	0003	28	10	10	59	00473	04.9	+11.8	0000	036.2	000.0	0000	0009	+00.00	02	00	0901	08
10	0004	28	10	10	59	00476	04.9	+11.8	0000	036.0	000.0	0006	0014	+00.36	02	00	0901	08
10	0005	28	10	11	00	00476	04.9	+12.0	0000	035.9	000.0	0006	0019	+00.26	02	00	0901	08
10	0006	28	10	11	00	00479	04.9	+11.9	0000	035.8	000.0	0008	0024	+00.28	02	00	0901	08
10	0007	28	10	11	00	00481	04.9	+11.8	0000	035.7	000.0	0010	0028	+00.30	02	00	0901	08
10	0008	28	10	11	00	00482	04.9	+11.8	0000	035.7	000.0	0011	0033	+00.29	02	00	0901	08
10	0009	28	10	11	00	00486	04.9	+11.8	0000	035.6	000.0	0014	0038	+00.31	02	00	0901	08
10	0010	28	10	11	00	00491	04.9	+11.8	0000	035.6	000.0	0018	0043	+00.36	02	00	0901	08
10	0011	28	10	11	00	00494	04.9	+11.8	0000	035.6	000.0	0021	0048	+00.39	02	00	0901	08
10	0012	28	10	11	01	00494	04.9	+11.8	0000	035.6	000.0	0024	0052	+00.39	02	00	0901	08
10	0013	28	10	11	01	00494	04.9	+11.8	0000	035.6	000.0	0026	0057	+00.38	02	00	0901	08
10	0014	28	10	11	01	00496	04.9	+11.9	0000	035.6	000.0	0027	0062	+00.38	02	00	0901	08
11	0001	28	10	11	03	00511	04.9	+11.8	0000	035.4	000.0	0000	0000	+00.00	02	00	0901	08
11	0002	28	10	11	03	00512	04.7	+11.8	0000	034.9	000.0	0000	0004	+00.00	02	00	0901	08
11	0003	28	10	11	03	00512	04.7	+11.9	0000	034.7	000.0	0000	0009	+00.00	02	00	0901	08
11	0004	28	10	11	03	00515	04.7	+11.9	0000	034.7	000.0	0003	0014	+00.22	02	00	0901	08
11	0005	28	10	11	03	00516	04.8	+12.0	0000	034.6	000.0	0005	0019	+00.24	02	00	0901	08
11	0006	28	10	11	03	00520	04.7	+11.9	0000	034.5	000.0	0008	0024	+00.30	02	00	0901	08
11	0007	28	10	11	03	00522	04.7	+11.9	0000	034.5	000.0	0010	0028	+00.32	02	00	0901	08
11	0008	28	10	11	04	00525	04.7	+11.8	0000	034.5	000.0	0013	0033	+00.35	02	00	0901	08
11	0009	28	10	11	04	00526	04.7	+11.9	0000	034.5	000.0	0016	0038	+00.36	02	00	0901	08
11	0010	28	10	11	04	00529	04.7	+11.8	0000	034.5	000.0	0018	0043	+00.37	02	00	0901	08
11	0011	28	10	11	04	00532	04.7	+11.9	0000	034.4	000.0	0021	0048	+00.38	02	00	0901	08
11	0012	28	10	11	04	00534	04.8	+11.9	0000	034.5	000.0	0024	0052	+00.39	02	00	0901	08
11	0013	28	10	11	04	00536	04.7	+11.8	0000	034.4	000.0	0026	0057	+00.39	02	00	0901	08
11	0014	28	10	11	05	00538	04.8	+11.8	0000	034.4	000.0	0028	0062	+00.39	02	00	0901	08
12	0001	28	10	11	07	00566	04.8	+12.0	0000	034.9	000.0	0000	0000	+00.00	02	00	0901	08
12	0002	28	10	11	07	00567	04.7	+11.7	0000	034.5	000.0	0000	0004	+00.00	02	00	0901	08
12	0003	28	10	11	07	00568	04.7	+11.7	0000	034.5	000.0	0000	0009	+00.00	02	00	0901	08
12	0004	28	10	11	07	00568	04.7	+11.8	0000	034.5	000.0	0002	0014	+00.13	02	00	0901	08
12	0005	28	10	11	07	00569	04.8	+11.7	0000	034.6	000.0	0002	0019	+00.12	02	00	0901	08
12	0006	28	10	11	07	00568	04.8	+11.7	0000	034.6	000.0	0001	0024	+00.07	02	00	0901	08
12	0007	28	10	11	07	00566	04.8	+11.7	0000	034.7	000.0	0000	0028	+00.01	02	00	0901	08
12	0008	28	10	11	08	00569	04.8	+11.7	0000	034.8	000.0	0001	0033	+00.03	02	00	0901	08
12	0009	28	10	11	08	00572	04.9	+11.7	0000	034.9	000.0	0003	0038	+00.07	02	00	0901	08
12	0010	28	10	11	08	00574	04.9	+11.8	0000	035.0	000.0	0005	0043	+00.10	02	00	0901	08
12	0011	28	10	11	08	00577	04.9	+11.8	0000	035.0	000.0	0008	0048	+00.14	02	00	0901	08
12	0012	28	10	11	08	00580	05.0	+11.7	0000	035.1	000.0	0011	0052	+00.18	02	00	0901	08
12	0013	28	10	11	08	00580	05.0	+11.8	0000	035.2	000.0	0013	0057	+00.20	02	00	0901	08
12	0014	28	10	11	09	00589	05.0	+11.7	0000	035.3	000.0	0018	0062	+00.25	02	00	0901	08
13	0001	28	10	11	13	00615	05.0	+11.6	0000	037.0	000.0	0000	0000	+00.00	02	00	0901	08
13	0002	28	10	11	13	00620	05.1	+11.6	0000	037.2	000.0	0000	0004	+00.00	02	00	0901	08
13	0003	28	10	11	13	00626	05.1	+11.8	0000	037.3	000.0	0000	0009	+00.00	02	00	0901	08
13	0004	28	10	11	13	00627	05.1	+11.5	0000	037.4	000.0	0012	0014	+00.76	02	00	0901	08
13	0005	28	10	11	13	00629	05.1	+11.6	0000	037.4	000.0	0013	0019	+00.62	02	00	0901	08
13	0006	28	10	11	13	00626	05.1	+11.6	0000	037.4	000.0	0011	0024	+00.42	02	00	0901	08
13	0007	28	10	11	14	00625	05.2	+11.7	0000	037.5	000.0	0009	0028	+00.28	02	00	0901	08
13	0008	28	10	11	14	00626	05.1	+11.6	0000	037.5	000.0	0008	0033	+00.22	02	00	0901	08
13	0009	28	10	11	14	00623	05.1	+11.6	0000	037.5	000.0	0006	0038	+00.14	02	00	0901	08
13	0010	28	10	11	14	00622	05.1	+11.6	0000	037.5	000.0	0004	0043	+00.08	02	00	0901	08
13	0011	28	10	11	14	00623	05.2	+11.7	0000	037.5	000.0	0003	0048	+00.05	02	00	0901	08
13	0012	28	10	11	14	00626	05.1	+11.7	0000	037.6	000.0	0003	0052	+00.05	02	00	0901	08
13	0013	28	10	11	15	00630	05.1	+11.7	0000	037.6	000.0	0005	0057	+00.08	02	00	0901	08
13	0014	28	10	11	15	00627	05.1	+11.6	0000	037.6	000.0	0005	0062	+00.07	02	00	0901	08
14	0001	28	10	11	16	00647	05.2	+11.6	0000	038.6	000.0	0000	0000	+00.00	02	00	0901	08
14	0002	28	10	11	16	00645	05.2	+11.7	0000	038.3	000.0	0000	0004	+00.00	02	00	0901	08
14	0003	28	10	11	16	00647	05.2	+11.6	0000	038.3	000.0	0000	0009	+00.00	02	00	0901	08
14	0004	28	10	11	16	00648	05.2	+11.6	0000	038.3	000.0	0001	0014	+00.07	02	00	0901	08
14	0005	28	10	11	16	00650	05.2	+11.6	0000	038.4	000.0	0003	0019	+00.15	02	00	0901	08
14	0006	28	10	11	17	00651	05.2	+11.6	0000	038.4	000.0	0005	0024	+00.18	02	00	0901	08
14	0007	28	10	11	17	00652	05.3	+11.6	0000	038.5	000.0	0006	0028	+00.18	02	00	0901	08
14	0008	28	10	11	17	00653	05.2	+11.6	0000	038.5	000.0	0007	0033	+00.18	02	00	0901	08
14	0009	28	10	11	17	00658	05.3	+11.7	0000	038.6	000.0	0010	0038	+00.23	02	00	0901	08
14	0010	28	10	11	17	00659	05.3	+11.6	0000	038.7	000.0	0012	0043	+00.25	02	00	0901	08
14	0011	28	10	11	17	00658	05.4	+11.7	0000	038.7	000.0	0014	0048	+00.25	02	00	0901	08
14	0012	28	10	11	18	00665	05.4	+11.6	0000	038.8	000.0	0017	0052	+00.28	02	00	0901	08
14	0013	28	10	11	18	00666	05.4	+11.6	0000	038.9	000.0	0020	0057	+00.30	02	00	0901	08
14	0014	28	10	11	18	00669	05.4	+11.7	0000	038.9	000.0	0022	0062	+00.31	02	00	0901	08
15	0002	28	10	11	21	00439	05.5	+11.8	0000	039.6	000.0	0000	0000	+00.00	02	00	0901	08
15	0003	28	10	11	22	00440	05.5	+11.8	0000	039.6	000.0	0000	0004	+00.00	02	00	0901	08
15	0004	28	10	11	22	00443	05.4	+11.8	0000	039.5	000.0	0000	0009	+00.00	02	00	0901	08
15	0005	28	10	11	22	00444	05.4	+11.8	0000	039.4	000.0	0005	0014	+00.31	02	00	0901	08
15	0006	28	10	11	22	00445	05.4	+11.8	0000	039.3	000.0	0006	0019	+00.27	02	00	0901	08
15	0007	28	10	11	22	00446	05.3	+11.8	0000	039.3	000.0	0007	0024	+00.25	02	00	0901	08
15	0008	28	10	11	22	00449	05.4	+11.9	0000	039.3	000.0	0009	0028	+00.27	02	00	0901	08
15	0009	28	10	11	22	00450	05.4	+11.9	0000	039.2	000.0	0010	0033	+00.27	02	00	0901	08
15	0010	28	10	11	23	00452	05.4	+11.8	0000	039.2	000.0	0012	0038	+00.28	02	00	0901	08
15	0011	28	10	11	23	00454	05.4	+11.9	0000	039.2	000.0	0014	0043	+00.29	02	00	0901	08
15	0012	28	10	11	23	00459	05.4	+11.8	0000	039.1	000.0	0017	0048	+00.32	02	00	0901	08
15	0013	28	10	11	23	00460	05.4	+11.8	0000	039.1	000.0	0020	0052	+00.33	02	00	0901	08
15	0014	28	10	11	23	00462	05.4	+12.0	0000	039.1	000.0	0022	0057	+00.33	02	00	0901	08
15	0015	28	10	11	23	00464	05.4	+11.8	0000	039.1	000.0	0024	0062	+00.34	02	00	0901	08
16	0001	28	10	11	25	00482	05.2	+11.9	0000	037.5	000.0	0000	0000	+00.00	02	00	0901	08
16	0002	28	10	11	25	00483	05.2	+11.9	0000	037.7	000.0	0000	0004	+00.00	02	00	0901	08
16	0003	28	10	11	26	00483	05.2	+11.9	0000	037.6	000.0	0000	0009	+00.00	02	00	0901	08
16	0004	28	10	11	26	00484	05.2	+12.0	0000	037.6	000.0	0001	0014	+00.09	02	00	0901	08
16	0005	28	10	11	26	00487	05.2	+11.9	0000	037.6	000.0	0003	0019	+00.17	02	00	0901	08
16	0006	28	10	11	26	00487	05.2	+11.9	0000	037.6	000.0	0005	0024	+00.19	02	00	0901	08
16	0007	28	10	11	26	00488	05.2	+12.0	0000	037.6	000.0	0006	0028	+00.19	02	00	0901	08
16	0008	28	10	11	26	00491	05.2	+12.0	0000	037.6	000.0	0008	0033	+00.22	02	00	0901	08
16	0009	28	10	11	27	00493	05.2	+11.9	0000	037.6	000.0	0011	0038	+00.24	02	00	0901	08
16	0010	28	10	11	27	00495	05.2	+12.0	0000	037.6	000.0	0013	0043	+00.26	02	00	0901	08
16	0011	28	10	11	27	00497	05.2	+12.0	0000	037.6	000.0	0015	0048	+00.27	02	00	0901	08
16	0012	28	10	11	27	00499	05.3	+12.0	0000	037.6	000.0	0017	0052	+00.28	02	00	0901	08
16	0013	28	10	11	27	00502	05.3	+12.0	0000	037.6	000.0	0020	0057	+00.29	02	00	0901	08
16	0014	28	10	11	27	00507	05.3	+12.0	0000	037.7	000.0	0023	0062	+00.32	02	00	0901	08
17	0001	28	10	11	29	00519	05.4	+12.0	0000	038.6	000.0	0000	0000	+00.00	02	00	0901	08
17	0002	28	10	11	29	00516	05.4	+12.0	0000	038.6	000.0	0000	0004	+00.00	02	00	0901	08
17	0003	28	10	11	29	00517	05.4	+12.0	0000	038.6	000.0	0000	0009	+00.00	02	00	0901	08
17	0004	28	10	11	29	00521	05.4	+12.0	0000	038.6	000.0	0002	0014	+00.15	02	00	0901	08
17	0005	28	10	11	29	00518	05.4	+12.0	0000	038.6	000.0	0001	0019	+00.07	02	00	0901	08
17	0006	28	10	11	30	00520	05.4	+12.0	0000	038.6	000.0	0002	0024	+00.07	02	00	0901	08
17	0007	28	10	11	30	00525	05.4	+12.0	0000	038.6	000.0	0005	0028	+00.16	02	00	0901	08
17	0008	28	10	11	30	00526	05.4	+12.0	0000	038.6	000.0	0008	0033	+00.20	02	00	0901	08
17	0009	28	10	11	30	00530	05.4	+12.0	0000	038.6	000.0	0011	0038	+00.26	02	00	0901	08
17	0010	28	10	11	30	00529	05.4	+12.0	0000	038.7	000.0	0013	0043	+00.26	02	00	0901	08
17	0011	28	10	11	30	00534	05.4	+12.0	0000	038.7	000.0	0016	0048	+00.29	02	00	0901	08
17	0012	28	10	11	30	00532	05.4	+12.0	0000	038.6	000.0	0017	0052	+00.28	02	00	0901	08
17	0013	28	10	11	31	00535	05.4	+12.0	0000	038.7	000.0	0019	0057	+00.28	02	00	0901	08
17	0014	28	10	11	31	00535	05.5	+12.0	0000	038.7	000.0	0020	0062	+00.28	02	00	0901	08
18	0001	28	10	11	32	00539	05.5	+12.0	0000	039.1	000.0	0000	0000	+00.00	02	00	0901	08
18	0002	28	10	11	32	00541	05.4	+12.0	0000	038.9	000.0	0000	0004	+00.00	02	00	0901	08
18	0003	28	10	11	33	00538	05.4	+12.0	0000	038.8	000.0	0000	0009	+00.00	02	00	0901	08
18	0004	28	10	11	33	00540	05.3	+12.0	0000	038.7	000.0	0000	0014	+00.02	02	00	0901	08
18	0005	28	10	11	33	00540	05.4	+12.0	0000	038.6	000.0	0000	0019	+00.03	02	00	0901	08
18	0006	28	10	11	33	00541	05.3	+12.0	0000	038.5	000.0	0001	0024	+00.06	02	00	0901	08
18	0007	28	10	11	33	00542	05.3	+12.1	0000	038.4	000.0	0002	0028	+00.08	02	00	0901	08
18	0008	28	10	11	33	00545	05.3	+12.1	0000	038.3	000.0	0004	0033	+00.12	02	00	0901	08
18	0009	28	10	11	33	00548	05.3	+12.1	0000	038.2	000.0	0007	0038	+00.17	02	00	0901	08
18	0010	28	10	11	34	00550	05.3	+12.0	0000	038.2	000.0	0010	0043	+00.20	02	00	0901	08
18	0011	28	10	11	34	00549	05.2	+12.0	0000	038.2	000.0	0011	0048	+00.20	02	00	0901	08
18	0012	28	10	11	34	00549	05.3	+12.0	0000	038.2	000.0	0012	0052	+00.20	02	00	0901	08
18	0013	28	10	11	34	00552	05.3	+12.1	0000	038.1	000.0	0014	0057	+00.20	02	00	0901	08
18	0014	28	10	11	34	00554	05.3	+12.0	0000	038.1	000.0	0015	0062	+00.21	02	00	0901	08
19	0001	28	10	11	38	00578	05.4	+12.2	0000	038.1	000.0	0000	0000	+00.00	02	00	0901	08
19	0002	28	10	11	38	00579	05.4	+12.1	0000	038.0	000.0	0000	0004	+00.00	02	00	0901	08
19	0003	28	10	11	38	00582	05.3	+12.2	0000	037.8	000.0	0000	0009	+00.00	02	00	0901	08
19	0004	28	10	11	38	00584	05.3	+12.1	0000	037.8	000.0	0006	0014	+00.38	02	00	0901	08
19	0005	28	10	11	38	00586	05.3	+12.1	0000	037.7	000.0	0008	0019	+00.36	02	00	0901	08
19	0006	28	10	11	38	00590	05.3	+12.1	0000	037.7	000.0	0011	0024	+00.42	02	00	0901	08
19	0007	28	10	11	38	00591	05.4	+12.2	0000	037.7	000.0	0014	0028	+00.42	02	00	0901	08
19	0008	28	10	11	39	00593	05.3	+12.2	0000	037.7	000.0	0015	0033	+00.40	02	00	0901	08
19	0009	28	10	11	39	00594	05.3	+12.1	0000	037.7	000.0	0017	0038	+00.38	02	00	0901	08
19	0010	28	10	11	39	00596	05.3	+12.1	0000	037.7	000.0	0018	0043	+00.37	02	00	0901	08
19	0011	28	10	11	39	00601	05.3	+12.1	0000	037.7	000.0	0022	0048	+00.39	02	00	0901	08
19	0012	28	10	11	39	00603	05.3	+12.2	0000	037.7	000.0	0024	0052	+00.40	02	00	0901	08
19	0013	28	10	11	39	00605	05.4	+12.1	0000	037.7	000.0	0027	0057	+00.40	02	00	0901	08
19	0014	28	10	11	39	00606	05.4	+12.1	0000	037.8	000.0	0029	0062	+00.40	02	00	0901	08
20	0001	28	10	11	41	00596	05.5	+12.2	0000	038.6	000.0	0000	0000	+00.00	02	00	0900	08
20	0002	28	10	11	41	00593	05.4	+12.2	0000	038.5	000.0	0000	0004	+00.00	02	00	0901	08
20	0003	28	10	11	41	00593	05.4	+12.2	0000	038.2	000.0	0000	0009	+00.00	02	00	0901	08
20	0004	28	10	11	41	00595	05.3	+12.2	0000	038.1	000.0	0000	0014	-00.05	02	01	0901	08
20	0005	28	10	11	41	00602	05.3	+12.2	0000	038.1	000.0	0006	0019	+00.27	02	00	0901	08
20	0006	28	10	11	42	00602	05.3	+12.1	0000	038.1	000.0	0008	0024	+00.31	02	00	0901	08
20	0007	28	10	11	42	00604	05.3	+12.2	0000	038.0	000.0	0011	0028	+00.34	02	00	0901	08
20	0008	28	10	11	42	00605	05.3	+12.2	0000	038.0	000.0	0013	0033	+00.34	02	00	0901	08
20	0009	28	10	11	42	00609	05.4	+12.2	0000	038.0	000.0	0016	0038	+00.36	02	00	0901	08
20	0010	28	10	11	42	00610	05.4	+12.2	0000	038.0	000.0	0018	0043	+00.36	02	00	0901	08
20	0011	28	10	11	42	00619	05.3	+12.2	0000	038.0	000.0	0023	0048	+00.42	02	00	0901	08
20	0012	28	10	11	42	00619	05.4	+12.2	0000	037.9	000.0	0026	0052	+00.43	02	00	0901	08
20	0013	28	10	11	43	00620	05.4	+12.2	0000	038.0	000.0	0029	0057	+00.43	02	00	0901	08
20	0014	28	10	11	43	00624	05.4	+12.2	0000	038.0	000.0	0032	0062	+00.44	02	00	0901	08
21	0001	28	10	11	44	00427	05.5	+12.2	0000	038.6	000.0	0000	0000	+00.00	02	00	0901	08
21	0002	28	10	11	45	00425	05.5	+12.2	0000	038.6	000.0	0000	0004	+00.00	02	00	0901	08
21	0003	28	10	11	45	00426	05.5	+12.2	0000	038.6	000.0	0000	0009	+00.00	02	00	0901	08
21	0004	28	10	11	45	00425	05.5	+12.2	0000	038.6	000.0	0001	0014	-00.06	02	01	0901	08
21	0005	28	10	11	45	00426	05.5	+12.2	0000	038.5	000.0	0000	0019	-00.01	02	01	0901	08
21	0006	28	10	11	45	00430	05.5	+12.2	0000	038.5	000.0	0002	0024	+00.09	02	00	0901	08
21	0007	28	10	11	45	00427	05.5	+12.2	0000	038.5	000.0	0002	0028	+00.06	02	00	0901	08
21	0008	28	10	11	45	00427	05.5	+12.2	0000	038.5	000.0	0001	0033	+00.04	02	00	0901	08
21	0009	28	10	11	46	00428	05.5	+12.2	0000	038.5	000.0	0002	0038	+00.04	02	00	0901	08
21	0010	28	10	11	46	00429	05.5	+12.2	0000	038.5	000.0	0002	0043	+00.05	02	00	0901	08
21	0011	28	10	11	46	00429	05.5	+12.2	0000	038.5	000.0	0003	0048	+00.06	02	00	0901	08
21	0012	28	10	11	46	00431	05.5	+12.2	0000	038.5	000.0	0004	0052	+00.06	02	00	0901	08
21	0013	28	10	11	46	00432	05.5	+12.2	0000	038.6	000.0	0005	0057	+00.08	02	00	0901	08
21	0014	28	10	11	46	00431	05.5	+12.2	0000	038.6	000.0	0005	0062	+00.08	02	00	0901	08
22	0001	28	10	11	47	00440	05.5	+12.2	0000	039.1	000.0	0000	0000	+00.00	02	00	0901	08
22	0002	28	10	11	47	00440	05.5	+12.2	0000	038.9	000.0	0000	0004	+00.00	02	00	0901	08
22	0003	28	10	11	48	00442	05.5	+12.2	0000	038.8	000.0	0000	0009	+00.00	02	00	0901	08
22	0004	28	10	11	48	00446	05.5	+12.2	0000	038.7	000.0	0006	0014	+00.36	02	00	0901	08
22	0005	28	10	11	48	00447	05.5	+12.2	0000	038.7	000.0	0007	0019	+00.35	02	00	0901	08
22	0006	28	10	11	48	00448	05.5	+12.2	0000	038.7	000.0	0009	0024	+00.32	02	00	0901	08
22	0007	28	10	11	48	00449	05.5	+12.2	0000	038.7	000.0	0010	0028	+00.30	02	00	0901	08
22	0008	28	10	11	48	00450	05.5	+12.2	0000	038.6	000.0	0011	0033	+00.28	02	00	0901	08
22	0009	28	10	11	49	00449	05.5	+12.2	0000	038.6	000.0	0011	0038	+00.24	02	00	0901	08
22	0010	28	10	11	49	00453	05.5	+12.2	0000	038.6	000.0	0012	0043	+00.25	02	00	0901	08
22	0011	28	10	11	49	00453	05.5	+12.2	0000	038.6	000.0	0013	0048	+00.24	02	00	0901	08
22	0012	28	10	11	49	00456	05.4	+12.1	0000	038.6	000.0	0015	0052	+00.24	02	00	0901	08
22	0013	28	10	11	49	00457	05.5	+12.2	0000	038.7	000.0	0016	0057	+00.24	02	00	0901	08
22	0014	28	10	11	49	00457	05.5	+12.2	0000	038.6	000.0	0017	0062	+00.24	02	00	0901	08
23	0001	28	10	11	50	00457	05.4	+12.2	0000	038.6	000.0	0000	0000	+00.00	02	00	0901	08
23	0002	28	10	11	50	00454	05.5	+12.2	0000	038.9	000.0	0000	0004	+00.00	02	00	0901	08
23	0003	28	10	11	51	00454	05.4	+12.2	0000	038.9	000.0	0000	0009	+00.00	02	00	0901	08
23	0004	28	10	11	51	00455	05.4	+12.2	0000	038.9	000.0	0001	0014	-00.09	02	01	0901	08
23	0005	28	10	11	51	00457	05.5	+12.2	0000	038.9	000.0	0000	0019	+00.02	02	00	0901	08
23	0006	28	10	11	51	00460	05.5	+12.2	0000	038.8	000.0	0003	0024	+00.12	02	00	0901	08
23	0007	28	10	11	51	00461	05.4	+12.1	0000	038.8	000.0	0005	0028	+00.15	02	00	0901	08
23	0008	28	10	11	51	00459	05.5	+12.2	0000	038.8	000.0	0005	0033	+00.14	02	00	0901	08
23	0009	28	10	11	52	00459	05.5	+12.1	0000	038.8	000.0	0005	0038	+00.11	02	00	0900	08
23	0010	28	10	11	52	00460	05.5	+12.1	0000	038.8	000.0	0005	0043	+00.10	02	00	0901	08
23	0011	28	10	11	52	00462	05.5	+12.2	0000	038.9	000.0	0006	0048	+00.11	02	00	0901	08
23	0012	28	10	11	52	00462	05.6	+12.2	0000	038.9	000.0	0007	0052	+00.11	02	00	0901	08
23	0013	28	10	11	52	00463	05.6	+12.2	0000	039.0	000.0	0007	0057	+00.12	02	00	0901	08
23	0014	28	10	11	52	00466	05.6	+12.1	0000	039.0	000.0	0009	0062	+00.13	02	00	0901	08
24	0001	28	10	11	55	00473	05.6	+12.1	0000	039.7	000.0	0000	0000	+00.00	02	00	0901	08
24	0002	28	10	11	55	00473	05.6	+12.1	0000	039.7	000.0	0000	0004	+00.00	02	00	0901	08
24	0003	28	10	11	56	00473	05.6	+12.1	0000	039.7	000.0	0000	0009	+00.00	02	00	0901	08
24	0004	28	10	11	56	00475	05.5	+12.2	0000	039.6	000.0	0001	0014	+00.10	02	00	0901	08
24	0005	28	10	11	56	00477	05.6	+12.1	0000	039.6	000.0	0004	0019	+00.19	02	00	0901	08
24	0006	28	10	11	56	00478	05.5	+12.2	0000	039.5	000.0	0005	0024	+00.19	02	00	0900	08
24	0007	28	10	11	56	00480	05.6	+12.2	0000	039.5	000.0	0007	0028	+00.22	02	00	0901	08
24	0008	28	10	11	56	00483	05.5	+12.2	0000	039.4	000.0	0010	0033	+00.25	02	00	0901	08
24	0009	28	10	11	56	00484	05.5	+12.2	0000	039.4	000.0	0011	0038	+00.26	02	00	0901	08
24	0010	28	10	11	57	00482	05.5	+12.1	0000	039.4	000.0	0012	0043	+00.23	02	00	0901	08
24	0011	28	10	11	57	00484	05.5	+12.2	0000	039.3	000.0	0013	0048	+00.23	02	00	0900	08
24	0012	28	10	11	57	00487	05.6	+12.2	0000	039.4	000.0	0014	0052	+00.23	02	00	0901	08
24	0013	28	10	11	57	00489	05.5	+12.1	0000	039.4	000.0	0016	0057	+00.24	02	00	0901	08
24	0014	28	10	11	57	00489	05.6	+12.2	0000	039.4	000.0	0017	0062	+00.23	02	00	0901	08
25	0001	28	10	12	03	00516	05.8	+12.0	0000	041.7	000.0	0000	0000	+00.00	02	00	0900	08
25	0002	28	10	12	03	00516	05.7	+12.0	0000	041.3	000.0	0000	0004	+00.00	02	00	0901	08
25	0003	28	10	12	03	00517	05.7	+12.0	0000	041.1	000.0	0000	0009	+00.00	02	00	0901	08
25	0004	28	10	12	03	00518	05.8	+12.0	0000	041.1	000.0	0002	0014	+00.14	02	00	0900	08
25	0005	28	10	12	03	00518	05.7	+12.0	0000	041.0	000.0	0002	0019	+00.12	02	00	0901	08
25	0006	28	10	12	03	00516	05.7	+11.9	0000	041.0	000.0	0001	0024	+00.04	02	00	0901	08
25	0007	28	10	12	04	00518	05.6	+11.9	0000	041.0	000.0	0001	0028	+00.04	02	00	0900	08
25	0008	28	10	12	04	00518	05.7	+12.0	0000	041.0	000.0	0002	0033	+00.05	02	00	0900	08
25	0009	28	10	12	04	00520	05.7	+12.0	0000	041.0	000.0	0003	0038	+00.07	02	00	0901	08
25	0010	28	10	12	04	00520	05.7	+12.0	0000	041.0	000.0	0003	0043	+00.07	02	00	0901	08
25	0011	28	10	12	04	00521	05.7	+12.0	0000	041.0	000.0	0004	0048	+00.08	02	00	0900	08
25	0012	28	10	12	04	00522	05.8	+12.0	0000	041.1	000.0	0005	0052	+00.09	02	00	0901	08
25	0013	28	10	12	05	00523	05.7	+12.0	0000	041.1	000.0	0006	0057	+00.10	02	00	0900	08
25	0014	28	10	12	05	00522	05.7	+12.0	0000	041.1	000.0	0007	0062	+00.09	02	00	0901	08
26	0001	28	10	12	06	00534	05.8	+11.9	0000	041.7	000.0	0000	0000	+00.00	02	00	0901	08
26	0002	28	10	12	06	00537	05.8	+11.9	0000	041.7	000.0	0000	0004	+00.00	02	00	0901	08
26	0003	28	10	12	06	00538	05.8	+12.0	0000	041.7	000.0	0000	0009	+00.00	02	00	0900	08
26	0004	28	10	12	07	00534	05.8	+11.9	0000	041.7	000.0	0000	0014	-00.01	02	01	0900	08
26	0005	28	10	12	07	00533	05.8	+11.9	0000	041.7	000.0	0002	0019	-00.11	02	01	0900	08
26	0006	28	10	12	07	00533	05.8	+11.9	0000	041.7	000.0	0003	0024	-00.11	02	01	0900	08
26	0007	28	10	12	07	00534	05.8	+11.9	0000	041.8	000.0	0002	0028	-00.08	02	01	0900	08
26	0008	28	10	12	07	00535	05.8	+11.8	0000	041.9	000.0	0002	0033	-00.05	02	01	0900	08
26	0009	28	10	12	07	00536	05.8	+11.9	0000	041.9	000.0	0001	0038	-00.02	02	01	0901	08
26	0010	28	10	12	07	00536	05.9	+11.8	0000	042.0	000.0	0000	0043	-00.00	02	01	0901	08
26	0011	28	10	12	08	00536	05.8	+11.8	0000	042.0	000.0	0000	0048	+00.00	02	00	0901	08
26	0012	28	10	12	08	00535	05.9	+11.9	0000	042.1	000.0	0000	0052	+00.00	02	00	0900	08
26	0013	28	10	12	08	00536	05.9	+11.9	0000	042.1	000.0	0000	0057	+00.00	02	00	0901	08
26	0014	28	10	12	08	00537	05.9	+11.9	0000	042.2	000.0	0000	0062	+00.01	02	00	0900	08
27	0009	28	10	12	11	00443	06.2	+11.9	0000	044.8	000.0	0000	0000	+00.00	02	00	0901	08
27	0010	28	10	12	12	00446	06.2	+11.9	0000	044.8	000.0	0000	0004	+00.00	02	00	0901	08
27	0011	28	10	12	12	00445	06.2	+12.0	0000	044.7	000.0	0000	0009	+00.00	02	00	0901	08
27	0012	28	10	12	12	00441	06.2	+12.0	0000	044.7	000.0	0001	0014	-00.09	02	01	0900	08
27	0013	28	10	12	12	00443	06.2	+12.0	0000	044.8	000.0	0001	0019	-00.06	02	01	0901	08
27	0014	28	10	12	12	00445	06.2	+11.9	0000	044.8	000.0	0000	0024	-00.01	02	01	0901	08
27	0015	28	10	12	12	00446	06.2	+12.0	0000	044.8	000.0	0000	0028	+00.02	02	00	0901	08
27	0016	28	10	12	12	00443	06.2	+11.9	0000	044.8	000.0	0000	0033	+00.00	02	00	0901	08
27	0017	28	10	12	13	00448	06.2	+11.9	0000	044.8	000.0	0002	0038	+00.04	02	00	0901	08
27	0018	28	10	12	13	00450	06.2	+12.0	0000	044.8	000.0	0004	0043	+00.08	02	00	0901	08
27	0019	28	10	12	13	00448	06.2	+11.9	0000	044.8	000.0	0005	0048	+00.09	02	00	0900	08
27	0020	28	10	12	13	00449	06.2	+12.0	0000	044.8	000.0	0005	0052	+00.09	02	00	0901	08
27	0021	28	10	12	13	00449	06.2	+11.9	0000	044.8	000.0	0006	0057	+00.09	02	00	0901	08
27	0022	28	10	12	13	00451	06.2	+11.9	0000	044.8	000.0	0007	0062	+00.10	02	00	0901	08
28	0008	28	10	12	16	00456	06.3	+12.0	0000	044.8	000.0	0000	0000	+00.00	02	00	0901	08
28	0009	28	10	12	17	00450	06.3	+12.1	0000	044.8	000.0	0000	0004	+00.00	02	00	0900	08
28	0010	28	10	12	17	00448	06.3	+12.1	0000	044.8	000.0	0000	0009	+00.00	02	00	0900	08
28	0011	28	10	12	17	00444	06.3	+12.1	0000	044.9	000.0	0011	0014	-00.67	02	01	0901	08
28	0012	28	10	12	17	00443	06.4	+12.1	0000	044.9	000.0	0012	0019	-00.55	02	01	0901	08
28	0013	28	10	12	17	00443	06.4	+12.1	0000	045.0	000.0	0012	0024	-00.45	02	01	0900	08
28	0014	28	10	12	17	00442	06.4	+12.1	0000	045.0	000.0	0012	0028	-00.38	02	01	0900	08
28	0015	28	10	12	18	00445	06.4	+12.2	0000	045.1	000.0	0011	0033	-00.28	02	01	0900	08
28	0016	28	10	12	18	00446	06.4	+12.2	0000	045.1	000.0	0009	0038	-00.20	02	01	0901	08
28	0017	28	10	12	18	00445	06.4	+12.2	0000	045.2	000.0	0008	0043	-00.16	02	01	0901	08
28	0018	28	10	12	18	00444	06.4	+12.2	0000	045.2	000.0	0007	0048	-00.13	02	01	0900	08
28	0019	28	10	12	18	00448	06.5	+12.2	0000	045.2	000.0	0005	0052	-00.08	02	01	0900	08
28	0020	28	10	12	18	00448	06.4	+12.3	0000	045.3	000.0	0003	0057	-00.05	02	01	0900	08
28	0021	28	10	12	18	00449	06.5	+12.2	0000	045.3	000.0	0002	0062	-00.02	02	01	0900	08
29	0001	28	10	12	20	00469	06.6	+12.4	0000	045.9	000.0	0000	0000	+00.00	02	00	0901	08
29	0002	28	10	12	20	00470	06.5	+12.3	0000	045.7	000.0	0000	0004	+00.00	02	00	0900	08
29	0003	28	10	12	20	00468	06.5	+12.3	0000	045.6	000.0	0000	0009	+00.00	02	00	0900	08
29	0004	28	10	12	20	00472	06.6	+12.4	0000	045.6	000.0	0002	0014	+00.12	02	00	0901	08
29	0005	28	10	12	20	00470	06.6	+12.4	0000	045.6	000.0	0001	0019	+00.07	02	00	0901	08
29	0006	28	10	12	20	00477	06.6	+12.4	0000	045.7	000.0	0006	0024	+00.22	02	00	0900	08
29	0007	28	10	12	21	00476	06.6	+12.4	0000	045.7	000.0	0007	0028	+00.23	02	00	0900	08
29	0008	28	10	12	21	00480	06.6	+12.4	0000	045.7	000.0	0011	0033	+00.28	02	00	0900	08
29	0009	28	10	12	21	00484	06.6	+12.4	0000	045.7	000.0	0014	0038	+00.33	02	00	0901	08
29	0010	28	10	12	21	00484	06.6	+12.4	0000	045.7	000.0	0017	0043	+00.34	02	00	0900	08
29	0011	28	10	12	21	00491	06.6	+12.4	0000	045.8	000.0	0022	0048	+00.39	02	00	0901	08
29	0012	28	10	12	21	00490	06.6	+12.5	0000	045.8	000.0	0024	0052	+00.39	02	00	0900	08
29	0013	28	10	12	22	00492	06.6	+12.5	0000	045.8	000.0	0026	0057	+00.39	02	00	0900	08
29	0014	28	10	12	22	00494	06.6	+12.4	0000	045.8	000.0	0028	0062	+00.39	02	00	0900	08
30	0001	28	10	12	23	00487	06.6	+12.6	0000	045.9	000.0	0000	0000	+00.00	02	00	0900	08
30	0002	28	10	12	23	00492	06.6	+12.5	0000	045.9	000.0	0000	0004	+00.00	02	00	0901	08
30	0003	28	10	12	23	00490	06.6	+12.5	0000	045.9	000.0	0000	0009	+00.00	02	00	0900	08
30	0004	28	10	12	23	00491	06.6	+12.5	0000	045.9	000.0	0003	0014	+00.17	02	00	0900	08
30	0005	28	10	12	23	00489	06.6	+12.5	0000	045.9	000.0	0001	0019	+00.05	02	00	0901	08
30	0006	28	10	12	23	00487	06.6	+12.5	0000	045.9	000.0	0001	0024	-00.04	02	01	0901	08
30	0007	28	10	12	24	00490	06.6	+12.6	0000	045.8	000.0	0000	0028	-00.01	02	01	0900	08
30	0008	28	10	12	24	00491	06.6	+12.6	0000	045.8	000.0	0000	0033	+00.02	02	00	0901	08
30	0009	28	10	12	24	00490	06.6	+12.6	0000	045.7	000.0	0001	0038	+00.02	02	00	0901	08
30	0010	28	10	12	24	00491	06.6	+12.6	0000	045.7	000.0	0001	0043	+00.03	02	00	0900	08
30	0011	28	10	12	24	00492	06.7	+12.6	0000	045.7	000.0	0002	0048	+00.04	02	00	0900	08
30	0012	28	10	12	24	00501	06.6	+12.6	0000	045.7	000.0	0006	0052	+00.10	02	00	0900	08
30	0013	28	10	12	25	00503	06.7	+12.6	0000	045.7	000.0	0010	0057	+00.15	02	00	0900	08
30	0014	28	10	12	25	00506	06.7	+12.6	0000	045.7	000.0	0014	0062	+00.19	02	00	0901	08
31	0001	28	10	12	40	00493	06.2	+13.2	0000	040.8	000.0	0000	0000	+00.00	02	00	0900	08
31	0002	28	10	12	40	00495	06.1	+13.2	0000	040.8	000.0	0000	0004	+00.00	02	00	0900	08
31	0003	28	10	12	40	00492	06.2	+13.2	0000	040.8	000.0	0000	0009	+00.00	02	00	0900	08
31	0004	28	10	12	40	00493	06.2	+13.2	0000	040.8	000.0	0000	0014	-00.03	02	01	0900	08
31	0005	28	10	12	41	00495	06.2	+13.2	0000	040.8	000.0	0001	0019	+00.05	02	00	0900	08
31	0006	28	10	12	41	00499	06.1	+13.2	0000	040.8	000.0	0004	0024	+00.17	02	00	0900	08
31	0007	28	10	12	41	00503	06.1	+13.2	0000	040.7	000.0	0008	0028	+00.26	02	00	0900	08
31	0008	28	10	12	41	00503	06.1	+13.2	0000	040.7	000.0	0010	0033	+00.27	02	00	0901	08
31	0009	28	10	12	41	00505	06.1	+13.2	0000	040.7	000.0	0013	0038	+00.30	02	00	0901	08
31	0010	28	10	12	41	00505	06.1	+13.2	0000	040.6	000.0	0014	0043	+00.29	02	00	0900	08
31	0011	28	10	12	42	00511	06.1	+13.2	0000	040.6	000.0	0018	0048	+00.32	02	00	0900	08
31	0012	28	10	12	42	00510	06.1	+13.2	0000	040.6	000.0	0019	0052	+00.32	02	00	0900	08
31	0013	28	10	12	42	00513	06.1	+13.2	0000	040.5	000.0	0021	0057	+00.32	02	00	0900	08
31	0014	28	10	12	42	00512	06.1	+13.2	0000	040.5	000.0	0022	0062	+00.31	02	00	0901	08
32	0001	28	10	12	46	00410	06.1	+13.1	0000	040.8	000.0	0000	0000	+00.00	02	00	0900	08
32	0002	28	10	12	46	00407	06.1	+13.1	0000	040.8	000.0	0000	0004	+00.00	02	00	0900	08
32	0003	28	10	12	46	00404	06.0	+13.0	0000	040.7	000.0	0000	0009	+00.00	02	00	0900	08
32	0004	28	10	12	46	00404	06.0	+13.0	0000	040.6	000.0	0006	0014	-00.36	02	01	0901	08
32	0005	28	10	12	47	00409	06.0	+13.0	0000	040.5	000.0	0002	0019	-00.09	02	01	0900	08
32	0006	28	10	12	47	00413	05.9	+13.0	0000	040.3	000.0	0003	0024	+00.12	02	00	0901	08
32	0007	28	10	12	47	00416	05.9	+13.0	0000	040.3	000.0	0007	0028	+00.22	02	00	0900	08
32	0008	28	10	12	47	00415	05.9	+13.0	0000	040.2	000.0	0009	0033	+00.24	02	00	0900	08
32	0009	28	10	12	47	00417	05.9	+13.0	0000	040.1	000.0	0011	0038	+00.25	02	00	0900	08
32	0010	28	10	12	47	00415	05.9	+13.0	0000	040.1	000.0	0011	0043	+00.23	02	00	0901	08
32	0011	28	10	12	47	00418	05.9	+13.0	0000	040.1	000.0	0013	0048	+00.23	02	00	0900	08
32	0012	28	10	12	48	00420	05.9	+13.0	0000	040.0	000.0	0014	0052	+00.24	02	00	0900	08
32	0013	28	10	12	48	00422	05.9	+13.0	0000	040.0	000.0	0016	0057	+00.24	02	00	0901	08
32	0014	28	10	12	48	00426	05.9	+13.0	0000	040.0	000.0	0019	0062	+00.26	02	00	0900	08
33	0008	28	10	12	52	00451	05.9	+13.0	0000	039.8	000.0	0000	0000	+00.00	02	00	0900	08
33	0009	28	10	12	52	00454	05.9	+13.0	0000	039.7	000.0	0000	0004	+00.00	02	00	0900	08
33	0010	28	10	12	52	00454	06.0	+12.9	0000	039.9	000.0	0000	0009	+00.00	02	00	0900	08
33	0011	28	10	12	52	00456	06.0	+12.9	0000	040.0	000.0	0004	0014	+00.27	02	00	0900	08
33	0012	28	10	12	52	00457	06.0	+13.0	0000	040.1	000.0	0005	0019	+00.25	02	00	0900	08
33	0013	28	10	12	52	00459	06.1	+13.0	0000	040.2	000.0	0007	0024	+00.26	02	00	0900	08
33	0014	28	10	12	53	00464	06.0	+12.9	0000	040.3	000.0	0011	0028	+00.33	02	00	0900	08
33	0015	28	10	12	53	00465	06.1	+13.0	0000	040.3	000.0	0013	0033	+00.35	02	00	0900	08
33	0016	28	10	12	53	00467	06.1	+13.0	0000	040.4	000.0	0016	0038	+00.36	02	00	0900	08
33	0017	28	10	12	53	00467	06.1	+13.0	0000	040.4	000.0	0017	0043	+00.35	02	00	0900	08
33	0018	28	10	12	53	00471	06.1	+13.0	0000	040.5	000.0	0020	0048	+00.36	02	00	0900	08
33	0019	28	10	12	53	00474	06.1	+13.0	0000	040.5	000.0	0022	0052	+00.37	02	00	0900	08
33	0020	28	10	12	54	00475	06.1	+13.0	0000	040.5	000.0	0024	0057	+00.37	02	00	0900	08
33	0021	28	10	12	54	00471	06.1	+13.0	0000	040.5	000.0	0024	0062	+00.34	02	00	0900	08
34	0001	28	10	12	55	00465	06.2	+13.0	0000	041.3	000.0	0000	0000	+00.00	02	00	0901	08
34	0002	28	10	12	55	00465	06.2	+13.0	0000	041.3	000.0	0000	0004	+00.00	02	00	0900	08
34	0003	28	10	12	55	00466	06.2	+13.1	0000	041.3	000.0	0000	0009	+00.00	02	00	0900	08
34	0004	28	10	12	55	00468	06.1	+13.0	0000	041.2	000.0	0002	0014	+00.15	02	00	0900	08
34	0005	28	10	12	56	00469	06.1	+13.1	0000	041.1	000.0	0004	0019	+00.18	02	00	0900	08
34	0006	28	10	12	56	00469	06.1	+13.0	0000	041.1	000.0	0004	0024	+00.17	02	00	0900	08
34	0007	28	10	12	56	00470	06.1	+13.0	0000	041.0	000.0	0005	0028	+00.16	02	00	0900	08
34	0008	28	10	12	56	00471	06.1	+13.0	0000	041.0	000.0	0006	0033	+00.16	02	00	0901	08
34	0009	28	10	12	56	00471	06.1	+13.0	0000	041.1	000.0	0006	0038	+00.15	02	00	0900	08
34	0010	28	10	12	56	00475	06.2	+13.1	0000	041.1	000.0	0009	0043	+00.18	02	00	0900	08
34	0011	28	10	12	57	00474	06.2	+13.0	0000	041.1	000.0	0010	0048	+00.18	02	00	0901	08
34	0012	28	10	12	57	00475	06.1	+13.0	0000	041.1	000.0	0011	0052	+00.17	02	00	0900	08
34	0013	28	10	12	57	00479	06.2	+13.1	0000	041.1	000.0	0012	0057	+00.19	02	00	0900	08
34	0014	28	10	12	57	00477	06.2	+13.1	0000	041.1	000.0	0013	0062	+00.18	02	00	0900	08
35	0001	28	10	12	59	00476	06.4	+13.1	0000	042.4	000.0	0000	0000	+00.00	02	00	0900	08
35	0002	28	10	12	59	00479	06.3	+13.1	0000	042.4	000.0	0000	0004	+00.00	02	00	0900	08
35	0003	28	10	12	59	00481	06.3	+13.1	0000	042.4	000.0	0000	0009	+00.00	02	00	0900	08
35	0004	28	10	12	59	00484	06.4	+13.1	0000	042.4	000.0	0007	0014	+00.46	02	00	0900	08
35	0005	28	10	12	59	00484	06.4	+13.1	0000	042.4	000.0	0008	0019	+00.37	02	00	0900	08
35	0006	28	10	12	59	00486	06.3	+13.1	0000	042.4	000.0	0009	0024	+00.34	02	00	0900	08
35	0007	28	10	13	00	00490	06.4	+13.1	0000	042.4	000.0	0012	0028	+00.36	02	00	0900	08
35	0008	28	10	13	00	00493	06.3	+13.1	0000	042.4	000.0	0015	0033	+00.38	02	00	0900	08
35	0009	28	10	13	00	00491	06.4	+13.1	0000	042.4	000.0	0015	0038	+00.35	02	00	0901	08
35	0010	28	10	13	00	00492	06.4	+13.2	0000	042.4	000.0	0016	0043	+00.31	02	00	0901	08
35	0011	28	10	13	00	00495	06.4	+13.1	0000	042.4	000.0	0017	0048	+00.31	02	00	0900	08
35	0012	28	10	13	00	00495	06.4	+13.1	0000	042.4	000.0	0018	0052	+00.29	02	00	0901	08
35	0013	28	10	13	00	00494	06.4	+13.2	0000	042.4	000.0	0018	0057	+00.27	02	00	0900	08
35	0014	28	10	13	01	00499	06.4	+13.1	0000	042.4	000.0	0020	0062	+00.28	02	00	0901	08
36	0001	28	10	13	02	00502	06.5	+13.2	0000	042.9	000.0	0000	0000	+00.00	02	00	0900	08
36	0002	28	10	13	02	00498	06.5	+13.2	0000	042.9	000.0	0000	0004	+00.00	02	00	0901	08
36	0003	28	10	13	02	00496	06.4	+13.2	0000	042.7	000.0	0000	0009	+00.00	02	00	0900	08
36	0004	28	10	13	02	00496	06.3	+13.2	0000	042.6	000.0	0005	0014	-00.35	02	01	0900	08
36	0005	28	10	13	02	00495	06.3	+13.2	0000	042.5	000.0	0006	0019	-00.28	02	01	0900	08
36	0006	28	10	13	03	00493	06.3	+13.2	0000	042.4	000.0	0007	0024	-00.25	02	01	0901	08
36	0007	28	10	13	03	00494	06.3	+13.2	0000	042.3	000.0	0006	0028	-00.20	02	01	0900	08
36	0008	28	10	13	03	00494	06.4	+13.3	0000	042.3	000.0	0006	0033	-00.17	02	01	0900	08
36	0009	28	10	13	03	00494	06.3	+13.2	0000	042.2	000.0	0006	0038	-00.14	02	01	0900	08
36	0010	28	10	13	03	00492	06.3	+13.2	0000	042.2	000.0	0007	0043	-00.14	02	01	0901	08
36	0011	28	10	13	03	00494	06.3	+13.2	0000	042.2	000.0	0006	0048	-00.11	02	01	0900	08
36	0012	28	10	13	04	00499	06.3	+13.2	0000	042.2	000.0	0003	0052	-00.06	02	01	0900	08
36	0013	28	10	13	04	00497	06.3	+13.2	0000	042.1	000.0	0002	0057	-00.04	02	01	0900	08
36	0014	28	10	13	04	00497	06.3	+13.2	0000	042.1	000.0	0002	0062	-00.02	02	01	0901	08
36	0015	28	10	13	06	00514	06.3	+13.2	0000	041.9	000.0	0000	0000	+00.00	02	00	0901	08
36	0016	28	10	13	06	00513	06.3	+13.2	0000	041.9	000.0	0000	0004	+00.00	02	00	0900	08
36	0017	28	10	13	07	00518	06.3	+13.2	0000	041.9	000.0	0000	0009	+00.00	02	00	0900	08
36	0018	28	10	13	07	00518	06.3	+13.2	0000	041.9	000.0	0004	0014	+00.25	02	00	0901	08
36	0019	28	10	13	07	00517	06.4	+13.3	0000	041.9	000.0	0004	0019	+00.18	02	00	0900	08
36	0020	28	10	13	07	00521	06.3	+13.2	0000	041.9	000.0	0006	0024	+00.22	02	00	0901	08
36	0021	28	10	13	07	00520	06.3	+13.2	0000	041.9	000.0	0007	0028	+00.20	02	00	0901	08
36	0022	28	10	13	07	00521	06.3	+13.2	0000	041.9	000.0	0007	0033	+00.19	02	00	0901	08
36	0023	28	10	13	07	00526	06.4	+13.2	0000	041.9	000.0	0010	0038	+00.23	02	00	0901	08
36	0024	28	10	13	08	00525	06.4	+13.2	0000	041.9	000.0	0011	0043	+00.23	02	00	0900	08
36	0025	28	10	13	08	00527	06.4	+13.2	0000	041.9	000.0	0013	0048	+00.23	02	00	0901	08
36	0026	28	10	13	08	00528	06.4	+13.2	0000	042.0	000.0	0014	0052	+00.23	02	00	0900	08
36	0027	28	10	13	08	00525	06.4	+13.2	0000	042.0	000.0	0014	0057	+00.20	02	00	0900	08
36	0028	28	10	13	08	00529	06.3	+13.2	0000	042.0	000.0	0015	0062	+00.20	02	00	0900	08
37	0001	28	10	13	10	00430	06.3	+13.2	0000	041.9	000.0	0000	0000	+00.00	02	00	0901	08
37	0002	28	10	13	11	00427	06.3	+13.2	0000	041.9	000.0	0000	0004	+00.00	02	00	0901	08
37	0003	28	10	13	11	00427	06.3	+13.1	0000	041.9	000.0	0000	0009	+00.00	02	00	0901	08
37	0004	28	10	13	11	00427	06.3	+13.2	0000	041.9	000.0	0002	0014	-00.14	02	01	0901	08
37	0005	28	10	13	11	00427	06.3	+13.2	0000	041.9	000.0	0002	0019	-00.09	02	01	0901	08
37	0006	28	10	13	11	00426	06.3	+13.2	0000	041.8	000.0	0002	0024	-00.08	02	01	0901	08
37	0007	28	10	13	11	00422	06.3	+13.1	0000	041.8	000.0	0005	0028	-00.15	02	01	0901	08
37	0008	28	10	13	11	00422	06.3	+13.2	0000	041.8	000.0	0006	0033	-00.16	02	01	0901	08
37	0009	28	10	13	12	00421	06.3	+13.2	0000	041.8	000.0	0008	0038	-00.17	02	01	0901	08
37	0010	28	10	13	12	00423	06.3	+13.2	0000	041.8	000.0	0007	0043	-00.15	02	01	0901	08
37	0011	28	10	13	12	00422	06.3	+13.1	0000	041.9	000.0	0008	0048	-00.14	02	01	0901	08
37	0012	28	10	13	12	00420	06.4	+13.2	0000	041.9	000.0	0008	0052	-00.14	02	01	0901	08
37	0013	28	10	13	12	00420	06.4	+13.2	0000	041.9	000.0	0008	0052	-00.14	02	01	0901	08
37	0014	28	10	13	13	00419	06.3	+13.2	0000	041.9	000.0	0000	0000	+00.00	02	00	0901	08
37	0015	28	10	13	13	00420	06.3	+13.2	0000	041.9	000.0	0000	0004	+00.00	02	00	0901	08
37	0016	28	10	13	13	00417	06.3	+13.2	0000	041.9	000.0	0000	0009	+00.00	02	00	0901	08
37	0017	28	10	13	13	00417	06.3	+13.2	0000	041.9	000.0	0002	0014	-00.13	02	01	0901	08
37	0018	28	10	13	14	00418	06.3	+13.2	0000	041.9	000.0	0001	0019	-00.06	02	01	0901	08
37	0019	28	10	13	14	00417	06.4	+13.2	0000	042.0	000.0	0002	0024	-00.07	02	01	0901	08
37	0020	28	10	13	14	00416	06.4	+13.2	0000	042.0	000.0	0003	0028	-00.08	02	01	0901	08
37	0021	28	10	13	14	00416	06.5	+13.2	0000	042.1	000.0	0003	0033	-00.08	02	01	0901	08
37	0022	28	10	13	14	00416	06.4	+13.1	0000	042.1	000.0	0003	0038	-00.08	02	01	0901	08
37	0023	28	10	13	14	00417	06.3	+13.1	0000	042.2	000.0	0003	0043	-00.05	02	01	0901	08
37	0024	28	10	13	14	00418	06.4	+13.1	0000	042.2	000.0	0002	0048	-00.03	02	01	0901	08
37	0025	28	10	13	15	00416	06.5	+13.2	0000	042.2	000.0	0002	0052	-00.03	02	01	0901	08
37	0026	28	10	13	15	00420	06.5	+13.2	0000	042.3	000.0	0001	0057	-00.01	02	01	0900	08
37	0027	28	10	13	15	00420	06.4	+13.1	0000	042.3	000.0	0000	0062	-00.00	02	01	0901	08
38	0001	28	10	13	16	00408	06.3	+13.1	0000	042.4	000.0	0000	0000	+00.00	02	00	0901	08
38	0002	28	10	13	17	00407	06.3	+13.1	0000	042.4	000.0	0000	0004	+00.00	02	00	0901	08
38	0003	28	10	13	17	00409	06.3	+13.1	0000	042.4	000.0	0000	0009	+00.00	02	00	0901	08
38	0004	28	10	13	17	00408	06.3	+13.1	0000	042.4	000.0	0000	0014	+00.05	02	00	0901	08
38	0005	28	10	13	17	00410	06.3	+13.1	0000	042.4	000.0	0002	0019	+00.08	02	00	0901	08
38	0006	28	10	13	17	00409	06.3	+13.1	0000	042.3	000.0	0001	0024	+00.06	02	00	0901	08
38	0007	28	10	13	17	00408	06.3	+13.1	0000	042.3	000.0	0001	0028	+00.03	02	00	0901	08
38	0008	28	10	13	17	00408	06.3	+13.1	0000	042.3	000.0	0000	0033	+00.01	02	00	0901	08
38	0009	28	10	13	18	00409	06.4	+13.1	0000	042.4	000.0	0000	0038	+00.02	02	00	0901	08
38	0010	28	10	13	18	00411	06.4	+13.0	0000	042.4	000.0	0002	0043	+00.04	02	00	0901	08
38	0011	28	10	13	18	00411	06.4	+13.0	0000	042.5	000.0	0002	0048	+00.05	02	00	0901	08
38	0012	28	10	13	18	00411	06.4	+13.0	0000	042.5	000.0	0003	0052	+00.05	02	00	0901	08
38	0013	28	10	13	18	00413	06.3	+13.0	0000	042.5	000.0	0004	0057	+00.06	02	00	0901	08
38	0014	28	10	13	18	00413	06.3	+13.0	0000	042.5	000.0	0005	0062	+00.07	02	00	0901	08
39	0001	28	10	13	19	00416	06.4	+13.0	0000	042.9	000.0	0000	0000	+00.00	02	00	0901	08
39	0002	28	10	13	20	00415	06.4	+13.0	0000	042.9	000.0	0000	0004	+00.00	02	00	0901	08
39	0003	28	10	13	20	00414	06.4	+13.0	0000	042.9	000.0	0000	0009	+00.00	02	00	0901	08
39	0004	28	10	13	20	00414	06.4	+13.0	0000	042.9	000.0	0001	0014	-00.10	02	01	0901	08
39	0005	28	10	13	20	00414	06.4	+13.0	0000	042.9	000.0	0001	0019	-00.07	02	01	0901	08
39	0006	28	10	13	20	00416	06.4	+13.0	0000	042.9	000.0	0000	0024	-00.01	02	01	0901	08
39	0007	28	10	13	20	00416	06.4	+12.9	0000	042.9	000.0	0000	0028	+00.01	02	00	0901	08
39	0008	28	10	13	20	00417	06.4	+12.9	0000	042.9	000.0	0001	0033	+00.04	02	00	0901	08
39	0009	28	10	13	21	00417	06.4	+12.9	0000	042.9	000.0	0002	0038	+00.05	02	00	0901	08
39	0010	28	10	13	21	00422	06.4	+12.9	0000	042.9	000.0	0004	0043	+00.09	02	00	0901	08
39	0011	28	10	13	21	00423	06.3	+12.9	0000	042.9	000.0	0007	0048	+00.13	02	00	0901	08
39	0012	28	10	13	21	00427	06.3	+12.9	0000	042.9	000.0	0010	0052	+00.17	02	00	0901	08
39	0013	28	10	13	21	00424	06.3	+12.8	0000	042.9	000.0	0011	0057	+00.17	02	00	0901	08
39	0014	28	10	13	21	00426	06.3	+12.8	0000	042.9	000.0	0013	0062	+00.17	02	00	0901	08
40	0010	28	10	13	24	00456	06.6	+12.8	0000	044.9	000.0	0000	0000	+00.00	02	00	0901	08
40	0011	28	10	13	25	00454	06.7	+12.9	0000	045.2	000.0	0000	0004	+00.00	02	00	0901	08
40	0012	28	10	13	25	00454	06.7	+12.8	0000	045.3	000.0	0000	0009	+00.00	02	00	0901	08
40	0013	28	10	13	25	00454	06.7	+12.8	0000	045.3	000.0	0001	0014	-00.10	02	01	0901	08
40	0014	28	10	13	25	00451	06.7	+12.8	0000	045.3	000.0	0003	0019	-00.17	02	01	0901	08
40	0015	28	10	13	25	00448	06.7	+12.8	0000	045.3	000.0	0006	0024	-00.23	02	01	0901	08
40	0016	28	10	13	25	00444	06.6	+12.8	0000	045.3	000.0	0010	0028	-00.31	02	01	0901	08
40	0017	28	10	13	26	00444	06.7	+12.8	0000	045.3	000.0	0012	0033	-00.31	02	01	0900	08
40	0018	28	10	13	26	00441	06.7	+12.8	0000	045.3	000.0	0012	0033	-00.31	02	01	0901	08
40	0019	28	10	13	27	00418	06.6	+12.9	0000	044.9	000.0	0000	0000	+00.00	02	00	0901	08
40	0020	28	10	13	27	00417	06.6	+12.8	0000	044.9	000.0	0000	0004	+00.00	02	00	0901	08
40	0021	28	10	13	27	00419	06.6	+12.8	0000	045.0	000.0	0000	0009	+00.00	02	00	0901	08
40	0022	28	10	13	27	00421	06.7	+12.9	0000	045.0	000.0	0003	0014	+00.23	02	00	0901	08
40	0023	28	10	13	27	00422	06.6	+12.9	0000	044.9	000.0	0005	0019	+00.22	02	00	0901	08
40	0024	28	10	13	27	00423	06.6	+12.8	0000	044.9	000.0	0006	0024	+00.22	02	00	0901	08
40	0025	28	10	13	27	00424	06.6	+12.9	0000	044.9	000.0	0007	0028	+00.21	02	00	0901	08
40	0026	28	10	13	28	00426	06.6	+12.8	0000	044.9	000.0	0008	0033	+00.22	02	00	0901	08
40	0027	28	10	13	28	00428	06.6	+12.8	0000	044.9	000.0	0010	0038	+00.23	02	00	0901	08
40	0028	28	10	13	28	00430	06.5	+12.8	0000	044.9	000.0	0012	0043	+00.25	02	00	0901	08
40	0029	28	10	13	28	00432	06.6	+12.8	0000	044.9	000.0	0015	0048	+00.26	02	00	0901	08
40	0030	28	10	13	28	00432	06.6	+12.9	0000	044.8	000.0	0016	0052	+00.26	02	00	0901	08
40	0031	28	10	13	28	00433	06.6	+12.9	0000	044.8	000.0	0017	0057	+00.25	02	00	0901	08
40	0032	28	10	13	28	00437	06.6	+12.9	0000	044.8	000.0	0019	0062	+00.26	02	00	0900	08
41	0007	28	10	13	32	00457	06.8	+13.0	0000	045.4	000.0	0000	0000	+00.00	02	00	0901	08
41	0008	28	10	13	32	00458	06.8	+13.0	0000	045.4	000.0	0000	0004	+00.00	02	00	0900	08
41	0009	28	10	13	32	00456	06.7	+13.0	0000	045.3	000.0	0000	0009	+00.00	02	00	0900	08
41	0010	28	10	13	32	00457	06.9	+13.0	0000	045.4	000.0	0000	0014	-00.04	02	01	0900	08
41	0011	28	10	13	32	00461	06.8	+13.0	0000	045.5	000.0	0002	0019	+00.10	02	00	0901	08
41	0012	28	10	13	32	00463	06.8	+13.0	0000	045.6	000.0	0005	0024	+00.18	02	00	0901	08
41	0013	28	10	13	33	00464	06.8	+13.0	0000	045.6	000.0	0007	0028	+00.22	02	00	0901	08
41	0014	28	10	13	33	00466	06.8	+13.0	0000	045.6	000.0	0009	0033	+00.24	02	00	0901	08
41	0015	28	10	13	33	00467	06.8	+13.0	0000	045.5	000.0	0011	0038	+00.25	02	00	0900	08
41	0016	28	10	13	33	00470	06.7	+13.0	0000	045.5	000.0	0013	0043	+00.27	02	00	0901	08
41	0017	28	10	13	33	00473	06.7	+13.0	0000	045.5	000.0	0016	0048	+00.29	02	00	0901	08
41	0018	28	10	13	33	00474	06.8	+13.0	0000	045.5	000.0	0018	0052	+00.30	02	00	0900	08
41	0019	28	10	13	33	00476	06.7	+13.0	0000	045.4	000.0	0020	0057	+00.31	02	00	0900	08
41	0020	28	10	13	34	00479	06.8	+13.0	0000	045.4	000.0	0023	0062	+00.32	02	00	0901	08
42	0001	28	10	13	35	00473	06.8	+13.0	0000	045.4	000.0	0000	0000	+00.00	02	00	0901	08
42	0002	28	10	13	35	00470	06.8	+13.0	0000	045.4	000.0	0000	0004	+00.00	02	00	0901	08
42	0003	28	10	13	35	00471	06.8	+13.0	0000	045.5	000.0	0000	0009	+00.00	02	00	0901	08
42	0004	28	10	13	35	00468	06.8	+13.0	0000	045.5	000.0	0003	0014	-00.23	02	01	0900	08
42	0005	28	10	13	35	00467	06.8	+13.0	0000	045.5	000.0	0005	0019	-00.25	02	01	0900	08
42	0006	28	10	13	35	00465	06.8	+13.0	0000	045.5	000.0	0005	0019	-00.25	02	01	0900	08
42	0007	28	10	13	38	00490	06.8	+12.9	0000	045.9	000.0	0000	0000	+00.00	02	00	0900	08
42	0008	28	10	13	38	00492	06.8	+12.9	0000	045.9	000.0	0000	0004	+00.00	02	00	0901	08
42	0009	28	10	13	38	00494	06.8	+12.9	0000	045.9	000.0	0000	0009	+00.00	02	00	0900	08
42	0010	28	10	13	39	00496	06.8	+12.9	0000	045.9	000.0	0005	0014	+00.35	02	00	0900	08
42	0011	28	10	13	39	00497	06.8	+12.9	0000	045.9	000.0	0007	0019	+00.33	02	00	0900	08
42	0012	28	10	13	39	00497	06.8	+12.8	0000	045.9	000.0	0007	0024	+00.27	02	00	0901	08
42	0013	28	10	13	39	00497	06.8	+12.9	0000	045.9	000.0	0007	0028	+00.22	02	00	0900	08
42	0014	28	10	13	39	00497	06.8	+12.9	0000	045.9	000.0	0007	0033	+00.18	02	00	0900	08
42	0015	28	10	13	39	00500	06.8	+12.9	0000	045.9	000.0	0008	0038	+00.18	02	00	0900	08
42	0016	28	10	13	39	00498	06.9	+12.9	0000	046.0	000.0	0008	0043	+00.16	02	00	0901	08
42	0017	28	10	13	40	00501	06.8	+12.9	0000	046.0	000.0	0009	0048	+00.16	02	00	0900	08
42	0018	28	10	13	40	00498	06.8	+13.0	0000	046.0	000.0	0008	0052	+00.14	02	00	0900	08
42	0019	28	10	13	40	00499	06.9	+12.9	0000	046.0	000.0	0008	0057	+00.12	02	00	0901	08
42	0020	28	10	13	40	00500	06.9	+12.9	0000	046.1	000.0	0008	0062	+00.11	02	00	0900	08
43	0001	28	10	13	43	00447	07.0	+12.9	0000	046.9	000.0	0000	0000	+00.00	02	00	0901	08
43	0002	28	10	13	43	00446	07.0	+12.9	0000	046.9	000.0	0000	0004	+00.00	02	00	0901	08
43	0003	28	10	13	43	00443	07.0	+12.9	0000	046.9	000.0	0000	0009	+00.00	02	00	0901	08
43	0004	28	10	13	43	00439	07.0	+12.9	0000	046.9	000.0	0007	0014	-00.45	02	01	0901	08
43	0005	28	10	13	43	00436	07.0	+12.9	0000	047.0	000.0	0011	0019	-00.49	02	01	0901	08
43	0006	28	10	13	44	00433	07.0	+12.9	0000	047.1	000.0	0014	0024	-00.53	02	01	0901	08
43	0007	28	10	13	44	00434	06.9	+12.8	0000	047.1	000.0	0015	0028	-00.46	02	01	0900	08
43	0008	28	10	13	44	00434	07.0	+12.8	0000	047.1	000.0	0015	0033	-00.40	02	01	0901	08
43	0009	28	10	13	44	00434	07.0	+12.8	0000	047.1	000.0	0015	0038	-00.33	02	01	0900	08
43	0010	28	10	13	44	00435	07.0	+12.9	0000	047.2	000.0	0014	0043	-00.28	02	01	0901	08
43	0011	28	10	13	44	00437	07.0	+12.8	0000	047.2	000.0	0012	0048	-00.21	02	01	0901	08
43	0012	28	10	13	44	00435	07.0	+12.8	0000	047.2	000.0	0011	0052	-00.18	02	01	0901	08
43	0013	28	10	13	45	00438	07.0	+12.8	0000	047.2	000.0	0009	0057	-00.14	02	01	0901	08
43	0014	28	10	13	45	00440	07.0	+12.8	0000	047.2	000.0	0007	0062	-00.10	02	01	0901	08
44	0008	28	10	13	48	00447	07.0	+13.2	0000	046.0	000.0	0000	0000	+00.00	02	00	0900	08
44	0009	28	10	13	49	00450	07.0	+13.3	0000	046.0	000.0	0000	0004	+00.00	02	00	0901	08
44	0010	28	10	13	49	00449	07.0	+13.3	0000	046.0	000.0	0000	0009	+00.00	02	00	0901	08
44	0011	28	10	13	49	00450	07.0	+13.3	0000	046.0	000.0	0001	0014	+00.08	02	00	0900	08
44	0012	28	10	13	49	00452	07.0	+13.3	0000	046.0	000.0	0003	0019	+00.15	02	00	0901	08
44	0013	28	10	13	49	00451	07.0	+13.3	0000	046.0	000.0	0003	0024	+00.11	02	00	0901	08
44	0014	28	10	13	49	00452	07.0	+13.3	0000	046.0	000.0	0003	0028	+00.11	02	00	0900	08
44	0015	28	10	13	50	00452	07.0	+13.3	0000	046.0	000.0	0003	0033	+00.09	02	00	0901	08
44	0016	28	10	13	50	00456	06.9	+13.3	0000	045.9	000.0	0006	0038	+00.13	02	00	0900	08
44	0017	28	10	13	50	00454	07.0	+13.4	0000	045.9	000.0	0006	0043	+00.13	02	00	0900	08
44	0018	28	10	13	50	00453	07.0	+13.4	0000	045.9	000.0	0006	0048	+00.11	02	00	0901	08
44	0019	28	10	13	50	00458	06.9	+13.4	0000	045.9	000.0	0008	0052	+00.13	02	00	0901	08
44	0020	28	10	13	50	00456	07.0	+13.4	0000	045.8	000.0	0008	0057	+00.12	02	00	0901	08
44	0021	28	10	13	50	00454	06.9	+13.4	0000	045.8	000.0	0008	0062	+00.11	02	00	0901	08
45	0001	28	10	13	51	00464	06.9	+13.5	0000	045.0	000.0	0000	0000	+00.00	02	00	0901	08
45	0002	28	10	13	52	00464	07.0	+13.5	0000	045.1	000.0	0000	0004	+00.00	02	00	0901	08
45	0003	28	10	13	52	00463	06.9	+13.5	0000	045.0	000.0	0000	0009	+00.00	02	00	0901	08
45	0004	28	10	13	52	00457	06.9	+13.5	0000	045.0	000.0	0005	0014	-00.34	02	01	0901	08
45	0005	28	10	13	52	00455	06.9	+13.5	0000	045.0	000.0	0009	0019	-00.41	02	01	0900	08
45	0006	28	10	13	52	00453	06.9	+13.5	0000	045.0	000.0	0012	0024	-00.44	02	01	0901	08
45	0007	28	10	13	52	00449	06.9	+13.5	0000	045.0	000.0	0016	0028	-00.48	02	01	0901	08
45	0008	28	10	13	52	00451	06.9	+13.5	0000	045.0	000.0	0016	0033	-00.42	02	01	0900	08
45	0009	28	10	13	53	00449	07.0	+13.6	0000	045.0	000.0	0017	0038	-00.39	02	01	0901	08
45	0010	28	10	13	53	00453	06.9	+13.5	0000	045.0	000.0	0017	0038	-00.39	02	01	0901	08
45	0011	28	10	13	54	00480	07.0	+13.6	0000	045.0	000.0	0000	0000	+00.00	02	00	0900	08
45	0012	28	10	13	54	00482	06.9	+13.6	0000	044.6	000.0	0000	0004	+00.00	02	00	0901	08
45	0013	28	10	13	54	00478	07.0	+13.6	0000	044.8	000.0	0000	0009	+00.00	02	00	0900	08
45	0014	28	10	13	54	00472	06.9	+13.6	0000	044.7	000.0	0009	0014	-00.55	02	01	0900	08
45	0015	28	10	13	54	00470	06.9	+13.6	0000	044.7	000.0	0012	0019	-00.56	02	01	0901	08
45	0016	28	10	13	54	00465	06.9	+13.6	0000	044.6	000.0	0017	0024	-00.61	02	01	0901	08
45	0017	28	10	13	55	00464	07.0	+13.6	0000	044.7	000.0	0019	0028	-00.58	02	01	0901	08
45	0018	28	10	13	55	00466	06.9	+13.6	0000	044.7	000.0	0019	0033	-00.50	02	01	0900	08
45	0019	28	10	13	55	00466	07.0	+13.6	0000	044.7	000.0	0019	0038	-00.42	02	01	0900	08
45	0020	28	10	13	55	00465	07.0	+13.6	0000	044.7	000.0	0018	0043	-00.37	02	01	0901	08
45	0021	28	10	13	55	00469	06.9	+13.6	0000	044.7	000.0	0016	0048	-00.29	02	01	0901	08
45	0022	28	10	13	55	00468	06.9	+13.6	0000	044.7	000.0	0015	0052	-00.24	02	01	0900	08
45	0023	28	10	13	56	00469	07.0	+13.6	0000	044.7	000.0	0013	0057	-00.20	02	01	0900	08
45	0024	28	10	13	56	00468	07.0	+13.6	0000	044.7	000.0	0012	0062	-00.17	02	01	0900	08
46	0001	28	10	13	57	00465	07.0	+13.6	0000	045.0	000.0	0000	0000	+00.00	02	00	0900	08
46	0002	28	10	13	57	00467	07.0	+13.6	0000	045.0	000.0	0000	0004	+00.00	02	00	0900	08
46	0003	28	10	13	57	00466	07.0	+13.6	0000	045.0	000.0	0000	0009	+00.00	02	00	0901	08
46	0004	28	10	13	58	00465	07.0	+13.6	0000	045.0	000.0	0000	0014	-00.02	02	01	0901	08
46	0005	28	10	13	58	00467	07.0	+13.6	0000	045.0	000.0	0000	0019	+00.02	02	00	0901	08
46	0006	28	10	13	58	00464	07.0	+13.6	0000	045.0	000.0	0001	0024	-00.04	02	01	0901	08
46	0007	28	10	13	58	00467	07.0	+13.6	0000	045.0	000.0	0000	0028	-00.00	02	01	0901	08
46	0008	28	10	13	58	00467	07.1	+13.6	0000	045.1	000.0	0000	0033	+00.01	02	00	0901	08
46	0009	28	10	13	58	00466	07.0	+13.6	0000	045.1	000.0	0000	0038	+00.01	02	00	0900	08
46	0010	28	10	13	58	00465	07.1	+13.6	0000	045.2	000.0	0000	0043	+00.00	02	00	0900	08
46	0011	28	10	13	59	00465	07.0	+13.6	0000	045.2	000.0	0000	0048	-00.00	02	01	0900	08
46	0012	28	10	13	59	00468	07.0	+13.6	0000	045.2	000.0	0000	0052	+00.01	02	00	0901	08
46	0013	28	10	13	59	00466	07.1	+13.6	0000	045.3	000.0	0000	0057	+00.01	02	00	0900	08
46	0014	28	10	13	59	00467	07.1	+13.6	0000	045.3	000.0	0000	0062	+00.01	02	00	0901	08
47	0001	28	10	14	02	00456	07.0	+13.5	0000	045.5	000.0	0000	0000	+00.00	02	00	0901	08
47	0002	28	10	14	02	00456	07.0	+13.5	0000	045.5	000.0	0000	0004	+00.00	02	00	0900	08
47	0003	28	10	14	02	00454	07.0	+13.5	0000	045.4	000.0	0000	0009	+00.00	02	00	0901	08
47	0004	28	10	14	02	00455	07.0	+13.5	0000	045.4	000.0	0001	0014	-00.08	02	01	0900	08
47	0005	28	10	14	02	00456	07.0	+13.5	0000	045.4	000.0	0000	0019	-00.03	02	01	0901	08
47	0006	28	10	14	02	00458	06.9	+13.5	0000	045.4	000.0	0001	0024	+00.03	02	00	0900	08
47	0007	28	10	14	02	00459	06.9	+13.5	0000	045.4	000.0	0002	0028	+00.08	02	00	0901	08
47	0008	28	10	14	03	00458	07.0	+13.5	0000	045.4	000.0	0003	0033	+00.08	02	00	0901	08
47	0009	28	10	14	03	00460	07.0	+13.5	0000	045.4	000.0	0004	0038	+00.10	02	00	0901	08
47	0010	28	10	14	03	00460	07.0	+13.5	0000	045.4	000.0	0005	0043	+00.10	02	00	0900	08
47	0011	28	10	14	03	00463	07.0	+13.5	0000	045.4	000.0	0007	0048	+00.13	02	00	0901	08
47	0012	28	10	14	03	00461	07.0	+13.5	0000	045.4	000.0	0007	0052	+00.12	02	00	0900	08
47	0013	28	10	14	03	00462	07.0	+13.4	0000	045.4	000.0	0008	0057	+00.12	02	00	0900	08
47	0014	28	10	14	03	00464	07.1	+13.5	0000	045.5	000.0	0009	0062	+00.12	02	00	0900	08
48	0005	28	10	14	08	00462	07.0	+13.4	0000	046.0	000.0	0000	0000	+00.00	02	00	0901	08
48	0006	28	10	14	08	00464	07.0	+13.4	0000	046.0	000.0	0000	0004	+00.00	02	00	0901	08
48	0007	28	10	14	08	00466	07.0	+13.4	0000	046.0	000.0	0000	0009	+00.00	02	00	0901	08
48	0008	28	10	14	08	00467	07.0	+13.4	0000	046.0	000.0	0005	0014	+00.30	02	00	0900	08
48	0009	28	10	14	08	00468	07.0	+13.4	0000	046.1	000.0	0006	0019	+00.28	02	00	0901	08
48	0010	28	10	14	08	00467	07.1	+13.4	0000	046.1	000.0	0005	0024	+00.20	02	00	0901	08
48	0011	28	10	14	08	00467	07.1	+13.4	0000	046.2	000.0	0005	0028	+00.15	02	00	0901	08
48	0012	28	10	14	09	00464	07.1	+13.4	0000	046.2	000.0	0002	0033	+00.07	02	00	0901	08
48	0013	28	10	14	09	00466	07.1	+13.4	0000	046.2	000.0	0002	0038	+00.05	02	00	0901	08
48	0014	28	10	14	09	00468	07.1	+13.4	0000	046.3	000.0	0003	0043	+00.06	02	00	0900	08
48	0015	28	10	14	09	00471	07.1	+13.4	0000	046.3	000.0	0005	0048	+00.09	02	00	0901	08
48	0016	28	10	14	09	00470	07.1	+13.4	0000	046.3	000.0	0006	0052	+00.10	02	00	0900	08
48	0017	28	10	14	09	00470	07.1	+13.4	0000	046.3	000.0	0006	0057	+00.10	02	00	0901	08
48	0018	28	10	14	09	00469	07.1	+13.4	0000	046.3	000.0	0006	0062	+00.09	02	00	0901	08
49	0001	28	10	14	13	00432	07.0	+13.3	0000	046.0	000.0	0000	0000	+00.00	02	00	0900	08
49	0002	28	10	14	13	00433	07.0	+13.2	0000	046.0	000.0	0000	0004	+00.00	02	00	0901	08
49	0003	28	10	14	13	00431	07.0	+13.2	0000	046.0	000.0	0000	0009	+00.00	02	00	0901	08
49	0004	28	10	14	13	00435	07.0	+13.2	0000	046.0	000.0	0002	0014	+00.12	02	00	0901	08
49	0005	28	10	14	13	00000	00.0	+00.0	0000	0000	0000	0000	0000	0000	00	00	0000	00
49	0006	28	10	14	13	00435	07.0	+13.2	0000	046.0	000.0	0004	0024	+00.14	02	00	0901	08
49	0007	28	10	14	14	00436	07.0	+13.2	0000	046.0	000.0	0004	0028	+00.14	02	00	0900	08
49	0008	28	10	14	14	00436	07.0	+13.2	0000	046.0	000.0	0004	0033	+00.12	02	00	0900	08
49	0009	28	10	14	14	00441	07.0	+13.2	0000	046.0	000.0	0007	0038	+00.17	02	00	0900	08
49	0010	28	10	14	14	00442	07.0	+13.2	0000	046.0	000.0	0009	0043	+00.19	02	00	0900	08
49	0011	28	10	14	14	00445	07.0	+13.2	0000	046.0	000.0	0012	0048	+00.22	02	00	0900	08
49	0012	28	10	14	14	00445	07.0	+13.2	0000	046.0	000.0	0014	0052	+00.22	02	00	0900	08
49	0013	28	10	14	14	00446	07.0	+13.3	0000	046.0	000.0	0015	0057	+00.23	02	00	0900	08
49	0014	28	10	14	15	00449	06.9	+13.2	0000	046.0	000.0	0017	0062	+00.24	02	00	0901	08
50	0001	28	10	14	16	00444	07.0	+13.2	0000	046.0	000.0	0000	0000	+00.00	02	00	0901	08
50	0002	28	10	14	16	00442	07.0	+13.2	0000	046.0	000.0	0000	0004	+00.00	02	00	0900	08
50	0003	28	10	14	16	00442	07.0	+13.2	0000	046.0	000.0	0000	0009	+00.00	02	00	0900	08
50	0004	28	10	14	16	00444	07.0	+13.3	0000	046.0	000.0	0000	0014	-00.04	02	01	0900	08
50	0005	28	10	14	16	00445	07.0	+13.2	0000	046.0	000.0	0001	0019	+00.05	02	00	0900	08
50	0006	28	10	14	16	00447	07.0	+13.2	0000	046.0	000.0	0003	0024	+00.11	02	00	0900	08
50	0007	28	10	14	17	00450	07.0	+13.3	0000	046.0	000.0	0006	0028	+00.18	02	00	0901	08
50	0008	28	10	14	17	00448	07.0	+13.2	0000	046.0	000.0	0006	0033	+00.17	02	00	0900	08
50	0009	28	10	14	17	00453	07.0	+13.3	0000	046.0	000.0	0009	0038	+00.21	02	00	0900	08
50	0010	28	10	14	17	00456	07.0	+13.4	0000	046.0	000.0	0012	0043	+00.25	02	00	0901	08
50	0011	28	10	14	17	00454	07.0	+13.3	0000	046.0	000.0	0013	0048	+00.24	02	00	0901	08
50	0012	28	10	14	17	00457	07.0	+13.3	0000	046.0	000.0	0015	0052	+00.25	02	00	0900	08
50	0013	28	10	14	17	00460	07.0	+13.3	0000	046.0	000.0	0017	0057	+00.26	02	00	0900	08
50	0014	28	10	14	18	00462	07.0	+13.3	0000	046.0	000.0	0020	0062	+00.28	02	00	0900	08
52	0001	28	10	14	22	00526	07.0	+13.3	0000	046.0	000.0	0000	0000	+00.00	02	00	0900	08
52	0002	28	10	14	22	00523	07.0	+13.3	0000	046.0	000.0	0000	0004	+00.00	02	00	0900	08
52	0003	28	10	14	22	00522	07.0	+13.2	0000	046.0	000.0	0000	0009	+00.00	02	00	0900	08
52	0004	28	10	14	23	00521	07.0	+13.2	0000	046.1	000.0	0004	0014	-00.25	02	01	0901	08
52	0005	28	10	14	23	00521	07.1	+13.2	0000	046.2	000.0	0004	0019	-00.21	02	01	0900	08
52	0006	28	10	14	23	00516	07.1	+13.2	0000	046.3	000.0	0008	0024	-00.29	02	01	0900	08
52	0007	28	10	14	23	00518	07.1	+13.2	0000	046.4	000.0	0008	0028	-00.25	02	01	0900	08
52	0008	28	10	14	23	00516	07.1	+13.2	0000	046.5	000.0	0009	0033	-00.23	02	01	0901	08
52	0009	28	10	14	23	00519	07.1	+13.2	0000	046.6	000.0	0008	0038	-00.18	02	01	0901	08
52	0010	28	10	14	23	00522	07.1	+13.2	0000	046.6	000.0	0005	0043	-00.11	02	01	0900	08
52	0011	28	10	14	24	00523	07.1	+13.2	0000	046.6	000.0	0003	0048	-00.06	02	01	0901	08
52	0012	28	10	14	24	00523	07.1	+13.2	0000	046.7	000.0	0002	0052	-00.03	02	01	0900	08
52	0013	28	10	14	24	00525	07.1	+13.2	0000	046.7	000.0	0000	0057	-00.00	02	01	0901	08
52	0014	28	10	14	24	00527	07.2	+13.2	0000	046.7	000.0	0001	0062	+00.02	02	00	0900	08
53	0001	28	10	14	26	00457	07.3	+13.2	0000	048.5	000.0	0000	0000	+00.00	02	00	0900	08
53	0002	28	10	14	26	00463	07.3	+13.2	0000	048.3	000.0	0000	0004	+00.00	02	00	0901	08
53	0003	28	10	14	26	00465	07.2	+13.2	0000	048.2	000.0	0000	0009	+00.00	02	00	0900	08
53	0004	28	10	14	26	00468	07.2	+13.2	0000	048.1	000.0	0010	0014	+00.63	02	00	0900	08
53	0005	28	10	14	26	00468	07.3	+13.2	0000	048.1	000.0	0011	0019	+00.49	02	00	0900	08
53	0006	28	10	14	26	00471	07.2	+13.2	0000	048.1	000.0	0012	0024	+00.45	02	00	0901	08
53	0007	28	10	14	26	00468	07.3	+13.2	0000	048.1	000.0	0011	0028	+00.33	02	00	0900	08
53	0008	28	10	14	27	00473	07.3	+13.2	0000	048.0	000.0	0012	0033	+00.32	02	00	0900	08
53	0009	28	10	14	27	00467	07.2	+13.2	0000	048.0	000.0	0010	0038	+00.23	02	00	0900	08
53	0010	28	10	14	27	00469	07.3	+13.2	0000	048.0	000.0	0009	0043	+00.19	02	00	0901	08
53	0011	28	10	14	27	00467	07.2	+13.2	0000	047.9	000.0	0008	0048	+00.14	02	00	0901	08
53	0012	28	10	14	27	00468	07.2	+13.2	0000	047.9	000.0	0007	0052	+00.11	02	00	0900	08
53	0013	28	10	14	27	00466	07.2	+13.2	0000	047.9	000.0	0005	0057	+00.08	02	00	0901	08
53	0014	28	10	14	28	00467	07.2	+13.2	0000	047.8	000.0	0005	0062	+00.07	02	00	0901	08
54	0001	28	10	14	29	00460	07.1	+13.2	0000	047.0	000.0	0000	0000	+00.00	02	00	0900	08
54	0002	28	10	14	29	00457	07.1	+13.2	0000	047.0	000.0	0000	0004	+00.00	02	00	0900	08
54	0003	28	10	14	29	00455	07.1	+13.2	0000	047.0	000.0	0000	0009	+00.00	02	00	0900	08
54	0004	28	10	14	29	00456	07.1	+13.2	0000	047.0	000.0	0004	0014	-00.25	02	01	0900	08
54	0005	28	10	14	29	00454	07.0	+13.2	0000	046.9	000.0	0005	0019	-00.22	02	01	0900	08
54	0006	28	10	14	29	00455	07.0	+13.2	0000	046.8	000.0	0004	0024	-00.15	02	01	0900	08
54	0007	28	10	14	30	00456	07.0	+13.2	0000	046.7	000.0	0003	0028	-00.10	02	01	0900	08
54	0008	28	10	14	30	00454	06.9	+13.2	0000	046.6	000.0	0004	0033	-00.10	02	01	0900	08
54	0009	28	10	14	30	00456	06.9	+13.2	0000	046.6	000.0	0003	0038	-00.06	02	01	0900	08
54	0010	28	10	14	30	00453	06.9	+13.2	0000	046.5	000.0	0003	0043	-00.07	02	01	0900	08
54	0011	28	10	14	30	00455	06.9	+13.1	0000	046.5	000.0	0003	0048	-00.06	02	01	0900	08
54	0012	28	10	14	30	00452	06.9	+13.1	0000	046.4	000.0	0004	0052	-00.07	02	01	0900	08
54	0013	28	10	14	31	00454	06.9	+13.1	0000	046.4	000.0	0004	0057	-00.06	02	01	0900	08
54	0014	28	10	14	31	00455	06.9	+13.1	0000	046.4	000.0	0004	0062	-00.05	02	01	0900	08
55	0001	28	10	14	34	00435	07.2	+13.2	0000	048.0	000.0	0000	0000	+00.00	02	00	0900	08
55	0002	28	10	14	34	00433	07.2	+13.2	0000	048.0	000.0	0000	0004	+00.00	02	00	0900	08
55	0003	28	10	14	34	00433	07.2	+13.2	0000	048.0	000.0	0000	0009	+00.00	02	00	0900	08
55	0004	28	10	14	34	00435	07.2	+13.2	0000	048.0	000.0	0000	0014	-00.02	02	01	0900	08
55	0005	28	10	14	34	00432	07.2	+13.2	0000	047.9	000.0	0002	0019	-00.09	02	01	0900	08
55	0006	28	10	14	35	00434	07.2	+13.2	0000	047.9	000.0	0000	0024	-00.03	02	01	0900	08
55	0007	28	10	14	35	00433	07.2	+13.2	0000	047.9	000.0	0000	0028	-00.02	02	01	0901	08
55	0008	28	10	14	35	00434	07.2	+13.2	0000	047.9	000.0	0000	0033	-00.01	02	01	0900	08
55	0009	28	10	14	35	00434	07.2	+13.2	0000	047.9	000.0	0000	0038	-00.00	02	01	0900	08
55	0010	28	10	14	35	00436	07.2	+13.2	0000	047.9	000.0	0000	0043	+00.01	02	00	0900	08
55	0011	28	10	14	35	00433	07.2	+13.2	0000	047.9	000.0	0000	0048	+00.00	02	00	0900	08
55	0012	28	10	14	35	00433	07.3	+13.2	0000	047.9	000.0	0000	0052	-00.00	02	01	0900	08
55	0013	28	10	14	36	00431	07.3	+13.2	0000	047.9	000.0	0001	0057	-00.01	02	01	0900	08
55	0014	28	10	14	36	00435	07.2	+13.2	0000	047.9	000.0	0000	0062	-00.00	02	01	0900	08
56	0001	28	10	14	37	00445	07.3	+13.3	0000	048.0	000.0	0000	0000	+00.00	02	00	0900	08
56	0002	28	10	14	37	00454	07.3	+13.2	0000	048.0	000.0	0000	0004	+00.00	02	00	0900	08
56	0003	28	10	14	37	00481	07.3	+13.2	0000	048.0	000.0	0000	0009	+00.00	02	00	0900	08
56	0004	28	10	14	37	00493	07.3	+13.2	0000	047.9	000.0	0051	0014	+03.08	02	00	0900	08
56	0005	28	10	14	37	00498	07.3	+13.3	0000	047.8	000.0	0058	0019	+02.61	02	00	0900	08
56	0006	28	10	14	38	00502	07.2	+13.2	0000	047.8	000.0	0061	0024	+02.20	02	00	0900	08
56	0007	28	10	14	38	00506	07.2	+13.3	0000	047.7	000.0	0063	0028	+01.89	02	00	0900	08
56	0008	28	10	14	38	00512	07.2	+13.3	0000	047.7	000.0	0066	0033	+01.70	02	00	0900	08
56	0009	28	10	14	38	00516	07.2	+13.3	0000	047.6	000.0	0069	0038	+01.54	02	00	0900	08
56	0010	28	10	14	38	00519	07.2	+13.3	0000	047.6	000.0	0071	0043	+01.41	02	00	0900	08
56	0011	28	10	14	38	00522	07.2	+13.3	0000	047.6	000.0	0072	0048	+01.29	02	00	0900	08
56	0012	28	10	14	38	00524	07.2	+13.3	0000	047.6	000.0	0073	0052	+01.19	02	00	0900	08
56	0013	28	10	14	39	00528	07.2	+13.3	0000	047.6	000.0	0074	0057	+01.11	02	00	0900	08
56	0014	28	10	14	39	00529	07.2	+13.3	0000	047.5	000.0	0075	0062	+01.03	02	00	0900	08
57	0001	28	10	14	40	00521	07.2	+13.4	0000	047.0	000.0	0000	0000	+00.00	02	00	0900	08
57	0002	28	10	14	40	00517	07.2	+13.4	0000	047.0	000.0	0000	0004	+00.00	02	00	0900	08
57	0003	28	10	14	40	00512	07.2	+13.4	0000	047.0	000.0	0000	0009	+00.00	02	00	0900	08
57	0004	28	10	14	40	00506	07.2	+13.4	0000	047.0	000.0	0014	0014	-00.83	02	01	0900	08
57	0005	28	10	14	40	00506	07.2	+13.4	0000	047.0	000.0	0015	0019	-00.70	02	01	0900	08
57	0006	28	10	14	41	00507	07.2	+13.4	0000	047.0	000.0	0015	0024	-00.54	02	01	0900	08
57	0007	28	10	14	41	00504	07.2	+13.4	0000	047.0	000.0	0016	0028	-00.47	02	01	0900	08
57	0008	28	10	14	41	00503	07.2	+13.4	0000	047.0	000.0	0016	0033	-00.42	02	01	0900	08
57	0009	28	10	14	41	00502	07.2	+13.4	0000	047.0	000.0	0017	0038	-00.38	02	01	0900	08
57	0010	28	10	14	41	00506	07.2	+13.4	0000	047.0	000.0	0015	0043	-00.30	02	01	0900	08
57	0011	28	10	14	41	00505	07.2	+13.4	0000	047.0	000.0	0014	0048	-00.25	02	01	0900	08
57	0012	28	10	14	41	00504	07.2	+13.4	0000	047.0	000.0	0013	0052	-00.22	02	01	0900	08
57	0013	28	10	14	42	00505	07.2	+13.4	0000	047.0	000.0	0013	0057	-00.19	02	01	0900	08
57	0014	28	10	14	42	00503	07.2	+13.4	0000	047.0	000.0	0012	0062	-00.17	02	01	0900	08
58	0011	28	10	14	46	00431	07.1	+13.6	0000	046.0	000.0	0000	0000	+00.00	02	00	0900	08
58	0012	28	10	14	46	00432	07.1	+13.6	0000	046.0	000.0	0000	0004	+00.00	02	00	0900	08
58	0013	28	10	14	47	00432	07.1	+13.6	0000	046.0	000.0	0000	0009	+00.00	02	00	0900	08
58	0014	28	10	14	47	00430	07.2	+13.6	0000	046.1	000.0	0001	0014	-00.08	02	01	0900	08
58	0015	28	10	14	47	00436	07.2	+13.6	0000	046.1	000.0	0002	0019	+00.12	02	00	0900	08
58	0016	28	10	14	47	00436	07.1	+13.6	0000	046.1	000.0	0004	0024	+00.14	02	00	0900	08
58	0017	28	10	14	47	00435	07.1	+13.6	0000	046.1	000.0	0004	0028	+00.12	02	00	0900	08
58	0018	28	10	14	47	00439	07.1	+13.6	0000	046.1	000.0	0006	0033	+00.17	02	00	0900	08
58	0019	28	10	14	47	00438	07.1	+13.6	0000	046.1	000.0	0007	0038	+00.16	02	00	0900	08
58	0020	28	10	14	48	00440	07.1	+13.6	0000	046.1	000.0	0008	0043	+00.17	02	00	0900	08
58	0021	28	10	14	48	00441	07.1	+13.6	0000	046.1	000.0	0009	0048	+00.17	02	00	0900	08
58	0022	28	10	14	48	00442	07.1	+13.6	0000	046.1	000.0	0011	0052	+00.18	02	00	0900	08
58	0023	28	10	14	48	00442	07.1	+13.6	0000	046.1	000.0	0011	0057	+00.17	02	00	0900	08
58	0024	28	10	14	48	00444	07.1	+13.6	0000	046.1	000.0	0013	0062	+00.18	02	00	0900	08
59	0001	28	10	14	49	00439	07.2	+13.6	0000	046.0	000.0	0000	0000	+00.00	02	00	0900	08
59	0002	28	10	14	49	00439	07.2	+13.6	0000	046.0	000.0	0000	0004	+00.00	02	00	0900	08
59	0003	28	10	14	50	00442	07.1	+13.6	0000	046.0	000.0	0000	0009	+00.00	02	00	0900	08
59	0004	28	10	14	50	00445	07.2	+13.6	0000	046.0	000.0	0006	0014	+00.41	02	00	0900	08
59	0005	28	10	14	50	00449	07.2	+13.6	0000	046.0	000.0	0010	0019	+00.49	02	00	0900	08
59	0006	28	10	14	50	00451	07.2	+13.6	0000	046.1	000.0	0013	0024	+00.48	02	00	0900	08
59	0007	28	10	14	50	00450	07.2	+13.6	0000	046.1	000.0	0013	0028	+00.40	02	00	0900	08
59	0008	28	10	14	50	00447	07.2	+13.6	0000	046.2	000.0	0011	0033	+00.30	02	00	0900	08
59	0009	28	10	14	51	00446	07.2	+13.6	0000	046.2	000.0	0009	0038	+00.22	02	00	0900	08
59	0010	28	10	14	51	00444	07.2	+13.6	0000	046.2	000.0	0007	0043	+00.15	02	00	0900	08
59	0011	28	10	14	51	00444	07.2	+13.6	0000	046.2	000.0	0005	0048	+00.10	02	00	0900	08
59	0012	28	10	14	51	00445	07.2	+13.6	0000	046.2	000.0	0004	0052	+00.08	02	00	0900	08
59	0013	28	10	14	51	00444	07.2	+13.6	0000	046.2	000.0	0003	0057	+00.05	02	00	0900	08
59	0014	28	10	14	51	00451	07.2	+13.6	0000	046.2	000.0	0005	0062	+00.07	02	00	0900	08
60	0001	28	10	14	52	00516	07.2	+13.6	0000	046.5	000.0	0000	0000	+00.00	02	00	0900	08
60	0002	28	10	14	52	00511	07.2	+13.6	0000	046.4	000.0	0000	0004	+00.00	02	00	0900	08
60	0003	28	10	14	53	00511	07.2	+13.6	0000	046.2	000.0	0000	0009	+00.00	02	00	0900	08
60	0004	28	10	14	53	00506	07.2	+13.6	0000	046.2	000.0	0008	0014	-00.49	02	01	0900	08
60	0005	28	10	14	53	00505	07.2	+13.6	0000	046.1	000.0	0010	0019	-00.46	02	01	0900	08
60	0006	28	10	14	53	00503	07.2	+13.6	0000	046.1	000.0	0012	0024	-00.44	02	01	0900	08
60	0007	28	10	14	53	00500	07.2	+13.6	0000	046.1	000.0	0014	0028	-00.44	02	01	0900	08
60	0008	28	10	14	53	00499	07.1	+13.7	0000	046.1	000.0	0016	0033	-00.42	02	01	0900	08
60	0009	28	10	14	54	00495	07.1	+13.6	0000	046.0	000.0	0019	0038	-00.42	02	01	0900	08
60	0010	28	10	14	54	00497	07.2	+13.6	0000	046.0	000.0	0019	0043	-00.39	02	01	0900	08
60	0011	28	10	14	54	00498	07.2	+13.6	0000	046.0	000.0	0019	0048	-00.34	02	01	0900	08
60	0012	28	10	14	54	00499	07.2	+13.6	0000	046.0	000.0	0018	0052	-00.29	02	01	0900	08
60	0013	28	10	14	54	00500	07.2	+13.7	0000	046.0	000.0	0016	0057	-00.25	02	01	0900	08
60	0014	28	10	14	54	00498	07.2	+13.6	0000	046.0	000.0	0016	0062	-00.22	02	01	0900	08
61	0001	28	10	15	04	00435	07.0	+13.6	0000	045.0	000.0	0000	0000	+00.00	02	00	0900	08
61	0002	28	10	15	04	00434	07.0	+13.6	0000	045.0	000.0	0000	0004	+00.00	02	00	0900	08
61	0003	28	10	15	05	00434	07.0	+13.6	0000	045.0	000.0	0000	0009	+00.00	02	00	0900	08
61	0004	28	10	15	05	00436	07.0	+13.6	0000	045.0	000.0	0001	0014	+00.08	02	00	0900	08
61	0005	28	10	15	05	00437	07.0	+13.6	0000	045.0	000.0	0002	0019	+00.11	02	00	0900	08
61	0006	28	10	15	05	00437	07.0	+13.6	0000	045.0	000.0	0003	0024	+00.11	02	00	0900	08
61	0007	28	10	15	05	00435	07.0	+13.6	0000	045.0	000.0	0002	0028	+00.06	02	00	0900	08
61	0008	28	10	15	05	00433	07.0	+13.6	0000	045.0	000.0	0000	0033	+00.01	02	00	0900	08
61	0009	28	10	15	06	00437	07.0	+13.6	0000	045.0	000.0	0001	0038	+00.03	02	00	0900	08
61	0010	28	10	15	06	00436	07.0	+13.6	0000	045.0	000.0	0001	0043	+00.03	02	00	0900	08
61	0011	28	10	15	06	00439	07.0	+13.6	0000	045.0	000.0	0003	0048	+00.05	02	00	0900	08
61	0012	28	10	15	06	00438	06.9	+13.6	0000	045.0	000.0	0003	0052	+00.05	02	00	0900	08
61	0013	28	10	15	06	00438	07.0	+13.6	0000	045.0	000.0	0003	0057	+00.05	02	00	0900	08
61	0014	28	10	15	06	00440	06.9	+13.6	0000	044.9	000.0	0004	0062	+00.06	02	00	0900	08
62	0006	28	10	15	09	00436	06.8	+13.6	0000	044.0	000.0	0000	0000	+00.00	02	00	0900	08
62	0007	28	10	15	09	00435	06.9	+13.6	0000	044.4	000.0	0000	0004	+00.00	02	00	0900	08
62	0008	28	10	15	09	00438	06.9	+13.6	0000	044.4	000.0	0000	0009	+00.00	02	00	0900	08
62	0009	28	10	15	09	00438	06.9	+13.7	0000	044.4	000.0	0003	0014	+00.19	02	00	0900	08
62	0010	28	10	15	10	00437	06.9	+13.6	0000	044.4	000.0	0002	0019	+00.09	02	00	0900	08
62	0011	28	10	15	10	00436	06.9	+13.6	0000	044.4	000.0	0001	0024	+00.03	02	00	0900	08
62	0012	28	10	15	10	00436	06.9	+13.6	0000	044.4	000.0	0000	0028	+00.00	02	00	0900	08
62	0013	28	10	15	10	00441	06.9	+13.7	0000	044.4	000.0	0002	0033	+00.06	02	00	0900	08
62	0014	28	10	15	10	00440	06.9	+13.7	0000	044.4	000.0	0003	0038	+00.07	02	00	0900	08
62	0015	28	10	15	10	00439	06.8	+13.6	0000	044.3	000.0	0003	0043	+00.07	02	00	0900	08
62	0016	28	10	15	11	00442	06.9	+13.6	0000	044.3	000.0	0004	0048	+00.08	02	00	0900	08
62	0017	28	10	15	11	00441	06.8	+13.6	0000	044.3	000.0	0005	0052	+00.09	02	00	0900	08
62	0018	28	10	15	11	00445	06.9	+13.7	0000	044.3	000.0	0007	0057	+00.11	02	00	0900	08
62	0019	28	10	15	11	00445	06.8	+13.6	0000	044.3	000.0	0009	0062	+00.12	02	00	0900	08
63	0001	28	10	15	13	00420	07.0	+13.6	0000	045.0	000.0	0000	0000	+00.00	02	00	0900	08
63	0002	28	10	15	13	00419	06.9	+13.6	0000	044.7	000.0	0000	0004	+00.00	02	00	0900	08
63	0003	28	10	15	13	00416	06.9	+13.6	0000	044.6	000.0	0000	0009	+00.00	02	00	0900	08
63	0004	28	10	15	13	00417	06.9	+13.6	0000	044.6	000.0	0003	0014	-00.21	02	01	0900	08
63	0005	28	10	15	13	00416	06.9	+13.6	0000	044.6	000.0	0004	0019	-00.18	02	01	0900	08
63	0006	28	10	15	13	00415	06.9	+13.6	0000	044.5	000.0	0004	0024	-00.17	02	01	0900	08
63	0007	28	10	15	13	00413	06.8	+13.6	0000	044.5	000.0	0006	0028	-00.18	02	01	0900	08
63	0008	28	10	15	14	00414	06.8	+13.6	0000	044.4	000.0	0006	0033	-00.16	02	01	0900	08
63	0009	28	10	15	14	00417	06.9	+13.6	0000	044.4	000.0	0004	0038	-00.10	02	01	0900	08
63	0010	28	10	15	14	00416	06.9	+13.6	0000	044.4	000.0	0004	0043	-00.08	02	01	0900	08
63	0011	28	10	15	14	00419	06.9	+13.6	0000	044.4	000.0	0002	0048	-00.04	02	01	0900	08
63	0012	28	10	15	14	00420	06.9	+13.6	0000	044.4	000.0	0000	0052	-00.01	02	01	0900	08
63	0013	28	10	15	14	00419	06.8	+13.6	0000	044.4	000.0	0000	0057	+00.00	02	00	0900	08
63	0014	28	10	15	15	00423	06.9	+13.6	0000	044.4	000.0	0002	0062	+00.03	02	00	0900	08
64	0001	28	10	15	16	00416	06.9	+13.5	0000	044.5	000.0	0000	0000	+00.00	02	00	0900	08
64	0002	28	10	15	16	00418	06.9	+13.6	0000	044.6	000.0	0000	0004	+00.00	02	00	0900	08
64	0003	28	10	15	16	00419	06.9	+13.5	0000	044.8	000.0	0000	0009	+00.00	02	00	0900	08
64	0004	28	10	15	16	00417	06.9	+13.6	0000	044.7	000.0	0001	0014	+00.06	02	00	0900	08
64	0005	28	10	15	16	00417	07.0	+13.6	0000	044.8	000.0	0000	0019	+00.01	02	00	0900	08
64	0006	28	10	15	16	00419	07.0	+13.6	0000	044.8	000.0	0001	0024	+00.05	02	00	0900	08
64	0007	28	10	15	17	00416	06.9	+13.5	0000	044.8	000.0	0000	0028	+00.01	02	00	0900	08
64	0008	28	10	15	17	00416	07.0	+13.6	0000	044.8	000.0	0000	0033	-00.01	02	01	0900	08
64	0009	28	10	15	17	00417	07.0	+13.6	0000	044.9	000.0	0000	0038	-00.00	02	01	0900	08
64	0010	28	10	15	17	00416	07.0	+13.6	0000	044.9	000.0	0000	0043	-00.01	02	01	0900	08
64	0011	28	10	15	17	00419	06.9	+13.5	0000	044.9	000.0	0000	0048	+00.00	02	00	0900	08
64	0012	28	10	15	17	00420	06.9	+13.5	0000	044.9	000.0	0001	0052	+00.02	02	00	0900	08
64	0013	28	10	15	17	00419	07.0	+13.6	0000	044.9	000.0	0001	0057	+00.02	02	00	0900	08
64	0014	28	10	15	18	00420	06.9	+13.5	0000	044.9	000.0	0002	0062	+00.03	02	00	0900	08
65	0001	28	10	15	19	00430	06.9	+13.4	0000	045.0	000.0	0000	0000	+00.00	02	00	0900	08
65	0002	28	10	15	19	00432	06.9	+13.4	0000	045.1	000.0	0000	0004	+00.00	02	00	0900	08
65	0003	28	10	15	19	00430	07.0	+13.4	0000	045.3	000.0	0000	0009	+00.00	02	00	0900	08
65	0004	28	10	15	19	00431	07.0	+13.4	0000	045.2	000.0	0000	0014	+00.02	02	00	0900	08
65	0005	28	10	15	19	00428	06.9	+13.4	0000	045.2	000.0	0001	0019	-00.08	02	01	0900	08
65	0006	28	10	15	19	00431	06.9	+13.4	0000	045.2	000.0	0001	0024	-00.03	02	01	0900	08
65	0007	28	10	15	20	00428	07.0	+13.4	0000	045.2	000.0	0002	0028	-00.07	02	01	0900	08
65	0008	28	10	15	20	00430	07.0	+13.4	0000	045.2	000.0	0002	0033	-00.05	02	01	0900	08
65	0009	28	10	15	20	00433	07.0	+13.4	0000	045.3	000.0	0000	0038	+00.00	02	00	0900	08
65	0010	28	10	15	20	00429	07.0	+13.5	0000	045.3	000.0	0000	0043	-00.01	02	01	0900	08
65	0011	28	10	15	20	00428	07.0	+13.5	0000	045.3	000.0	0001	0048	-00.02	02	01	0900	08
65	0012	28	10	15	20	00428	07.0	+13.4	0000	045.3	000.0	0002	0052	-00.03	02	01	0900	08
65	0013	28	10	15	21	00430	07.0	+13.5	0000	045.3	000.0	0001	0057	-00.02	02	01	0900	08
65	0014	28	10	15	21	00431	07.0	+13.4	0000	045.3	000.0	0001	0062	-00.01	02	01	0900	08
66	0001	28	10	15	22	00417	07.0	+13.4	0000	045.5	000.0	0000	0000	+00.00	02	00	0900	08
66	0002	28	10	15	22	00416	07.0	+13.4	0000	045.3	000.0	0000	0004	+00.00	02	00	0900	08
66	0003	28	10	15	22	00416	07.0	+13.4	0000	045.4	000.0	0000	0009	+00.00	02	00	0900	08
66	0004	28	10	15	22	00419	07.0	+13.5	0000	045.4	000.0	0001	0014	+00.08	02	00	0900	08
66	0005	28	10	15	22	00416	07.0	+13.4	0000	045.4	000.0	0000	0019	+00.01	02	00	0900	08
66	0006	28	10	15	23	00418	07.0	+13.4	0000	045.4	000.0	0001	0024	+00.03	02	00	0900	08
66	0007	28	10	15	23	00418	07.0	+13.5	0000	045.4	000.0	0001	0028	+00.04	02	00	0900	08
66	0008	28	10	15	23	00421	06.9	+13.4	0000	045.4	000.0	0003	0033	+00.08	02	00	0900	08
66	0009	28	10	15	23	00419	06.9	+13.5	0000	045.4	000.0	0003	0038	+00.08	02	00	0900	08
66	0010	28	10	15	23	00422	07.0	+13.4	0000	045.4	000.0	0005	0043	+00.10	02	00	0900	08
66	0011	28	10	15	23	00423	06.9	+13.4	0000	045.4	000.0	0006	0048	+00.11	02	00	0900	08
66	0012	28	10	15	23	00423	07.0	+13.4	0000	045.4	000.0	0007	0052	+00.11	02	00	0900	08
66	0013	28	10	15	24	00423	07.0	+13.4	0000	045.4	000.0	0007	0057	+00.11	02	00	0900	08
66	0014	28	10	15	24	00425	07.0	+13.4	0000	045.4	000.0	0008	0062	+00.12	02	00	0900	08
67	0027	28	10	15	43	00466	07.4	+13.2	0000	049.0	000.0	0000	0000	+00.00	02	00	0900	08
67	0028	28	10	15	43	00461	07.4	+13.2	0000	049.0	000.0	0000	0004	+00.00	02	00	0900	08
67	0029	28	10	15	43	00459	07.4	+13.2	0000	049.0	000.0	0000	0009	+00.00	02	00	0900	08
67	0030	28	10	15	44	00460	07.4	+13.2	0000	049.0	000.0	0006	0014	-00.36	02	01	0900	08
67	0031	28	10	15	44	00454	07.4	+13.2	0000	049.0	000.0	0010	0019	-00.45	02	01	0900	08
67	0032	28	10	15	44	00455	07.4	+13.2	0000	049.0	000.0	0010	0024	-00.38	02	01	0900	08
67	0033	28	10	15	44	00454	07.4	+13.2	0000	048.9	000.0	0011	0028	-00.32	02	01	0900	08
67	0034	28	10	15	44	00452	07.3	+13.2	0000	048.8	000.0	0012	0033	-00.30	02	01	0900	08
67	0035	28	10	15	44	00450	07.3	+13.2	0000	048.8	000.0	0013	0038	-00.30	02	01	0900	08
67	0036	28	10	15	45	00454	07.3	+13.2	0000	048.8	000.0	0012	0043	-00.24	02	01	0900	08
67	0037	28	10	15	45	00456	07.2	+13.2	0000	048.7	000.0	0010	0048	-00.18	02	01	0900	08
67	0038	28	10	15	45	00456	07.3	+13.2	0000	048.7	000.0	0009	0052	-00.14	02	01	0900	08
67	0039	28	10	15	45	00455	07.3	+13.2	0000	048.7	000.0	0008	0057	-00.12	02	01	0900	08
67	0040	28	10	15	45	00455	07.3	+13.2	0000	048.7	000.0	0007	0062	-00.10	02	01	0900	08
68	0001	28	10	15	46	00433	07.3	+13.2	0000	048.5	000.0	0000	0000	+00.00	02	00	0900	08
68	0002	28	10	15	46	00430	07.3	+13.2	0000	048.2	000.0	0000	0004	+00.00	02	00	0900	08
68	0003	28	10	15	46	00428	07.3	+13.2	0000	048.3	000.0	0000	0009	+00.00	02	00	0900	08
68	0004	28	10	15	47	00430	07.3	+13.2	0000	048.2	000.0	0003	0014	-00.18	02	01	0900	08
68	0005	28	10	15	47	00428	07.3	+13.2	0000	048.1	000.0	0003	0019	-00.15	02	01	0900	08
68	0006	28	10	15	47	00429	07.3	+13.2	0000	048.1	000.0	0003	0024	-00.11	02	01	0900	08
68	0007	28	10	15	47	00433	07.3	+13.2	0000	048.1	000.0	0000	0028	-00.01	02	01	0900	08
68	0008	28	10	15	47	00431	07.3	+13.2	0000	048.1	000.0	0000	0028	-00.01	02	01	0900	08
68	0009	28	10	15	48	00432	07.2	+13.2	0000	047.5	000.0	0000	0000	+00.00	02	00	0900	08
68	0010	28	10	15	48	00433	07.3	+13.2	0000	047.9	000.0	0000	0004	+00.00	02	00	0900	08
68	0011	28	10	15	48	00435	07.2	+13.2	0000	047.9	000.0	0000	0009	+00.00	02	00	0900	08
68	0012	28	10	15	48	00434	07.3	+13.2	0000	047.9	000.0	0001	0014	+00.10	02	00	0900	08
68	0013	28	10	15	49	00438	07.3	+13.2	0000	047.9	000.0	0004	0019	+00.20	02	00	0900	08
68	0014	28	10	15	49	00438	07.3	+13.2	0000	047.9	000.0	0005	0024	+00.19	02	00	0900	08
68	0015	28	10	15	49	00439	07.3	+13.3	0000	047.9	000.0	0006	0028	+00.20	02	00	0900	08
68	0016	28	10	15	49	00443	07.2	+13.2	0000	048.0	000.0	0009	0033	+00.24	02	00	0900	08
68	0017	28	10	15	49	00446	07.2	+13.2	0000	047.9	000.0	0012	0038	+00.28	02	00	0900	08
68	0018	28	10	15	49	00445	07.2	+13.2	0000	047.9	000.0	0014	0043	+00.28	02	00	0900	08
68	0019	28	10	15	49	00443	07.2	+13.2	0000	047.8	000.0	0014	0048	+00.25	02	00	0900	08
68	0020	28	10	15	50	00444	07.2	+13.2	0000	047.8	000.0	0014	0052	+00.22	02	00	0900	08
68	0021	28	10	15	50	00447	07.2	+13.2	0000	047.8	000.0	0015	0057	+00.22	02	00	0900	08
68	0022	28	10	15	50	00446	07.1	+13.2	0000	047.7	000.0	0015	0062	+00.21	02	00	0900	08
69	0001	28	10	15	51	00440	07.2	+13.2	0000	048.0	000.0	0000	0000	+00.00	02	00	0900	08
69	0002	28	10	15	51	00441	07.2	+13.2	0000	048.0	000.0	0000	0004	+00.00	02	00	0900	08
69	0003	28	10	15	51	00438	07.2	+13.2	0000	048.0	000.0	0000	0009	+00.00	02	00	0900	08
69	0004	28	10	15	51	00441	07.2	+13.2	0000	048.0	000.0	0000	0014	-00.00	02	01	0901	08
69	0005	28	10	15	52	00439	07.2	+13.2	0000	048.0	000.0	0000	0019	-00.02	02	01	0900	08
69	0006	28	10	15	52	00440	07.2	+13.2	0000	048.0	000.0	0000	0024	-00.01	02	01	0900	08
69	0007	28	10	15	52	00440	07.2	+13.2	0000	048.0	000.0	0000	0028	-00.00	02	01	0900	08
69	0008	28	10	15	52	00442	07.2	+13.1	0000	048.0	000.0	0000	0033	+00.02	02	00	0900	08
69	0009	28	10	15	52	00448	07.2	+13.1	0000	048.0	000.0	0005	0038	+00.11	02	00	0900	08
69	0010	28	10	15	52	00447	07.2	+13.1	0000	048.0	000.0	0006	0043	+00.13	02	00	0900	08
69	0011	28	10	15	52	00449	07.2	+13.1	0000	048.0	000.0	0009	0048	+00.16	02	00	0900	08
69	0012	28	10	15	53	00450	07.3	+13.1	0000	048.0	000.0	0010	0052	+00.17	02	00	0900	08
69	0013	28	10	15	53	00450	07.3	+13.1	0000	048.0	000.0	0012	0057	+00.18	02	00	0900	08
69	0014	28	10	15	53	00451	07.3	+13.1	0000	048.0	000.0	0013	0062	+00.18	02	00	0900	08
70	0010	28	10	15	56	00449	07.3	+13.1	0000	049.0	000.0	0000	0000	+00.00	02	00	0900	08
70	0011	28	10	15	56	00453	07.3	+13.0	0000	048.9	000.0	0000	0004	+00.00	02	00	0900	08
70	0012	28	10	15	56	00455	07.3	+13.0	0000	048.9	000.0	0000	0009	+00.00	02	00	0900	08
70	0013	28	10	15	57	00454	07.3	+13.0	0000	048.9	000.0	0005	0014	+00.31	02	00	0900	08
70	0014	28	10	15	57	00454	07.3	+13.0	0000	048.9	000.0	0004	0019	+00.21	02	00	0900	08
70	0015	28	10	15	57	00457	07.3	+13.0	0000	048.9	000.0	0006	0024	+00.22	02	00	0900	08
70	0016	28	10	15	57	00463	07.3	+13.1	0000	048.9	000.0	0010	0028	+00.31	02	00	0900	08
70	0017	28	10	15	57	00463	07.3	+13.1	0000	048.9	000.0	0012	0033	+00.33	02	00	0900	08
70	0018	28	10	15	57	00467	07.3	+13.0	0000	048.9	000.0	0016	0038	+00.36	02	00	0900	08
70	0019	28	10	15	58	00467	07.3	+13.1	0000	048.9	000.0	0018	0043	+00.36	02	00	0900	08
70	0020	28	10	15	58	00472	07.3	+13.1	0000	048.9	000.0	0021	0048	+00.38	02	00	0900	08
70	0021	28	10	15	58	00478	07.3	+13.1	0000	048.9	000.0	0026	0052	+00.42	02	00	0900	08
70	0022	28	10	15	58	00481	07.3	+13.1	0000	048.8	000.0	0030	0057	+00.44	02	00	0900	08
70	0023	28	10	15	58	00484	07.3	+13.1	0000	048.8	000.0	0034	0062	+00.46	02	00	0900	08
71	0012	28	10	16	05	00491	07.4	+13.1	0000	049.0	000.0	0000	0000	+00.00	02	00	0900	08
;Received 1000 record(s)