;EGM-4 Data
;SoftwareVersion=1.03
;Plot	RecNo	Day	Month	Hour	Min	CO2 Ref	mb Ref	mbR Temp	Input A	Input B	Input C	Input D	Input E	Input F	Input G	Input H	ATMP	Probe Type
99	0014	27	10	16	16	00587	06.4	+12.8	0000	043.9	000.0	0067	0062	+00.93	02	00	0905	08
29	0007	27	10	09	57	00683	06.0	+13.0	0000	040.3	000.0	0039	0028	+01.18	02	00	0904	08
29	0008	27	10	09	57	00695	06.1	+13.0	0000	040.4	000.0	0049	0033	+01.26	02	00	0905	08
29	0009	27	10	09	57	00704	06.1	+13.0	0000	040.4	000.0	0058	0038	+01.32	02	00	0905	08
29	0010	27	10	09	57	00712	06.1	+13.0	0000	040.5	000.0	0068	0043	+01.36	02	00	0905	08
29	0011	27	10	09	57	00719	06.1	+13.0	0000	040.5	000.0	0076	0048	+01.37	02	00	0905	08
29	0012	27	10	09	57	00724	06.0	+12.9	0000	040.5	000.0	0083	0052	+01.36	02	00	0905	08
29	0013	27	10	09	57	00733	06.1	+13.0	0000	040.5	000.0	0091	0057	+01.37	02	00	0905	08
29	0014	27	10	09	58	00742	06.0	+12.9	0000	040.6	000.0	0099	0062	+01.38	02	00	0905	08
30	0001	27	10	09	59	00460	06.2	+13.0	0000	041.8	000.0	0000	0000	+00.00	02	00	0904	08
30	0002	27	10	09	59	00466	06.2	+12.9	0000	041.8	000.0	0000	0004	+00.00	02	00	0905	08
30	0003	27	10	10	00	00472	06.2	+12.9	0000	041.9	000.0	0000	0009	+00.00	02	00	0905	08
30	0004	27	10	10	00	00476	06.2	+12.9	0000	042.0	000.0	0016	0014	+00.99	02	00	0904	08
30	0005	27	10	10	00	00483	06.2	+13.0	0000	042.0	000.0	0022	0019	+01.02	02	00	0905	08
30	0006	27	10	10	00	00490	06.2	+12.9	0000	042.0	000.0	0029	0024	+01.05	02	00	0905	08
30	0007	27	10	10	00	00494	06.3	+12.9	0000	042.0	000.0	0034	0028	+01.04	02	00	0905	08
30	0008	27	10	10	00	00501	06.2	+13.0	0000	042.0	000.0	0040	0033	+01.04	02	00	0905	08
30	0009	27	10	10	00	00508	06.2	+12.9	0000	042.0	000.0	0047	0038	+01.07	02	00	0904	08
30	0010	27	10	10	01	00514	06.2	+12.9	0000	041.9	000.0	0054	0043	+01.08	02	00	0905	08
30	0011	27	10	10	01	00518	06.2	+12.9	0000	041.9	000.0	0059	0048	+01.07	02	00	0905	08
30	0012	27	10	10	01	00524	06.2	+13.0	0000	041.9	000.0	0065	0052	+01.06	02	00	0905	08
30	0013	27	10	10	01	00534	06.2	+13.0	0000	041.9	000.0	0072	0057	+01.08	02	00	0904	08
30	0014	27	10	10	01	00537	06.3	+12.9	0000	041.9	000.0	0078	0062	+01.07	02	00	0905	08
31	0001	27	10	10	02	00618	06.4	+12.9	0000	043.4	000.0	0000	0000	+00.00	02	00	0905	08
31	0002	27	10	10	03	00619	06.4	+12.9	0000	043.1	000.0	0000	0004	+00.00	02	00	0905	08
31	0003	27	10	10	03	00622	06.4	+12.9	0000	043.2	000.0	0000	0009	+00.00	02	00	0905	08
31	0004	27	10	10	03	00626	06.5	+12.9	0000	043.3	000.0	0007	0014	+00.47	02	00	0905	08
31	0005	27	10	10	03	00632	06.5	+12.9	0000	043.4	000.0	0013	0019	+00.62	02	00	0904	08
31	0006	27	10	10	03	00636	06.5	+12.9	0000	043.5	000.0	0018	0024	+00.68	02	00	0905	08
31	0007	27	10	10	03	00641	06.5	+12.9	0000	043.5	000.0	0024	0028	+00.73	02	00	0904	08
31	0008	27	10	10	04	00648	06.5	+12.8	0000	043.5	000.0	0031	0033	+00.79	02	00	0904	08
31	0009	27	10	10	04	00652	06.4	+12.9	0000	043.5	000.0	0036	0038	+00.81	02	00	0905	08
31	0010	27	10	10	04	00657	06.4	+12.9	0000	043.5	000.0	0041	0043	+00.82	02	00	0905	08
31	0011	27	10	10	04	00663	06.3	+12.9	0000	043.5	000.0	0047	0048	+00.85	02	00	0905	08
31	0012	27	10	10	04	00671	06.3	+12.9	0000	043.4	000.0	0054	0052	+00.88	02	00	0905	08
31	0013	27	10	10	04	00674	06.4	+13.0	0000	043.4	000.0	0059	0057	+00.89	02	00	0904	08
31	0014	27	10	10	04	00679	06.4	+12.9	0000	043.3	000.0	0065	0062	+00.90	02	00	0904	08
32	0001	27	10	10	06	00710	06.3	+12.9	0000	042.3	000.0	0000	0000	+00.00	02	00	0905	08
32	0002	27	10	10	06	00718	06.3	+13.0	0000	042.3	000.0	0000	0004	+00.00	02	00	0905	08
32	0003	27	10	10	06	00723	06.4	+13.0	0000	042.5	000.0	0000	0009	+00.00	02	00	0904	08
32	0004	27	10	10	06	00729	06.3	+12.9	0000	042.5	000.0	0019	0014	+01.14	02	00	0905	08
32	0005	27	10	10	06	00737	06.3	+13.0	0000	042.4	000.0	0026	0019	+01.17	02	00	0904	08
32	0006	27	10	10	07	00744	06.2	+12.9	0000	042.4	000.0	0033	0024	+01.18	02	00	0905	08
32	0007	27	10	10	07	00746	06.2	+13.0	0000	042.3	000.0	0037	0028	+01.11	02	00	0905	08
32	0008	27	10	10	07	00752	06.3	+13.0	0000	042.3	000.0	0042	0033	+01.08	02	00	0905	08
32	0009	27	10	10	07	00755	06.2	+12.9	0000	042.3	000.0	0045	0038	+01.03	02	00	0904	08
32	0010	27	10	10	07	00763	06.2	+13.0	0000	042.2	000.0	0051	0043	+01.02	02	00	0904	08
32	0011	27	10	10	07	00767	06.2	+12.9	0000	042.2	000.0	0056	0048	+01.00	02	00	0905	08
32	0012	27	10	10	07	00769	06.2	+12.9	0000	042.2	000.0	0059	0052	+00.97	02	00	0905	08
32	0013	27	10	10	08	00779	06.2	+13.0	0000	042.2	000.0	0065	0057	+00.97	02	00	0905	08
32	0014	27	10	10	08	00785	06.2	+13.0	0000	042.2	000.0	0071	0062	+00.98	02	00	0905	08
33	0001	27	10	10	10	00958	06.1	+12.8	0000	041.8	000.0	0000	0000	+00.00	02	00	0904	08
33	0002	27	10	10	10	00954	06.2	+12.8	0000	041.9	000.0	0000	0004	+00.00	02	00	0904	08
33	0003	27	10	10	10	00949	06.2	+12.8	0000	042.1	000.0	0000	0009	+00.00	02	00	0904	08
33	0004	27	10	10	10	00953	06.2	+12.8	0000	042.2	000.0	0006	0014	-00.38	02	01	0904	08
33	0005	27	10	10	11	00956	06.2	+12.8	0000	042.2	000.0	0002	0019	-00.11	02	01	0904	08
33	0006	27	10	10	11	00959	06.2	+12.8	0000	042.2	000.0	0001	0024	+00.06	02	00	0904	08
33	0007	27	10	10	11	00964	06.2	+12.8	0000	042.3	000.0	0007	0028	+00.22	02	00	0904	08
33	0008	27	10	10	11	00970	06.3	+12.8	0000	042.3	000.0	0013	0033	+00.35	02	00	0904	08
33	0009	27	10	10	11	00972	06.2	+12.8	0000	042.4	000.0	0018	0038	+00.41	02	00	0904	08
33	0010	27	10	10	11	00987	06.2	+12.8	0000	042.4	000.0	0028	0043	+00.57	02	00	0904	08
33	0011	27	10	10	11	00989	06.2	+12.8	0000	042.4	000.0	0036	0048	+00.65	02	00	0904	08
33	0012	27	10	10	12	00996	06.2	+12.8	0000	042.4	000.0	0043	0052	+00.71	02	00	0904	08
33	0013	27	10	10	12	01003	06.2	+12.8	0000	042.4	000.0	0051	0057	+00.77	02	00	0904	08
33	0014	27	10	10	12	01007	06.2	+12.8	0000	042.4	000.0	0058	0062	+00.81	02	00	0904	08
34	0001	27	10	10	14	00476	06.2	+12.7	0000	042.3	000.0	0000	0000	+00.00	02	00	0904	08
34	0002	27	10	10	14	00475	06.2	+12.8	0000	042.3	000.0	0000	0004	+00.00	02	00	0904	08
34	0003	27	10	10	14	00477	06.2	+12.8	0000	042.3	000.0	0000	0009	+00.00	02	00	0904	08
34	0004	27	10	10	14	00473	06.3	+12.8	0000	042.5	000.0	0002	0014	-00.13	02	01	0904	08
34	0005	27	10	10	14	00476	06.3	+12.8	0000	042.6	000.0	0001	0019	-00.05	02	01	0904	08
34	0006	27	10	10	14	00478	06.3	+12.7	0000	042.6	000.0	0001	0024	+00.04	02	00	0904	08
34	0007	27	10	10	15	00481	06.3	+12.7	0000	042.7	000.0	0004	0028	+00.13	02	00	0904	08
34	0008	27	10	10	15	00486	06.3	+12.8	0000	042.7	000.0	0008	0033	+00.22	02	00	0904	08
34	0009	27	10	10	15	00489	06.3	+12.8	0000	042.7	000.0	0013	0038	+00.29	02	00	0904	08
34	0010	27	10	10	15	00493	06.3	+12.8	0000	042.7	000.0	0017	0043	+00.34	02	00	0904	08
34	0011	27	10	10	15	00494	06.3	+12.7	0000	042.7	000.0	0020	0048	+00.36	02	00	0904	08
34	0012	27	10	10	15	00503	06.3	+12.8	0000	042.7	000.0	0026	0052	+00.43	02	00	0904	08
34	0013	27	10	10	15	00509	06.3	+12.9	0000	042.7	000.0	0032	0057	+00.49	02	00	0904	08
34	0014	27	10	10	16	00512	06.3	+12.8	0000	042.8	000.0	0038	0062	+00.53	02	00	0904	08
35	0001	27	10	10	17	00527	06.3	+12.8	0000	042.8	000.0	0000	0000	+00.00	02	00	0904	08
35	0002	27	10	10	17	00528	06.4	+12.8	0000	043.1	000.0	0000	0004	+00.00	02	00	0904	08
35	0003	27	10	10	17	00529	06.4	+12.8	0000	043.1	000.0	0000	0009	+00.00	02	00	0904	08
35	0004	27	10	10	17	00532	06.4	+12.8	0000	043.2	000.0	0004	0014	+00.27	02	00	0904	08
35	0005	27	10	10	17	00535	06.4	+12.8	0000	043.2	000.0	0007	0019	+00.34	02	00	0904	08
35	0006	27	10	10	18	00535	06.4	+12.8	0000	043.3	000.0	0008	0024	+00.31	02	00	0904	08
35	0007	27	10	10	18	00537	06.4	+12.8	0000	043.3	000.0	0010	0028	+00.31	02	00	0904	08
35	0008	27	10	10	18	00542	06.4	+12.8	0000	043.3	000.0	0013	0033	+00.35	02	00	0904	08
35	0009	27	10	10	18	00547	06.5	+12.8	0000	043.3	000.0	0018	0038	+00.41	02	00	0904	08
35	0010	27	10	10	18	00550	06.5	+12.8	0000	043.4	000.0	0022	0043	+00.45	02	00	0904	08
35	0011	27	10	10	18	00554	06.5	+12.8	0000	043.4	000.0	0027	0048	+00.48	02	00	0904	08
35	0012	27	10	10	19	00555	06.5	+12.9	0000	043.5	000.0	0030	0052	+00.49	02	00	0904	08
35	0013	27	10	10	19	00557	06.5	+12.8	0000	043.5	000.0	0033	0057	+00.49	02	00	0904	08
35	0014	27	10	10	19	00560	06.5	+12.8	0000	043.5	000.0	0035	0062	+00.49	02	00	0904	08
36	0001	27	10	10	20	00816	06.5	+13.0	0000	043.9	000.0	0000	0000	+00.00	02	00	0904	08
36	0002	27	10	10	21	00829	06.5	+13.0	0000	043.9	000.0	0000	0004	+00.00	02	00	0904	08
36	0003	27	10	10	21	00828	06.5	+12.9	0000	043.9	000.0	0000	0009	+00.00	02	00	0904	08
36	0004	27	10	10	21	00838	06.5	+13.0	0000	043.9	000.0	0019	0014	+01.18	02	00	0904	08
36	0005	27	10	10	21	00856	06.5	+12.9	0000	043.9	000.0	0035	0019	+01.60	02	00	0904	08
36	0006	27	10	10	21	00860	06.5	+13.0	0000	043.9	000.0	0044	0024	+01.60	02	00	0904	08
36	0007	27	10	10	21	00860	06.4	+13.0	0000	043.8	000.0	0047	0028	+01.42	02	00	0904	08
36	0008	27	10	10	21	00868	06.4	+12.9	0000	043.8	000.0	0052	0033	+01.34	02	00	0905	08
36	0009	27	10	10	22	00870	06.5	+13.0	0000	043.8	000.0	0055	0038	+01.25	02	00	0904	08
36	0010	27	10	10	22	00880	06.5	+13.0	0000	043.8	000.0	0061	0043	+01.22	02	00	0904	08
36	0011	27	10	10	22	00885	06.5	+13.0	0000	043.7	000.0	0066	0048	+01.19	02	00	0904	08
36	0012	27	10	10	22	00888	06.5	+13.0	0000	043.7	000.0	0070	0052	+01.15	02	00	0904	08
36	0013	27	10	10	22	00892	06.4	+13.0	0000	043.6	000.0	0074	0057	+01.11	02	00	0904	08
36	0014	27	10	10	22	00894	06.4	+13.0	0000	043.6	000.0	0077	0062	+01.07	02	00	0904	08
37	0001	27	10	10	24	00725	06.6	+13.2	0000	043.9	000.0	0000	0000	+00.00	02	00	0904	08
37	0002	27	10	10	24	00742	06.6	+13.1	0000	043.9	000.0	0000	0004	+00.00	02	00	0904	08
37	0003	27	10	10	24	00742	06.6	+13.1	0000	043.9	000.0	0000	0009	+00.00	02	00	0904	08
37	0004	27	10	10	24	00750	06.6	+13.1	0000	043.9	000.0	0022	0014	+01.33	02	00	0904	08
37	0005	27	10	10	24	00753	06.6	+13.2	0000	043.9	000.0	0025	0019	+01.12	02	00	0904	08
37	0006	27	10	10	24	00754	06.6	+13.1	0000	043.9	000.0	0026	0024	+00.93	02	00	0904	08
37	0007	27	10	10	25	00761	06.6	+13.1	0000	043.9	000.0	0030	0028	+00.90	02	00	0904	08
37	0008	27	10	10	25	00769	06.6	+13.1	0000	043.9	000.0	0036	0033	+00.93	02	00	0904	08
37	0009	27	10	10	25	00774	06.6	+13.1	0000	043.9	000.0	0042	0038	+00.94	02	00	0904	08
37	0010	27	10	10	25	00779	06.6	+13.2	0000	043.9	000.0	0047	0043	+00.95	02	00	0904	08
37	0011	27	10	10	25	00785	06.6	+13.2	0000	043.9	000.0	0053	0048	+00.95	02	00	0904	08
37	0012	27	10	10	25	00787	06.6	+13.1	0000	043.9	000.0	0057	0052	+00.94	02	00	0904	08
37	0013	27	10	10	25	00795	06.6	+13.2	0000	043.9	000.0	0063	0057	+00.94	02	00	0904	08
37	0014	27	10	10	26	00798	06.6	+13.2	0000	043.9	000.0	0067	0062	+00.93	02	00	0904	08
38	0001	27	10	10	27	00849	06.6	+13.2	0000	043.4	000.0	0000	0000	+00.00	02	00	0904	08
38	0002	27	10	10	27	00833	06.6	+13.2	0000	043.4	000.0	0000	0004	+00.00	02	00	0904	08
38	0003	27	10	10	27	00827	06.6	+13.2	0000	043.5	000.0	0000	0009	+00.00	02	00	0904	08
38	0004	27	10	10	27	00826	06.5	+13.2	0000	043.5	000.0	0022	0014	-01.34	02	01	0904	08
38	0005	27	10	10	27	00829	06.7	+13.2	0000	043.6	000.0	0018	0019	-00.83	02	01	0904	08
38	0006	27	10	10	27	00829	06.6	+13.2	0000	043.6	000.0	0016	0024	-00.59	02	01	0904	08
38	0007	27	10	10	28	00831	06.6	+13.2	0000	043.5	000.0	0013	0028	-00.39	02	01	0904	08
38	0008	27	10	10	28	00832	06.6	+13.3	0000	043.5	000.0	0010	0033	-00.26	02	01	0904	08
38	0009	27	10	10	28	00834	06.6	+13.2	0000	043.5	000.0	0007	0038	-00.15	02	01	0904	08
38	0010	27	10	10	28	00837	06.5	+13.3	0000	043.4	000.0	0003	0043	-00.06	02	01	0904	08
38	0011	27	10	10	28	00837	06.5	+13.3	0000	043.4	000.0	0001	0048	-00.02	02	01	0904	08
38	0012	27	10	10	28	00846	06.5	+13.2	0000	043.3	000.0	0004	0052	+00.07	02	00	0904	08
38	0013	27	10	10	29	00851	06.5	+13.2	0000	043.3	000.0	0010	0057	+00.15	02	00	0904	08
38	0014	27	10	10	29	00852	06.5	+13.2	0000	043.3	000.0	0014	0062	+00.20	02	00	0904	08
39	0011	27	10	10	36	00946	06.1	+13.0	0000	040.8	000.0	0000	0000	+00.00	02	00	0904	08
39	0012	27	10	10	36	00945	06.1	+13.0	0000	040.8	000.0	0000	0004	+00.00	02	00	0904	08
39	0013	27	10	10	36	00950	06.1	+13.0	0000	040.9	000.0	0000	0009	+00.00	02	00	0904	08
39	0014	27	10	10	37	00951	06.1	+13.0	0000	040.9	000.0	0005	0014	+00.35	02	00	0904	08
39	0015	27	10	10	37	00950	06.1	+13.0	0000	040.8	000.0	0005	0019	+00.24	02	00	0904	08
39	0016	27	10	10	37	00952	06.1	+13.0	0000	040.8	000.0	0006	0024	+00.22	02	00	0904	08
39	0017	27	10	10	37	00958	06.1	+13.0	0000	040.8	000.0	0010	0028	+00.30	02	00	0904	08
39	0018	27	10	10	37	00956	06.1	+13.0	0000	040.8	000.0	0011	0033	+00.29	02	00	0904	08
39	0019	27	10	10	37	00960	06.0	+12.9	0000	040.8	000.0	0013	0038	+00.30	02	00	0904	08
39	0020	27	10	10	37	00961	06.1	+13.0	0000	040.8	000.0	0015	0043	+00.31	02	00	0904	08
39	0021	27	10	10	38	00965	06.0	+12.9	0000	040.8	000.0	0018	0048	+00.33	02	00	0904	08
39	0022	27	10	10	38	00967	06.0	+12.9	0000	040.8	000.0	0021	0052	+00.34	02	00	0904	08
39	0023	27	10	10	38	00974	06.0	+12.9	0000	040.8	000.0	0025	0057	+00.38	02	00	0904	08
39	0024	27	10	10	38	00976	06.0	+12.8	0000	040.8	000.0	0029	0062	+00.40	02	00	0904	08
40	0006	27	10	10	41	00447	06.2	+12.7	0000	042.3	000.0	0000	0000	+00.00	02	00	0904	08
40	0007	27	10	10	41	00446	06.2	+12.7	0000	042.4	000.0	0000	0004	+00.00	02	00	0904	08
40	0008	27	10	10	41	00450	06.2	+12.7	0000	042.5	000.0	0000	0009	+00.00	02	00	0904	08
40	0009	27	10	10	42	00451	06.3	+12.7	0000	042.6	000.0	0004	0014	+00.28	02	00	0904	08
40	0010	27	10	10	42	00456	06.2	+12.7	0000	042.5	000.0	0009	0019	+00.43	02	00	0904	08
40	0011	27	10	10	42	00455	06.2	+12.7	0000	042.5	000.0	0010	0024	+00.38	02	00	0904	08
40	0012	27	10	10	42	00455	06.2	+12.7	0000	042.5	000.0	0010	0028	+00.32	02	00	0904	08
40	0013	27	10	10	42	00455	06.2	+12.7	0000	042.5	000.0	0010	0033	+00.27	02	00	0904	08
40	0014	27	10	10	42	00461	06.1	+12.6	0000	042.5	000.0	0013	0038	+00.30	02	00	0904	08
40	0015	27	10	10	43	00463	06.1	+12.6	0000	042.5	000.0	0016	0043	+00.32	02	00	0904	08
40	0016	27	10	10	43	00466	06.2	+12.6	0000	042.5	000.0	0019	0048	+00.34	02	00	0904	08
40	0017	27	10	10	43	00467	06.1	+12.6	0000	042.5	000.0	0021	0052	+00.34	02	00	0904	08
40	0018	27	10	10	43	00470	06.1	+12.6	0000	042.4	000.0	0023	0057	+00.35	02	00	0904	08
40	0019	27	10	10	43	00474	06.1	+12.6	0000	042.4	000.0	0026	0062	+00.36	02	00	0904	08
41	0001	27	10	10	44	00476	06.2	+12.6	0000	042.8	000.0	0000	0000	+00.00	02	00	0904	08
41	0002	27	10	10	44	00478	06.2	+12.6	0000	042.8	000.0	0000	0004	+00.00	02	00	0904	08
41	0003	27	10	10	44	00479	06.2	+12.6	0000	042.8	000.0	0000	0009	+00.00	02	00	0904	08
41	0004	27	10	10	45	00479	06.1	+12.6	0000	042.6	000.0	0003	0014	+00.20	02	00	0904	08
41	0005	27	10	10	45	00479	06.2	+12.5	0000	042.6	000.0	0002	0019	+00.12	02	00	0904	08
41	0006	27	10	10	45	00479	06.1	+12.6	0000	042.6	000.0	0002	0024	+00.08	02	00	0904	08
41	0007	27	10	10	45	00481	06.1	+12.6	0000	042.5	000.0	0003	0028	+00.10	02	00	0904	08
41	0008	27	10	10	45	00483	06.2	+12.6	0000	042.5	000.0	0005	0033	+00.13	02	00	0904	08
41	0009	27	10	10	45	00482	06.1	+12.6	0000	042.4	000.0	0005	0038	+00.13	02	00	0904	08
41	0010	27	10	10	46	00484	06.1	+12.6	0000	042.4	000.0	0006	0043	+00.13	02	00	0904	08
41	0011	27	10	10	46	00490	06.1	+12.6	0000	042.3	000.0	0010	0048	+00.18	02	00	0904	08
41	0012	27	10	10	46	00488	06.1	+12.6	0000	042.3	000.0	0012	0052	+00.19	02	00	0905	08
41	0013	27	10	10	46	00488	06.1	+12.7	0000	042.2	000.0	0012	0057	+00.19	02	00	0904	08
41	0014	27	10	10	46	00488	06.1	+12.7	0000	042.2	000.0	0013	0062	+00.18	02	00	0904	08
42	0001	27	10	10	47	00505	06.1	+12.7	0000	041.8	000.0	0000	0000	+00.00	02	00	0904	08
42	0002	27	10	10	48	00505	06.1	+12.7	0000	041.8	000.0	0000	0004	+00.00	02	00	0904	08
42	0003	27	10	10	48	00506	06.0	+12.6	0000	041.7	000.0	0000	0009	+00.00	02	00	0904	08
42	0004	27	10	10	48	00507	06.1	+12.6	0000	041.7	000.0	0001	0014	+00.08	02	00	0904	08
42	0005	27	10	10	48	00508	06.1	+12.7	0000	041.8	000.0	0002	0019	+00.13	02	00	0904	08
42	0006	27	10	10	48	00507	06.1	+12.7	0000	041.8	000.0	0002	0024	+00.09	02	00	0904	08
42	0007	27	10	10	48	00509	06.1	+12.8	0000	041.7	000.0	0003	0028	+00.11	02	00	0904	08
42	0008	27	10	10	48	00512	06.0	+12.7	0000	041.7	000.0	0006	0033	+00.15	02	00	0904	08
42	0009	27	10	10	49	00516	06.0	+12.7	0000	041.7	000.0	0009	0038	+00.21	02	00	0904	08
42	0010	27	10	10	49	00517	06.0	+12.7	0000	041.6	000.0	0012	0043	+00.23	02	00	0904	08
42	0011	27	10	10	49	00517	06.0	+12.7	0000	041.6	000.0	0013	0048	+00.24	02	00	0904	08
42	0012	27	10	10	49	00518	06.1	+12.8	0000	041.6	000.0	0015	0052	+00.24	02	00	0904	08
42	0013	27	10	10	49	00524	06.1	+12.8	0000	041.6	000.0	0018	0057	+00.27	02	00	0904	08
42	0014	27	10	10	49	00520	06.0	+12.7	0000	041.6	000.0	0019	0062	+00.26	02	00	0904	08
43	0001	27	10	10	51	00538	06.0	+12.7	0000	041.3	000.0	0000	0000	+00.00	02	00	0904	08
43	0002	27	10	10	51	00538	06.1	+12.8	0000	041.3	000.0	0000	0004	+00.00	02	00	0904	08
43	0003	27	10	10	51	00541	06.1	+12.8	0000	041.3	000.0	0000	0009	+00.00	02	00	0904	08
43	0004	27	10	10	51	00545	06.1	+12.8	0000	041.3	000.0	0007	0014	+00.43	02	00	0905	08
43	0005	27	10	10	51	00548	06.0	+12.7	0000	041.2	000.0	0011	0019	+00.49	02	00	0904	08
43	0006	27	10	10	52	00552	06.1	+12.8	0000	041.2	000.0	0015	0024	+00.54	02	00	0904	08
43	0007	27	10	10	52	00555	06.0	+12.8	0000	041.1	000.0	0018	0028	+00.55	02	00	0904	08
43	0008	27	10	10	52	00559	06.0	+12.8	0000	041.1	000.0	0022	0033	+00.57	02	00	0904	08
43	0009	27	10	10	52	00563	06.0	+12.8	0000	041.1	000.0	0026	0038	+00.59	02	00	0904	08
43	0010	27	10	10	52	00565	06.0	+12.7	0000	041.0	000.0	0029	0043	+00.59	02	00	0904	08
43	0011	27	10	10	52	00570	06.1	+12.8	0000	041.0	000.0	0033	0048	+00.60	02	00	0904	08
43	0012	27	10	10	53	00575	06.0	+12.7	0000	041.0	000.0	0038	0052	+00.62	02	00	0904	08
43	0013	27	10	10	53	00581	06.0	+12.8	0000	041.0	000.0	0043	0057	+00.64	02	00	0904	08
43	0014	27	10	10	53	00583	06.1	+12.8	0000	041.0	000.0	0047	0062	+00.65	02	00	0904	08
44	0001	27	10	10	54	00568	06.1	+12.8	0000	041.3	000.0	0000	0000	+00.00	02	00	0904	08
44	0002	27	10	10	55	00571	06.1	+12.8	0000	041.3	000.0	0000	0004	+00.00	02	00	0904	08
44	0003	27	10	10	55	00573	06.0	+12.8	0000	041.2	000.0	0000	0009	+00.00	02	00	0904	08
44	0004	27	10	10	55	00572	06.0	+12.8	0000	041.1	000.0	0003	0014	+00.22	02	00	0904	08
44	0005	27	10	10	55	00571	06.1	+12.8	0000	041.1	000.0	0002	0019	+00.12	02	00	0905	08
44	0006	27	10	10	55	00573	06.0	+12.8	0000	041.1	000.0	0003	0024	+00.12	02	00	0904	08
44	0007	27	10	10	55	00577	06.0	+12.8	0000	041.0	000.0	0006	0028	+00.18	02	00	0904	08
44	0008	27	10	10	55	00581	06.0	+12.8	0000	041.0	000.0	0009	0033	+00.24	02	00	0904	08
44	0009	27	10	10	56	00578	06.0	+12.8	0000	041.0	000.0	0010	0038	+00.22	02	00	0904	08
44	0010	27	10	10	56	00582	06.1	+12.8	0000	041.0	000.0	0012	0043	+00.24	02	00	0904	08
44	0011	27	10	10	56	00585	06.1	+12.8	0000	041.1	000.0	0014	0048	+00.26	02	00	0904	08
44	0012	27	10	10	56	00586	06.1	+12.8	0000	041.1	000.0	0016	0052	+00.27	02	00	0904	08
44	0013	27	10	10	56	00585	06.1	+12.8	0000	041.2	000.0	0017	0057	+00.26	02	00	0904	08
44	0014	27	10	10	56	00589	06.2	+12.8	0000	041.2	000.0	0020	0062	+00.27	02	00	0904	08
45	0006	27	10	11	00	00596	06.1	+12.8	0000	041.3	000.0	0000	0000	+00.00	02	00	0904	08
45	0007	27	10	11	00	00601	06.1	+12.8	0000	041.3	000.0	0000	0004	+00.00	02	00	0904	08
45	0008	27	10	11	00	00605	06.1	+12.8	0000	041.3	000.0	0000	0009	+00.00	02	00	0905	08
45	0009	27	10	11	01	00609	06.1	+12.8	0000	041.3	000.0	0013	0014	+00.79	02	00	0904	08
45	0010	27	10	11	01	00612	06.2	+12.8	0000	041.3	000.0	0016	0019	+00.72	02	00	0905	08
45	0011	27	10	11	01	00616	06.1	+12.8	0000	041.4	000.0	0019	0024	+00.70	02	00	0904	08
45	0012	27	10	11	01	00620	06.1	+12.9	0000	041.4	000.0	0023	0028	+00.70	02	00	0904	08
45	0013	27	10	11	01	00622	06.2	+12.8	0000	041.4	000.0	0026	0033	+00.67	02	00	0904	08
45	0014	27	10	11	01	00625	06.2	+12.8	0000	041.4	000.0	0029	0038	+00.65	02	00	0905	08
45	0015	27	10	11	01	00626	06.2	+12.9	0000	041.4	000.0	0030	0043	+00.61	02	00	0905	08
45	0016	27	10	11	02	00628	06.2	+12.8	0000	041.5	000.0	0032	0048	+00.58	02	00	0904	08
45	0017	27	10	11	02	00633	06.1	+12.8	0000	041.5	000.0	0035	0052	+00.57	02	00	0905	08
45	0018	27	10	11	02	00636	06.2	+12.8	0000	041.5	000.0	0038	0057	+00.57	02	00	0905	08
45	0019	27	10	11	02	00639	06.2	+12.8	0000	041.6	000.0	0041	0062	+00.56	02	00	0904	08
46	0001	27	10	11	04	00434	06.0	+12.9	0000	040.8	000.0	0000	0000	+00.00	02	00	0905	08
46	0002	27	10	11	04	00436	06.0	+12.9	0000	040.9	000.0	0000	0004	+00.00	02	00	0904	08
46	0003	27	10	11	04	00435	06.0	+12.9	0000	040.9	000.0	0000	0009	+00.00	02	00	0904	08
46	0004	27	10	11	04	00436	06.0	+12.9	0000	040.9	000.0	0001	0014	+00.10	02	00	0905	08
46	0005	27	10	11	04	00435	06.1	+13.0	0000	040.9	000.0	0000	0019	+00.02	02	00	0904	08
46	0006	27	10	11	04	00439	06.0	+12.9	0000	040.9	000.0	0003	0024	+00.11	02	00	0905	08
46	0007	27	10	11	05	00439	06.0	+12.9	0000	040.8	000.0	0004	0028	+00.12	02	00	0904	08
46	0008	27	10	11	05	00439	06.1	+13.0	0000	040.8	000.0	0004	0033	+00.12	02	00	0905	08
46	0009	27	10	11	05	00442	06.0	+12.9	0000	040.8	000.0	0006	0038	+00.14	02	00	0905	08
46	0010	27	10	11	05	00441	06.0	+12.9	0000	040.8	000.0	0007	0043	+00.14	02	00	0905	08
46	0011	27	10	11	05	00444	06.0	+12.9	0000	040.8	000.0	0009	0048	+00.16	02	00	0904	08
46	0012	27	10	11	05	00446	06.0	+12.9	0000	040.8	000.0	0010	0052	+00.17	02	00	0905	08
46	0013	27	10	11	05	00448	06.0	+12.9	0000	040.8	000.0	0013	0057	+00.19	02	00	0905	08
46	0014	27	10	11	06	00447	06.0	+12.9	0000	040.8	000.0	0014	0062	+00.19	02	00	0905	08
47	0001	27	10	11	07	00457	06.0	+12.9	0000	040.8	000.0	0000	0000	+00.00	02	00	0905	08
47	0002	27	10	11	07	00458	06.0	+12.9	0000	040.8	000.0	0000	0004	+00.00	02	00	0905	08
47	0003	27	10	11	07	00455	06.0	+12.9	0000	040.8	000.0	0000	0009	+00.00	02	00	0904	08
47	0004	27	10	11	07	00458	06.0	+12.9	0000	040.8	000.0	0000	0014	+00.00	02	00	0904	08
47	0005	27	10	11	07	00458	06.0	+12.9	0000	040.8	000.0	0000	0019	+00.03	02	00	0905	08
47	0006	27	10	11	07	00460	06.0	+12.9	0000	040.8	000.0	0002	0024	+00.10	02	00	0905	08
47	0007	27	10	11	08	00462	06.0	+12.9	0000	040.8	000.0	0005	0028	+00.15	02	00	0904	08
47	0008	27	10	11	08	00461	06.0	+12.9	0000	040.8	000.0	0005	0033	+00.14	02	00	0904	08
47	0009	27	10	11	08	00466	06.0	+12.8	0000	040.8	000.0	0008	0038	+00.18	02	00	0905	08
47	0010	27	10	11	08	00470	06.0	+12.8	0000	040.8	000.0	0012	0043	+00.24	02	00	0904	08
47	0011	27	10	11	08	00474	06.0	+12.9	0000	040.8	000.0	0016	0048	+00.28	02	00	0904	08
47	0012	27	10	11	08	00472	06.0	+12.9	0000	040.8	000.0	0018	0052	+00.29	02	00	0905	08
47	0013	27	10	11	08	00477	06.0	+12.8	0000	040.8	000.0	0021	0057	+00.31	02	00	0904	08
47	0014	27	10	11	09	00479	06.0	+12.8	0000	040.8	000.0	0024	0062	+00.33	02	00	0905	08
48	0001	27	10	11	10	00478	06.0	+12.8	0000	040.8	000.0	0000	0000	+00.00	02	00	0904	08
48	0002	27	10	11	10	00481	06.0	+12.8	0000	040.8	000.0	0000	0004	+00.00	02	00	0904	08
48	0003	27	10	11	10	00478	06.0	+12.8	0000	040.8	000.0	0000	0009	+00.00	02	00	0905	08
48	0004	27	10	11	10	00481	06.0	+12.7	0000	040.8	000.0	0001	0014	+00.08	02	00	0905	08
48	0005	27	10	11	11	00484	06.0	+12.8	0000	040.8	000.0	0004	0019	+00.19	02	00	0905	08
48	0006	27	10	11	11	00483	06.0	+12.7	0000	040.8	000.0	0004	0024	+00.16	02	00	0905	08
48	0007	27	10	11	11	00483	06.0	+12.8	0000	040.8	000.0	0004	0028	+00.14	02	00	0904	08
48	0008	27	10	11	11	00485	06.0	+12.8	0000	040.8	000.0	0005	0033	+00.15	02	00	0904	08
48	0009	27	10	11	11	00488	05.9	+12.7	0000	040.8	000.0	0007	0038	+00.17	02	00	0904	08
48	0010	27	10	11	11	00490	05.9	+12.7	0000	040.8	000.0	0010	0043	+00.20	02	00	0904	08
48	0011	27	10	11	11	00489	05.9	+12.7	0000	040.8	000.0	0011	0048	+00.20	02	00	0905	08
48	0012	27	10	11	12	00490	06.0	+12.7	0000	040.8	000.0	0012	0052	+00.19	02	00	0905	08
48	0013	27	10	11	12	00493	06.0	+12.7	0000	040.9	000.0	0013	0057	+00.20	02	00	0904	08
48	0014	27	10	11	12	00492	05.9	+12.7	0000	040.9	000.0	0014	0062	+00.20	02	00	0905	08
49	0011	27	10	11	15	00530	06.1	+12.6	0000	041.8	000.0	0000	0000	+00.00	02	00	0905	08
49	0012	27	10	11	16	00530	06.1	+12.6	0000	041.8	000.0	0000	0004	+00.00	02	00	0905	08
49	0013	27	10	11	16	00533	06.1	+12.6	0000	041.8	000.0	0000	0009	+00.00	02	00	0905	08
49	0014	27	10	11	16	00533	06.0	+12.6	0000	041.8	000.0	0003	0014	+00.21	02	00	0905	08
49	0015	27	10	11	16	00533	06.1	+12.6	0000	041.8	000.0	0003	0019	+00.15	02	00	0905	08
49	0016	27	10	11	16	00537	06.1	+12.6	0000	041.8	000.0	0006	0024	+00.22	02	00	0905	08
49	0017	27	10	11	16	00539	06.1	+12.6	0000	041.8	000.0	0008	0028	+00.26	02	00	0905	08
49	0018	27	10	11	17	00539	06.1	+12.6	0000	041.8	000.0	0010	0033	+00.26	02	00	0905	08
49	0019	27	10	11	17	00540	06.1	+12.6	0000	041.8	000.0	0011	0038	+00.25	02	00	0905	08
49	0020	27	10	11	17	00540	06.1	+12.6	0000	041.8	000.0	0011	0043	+00.23	02	00	0905	08
49	0021	27	10	11	17	00542	06.1	+12.6	0000	041.9	000.0	0012	0048	+00.22	02	00	0905	08
49	0022	27	10	11	17	00540	06.1	+12.6	0000	041.9	000.0	0012	0052	+00.20	02	00	0905	08
49	0023	27	10	11	17	00538	06.1	+12.6	0000	042.0	000.0	0011	0057	+00.16	02	00	0905	08
49	0024	27	10	11	17	00541	06.1	+12.6	0000	042.0	000.0	0011	0062	+00.15	02	00	0905	08
50	0001	27	10	11	19	00553	06.1	+12.6	0000	042.3	000.0	0000	0000	+00.00	02	00	0905	08
50	0002	27	10	11	19	00551	06.0	+12.6	0000	042.2	000.0	0000	0004	+00.00	02	00	0905	08
50	0003	27	10	11	19	00554	06.0	+12.5	0000	042.2	000.0	0000	0009	+00.00	02	00	0905	08
50	0004	27	10	11	19	00558	06.1	+12.6	0000	042.2	000.0	0005	0014	+00.30	02	00	0905	08
50	0005	27	10	11	19	00566	06.1	+12.6	0000	042.2	000.0	0012	0019	+00.57	02	00	0905	08
50	0006	27	10	11	19	00577	06.2	+12.6	0000	042.3	000.0	0024	0024	+00.86	02	00	0905	08
50	0007	27	10	11	19	00586	06.1	+12.6	0000	042.3	000.0	0034	0028	+01.04	02	00	0905	08
50	0008	27	10	11	20	00596	06.2	+12.6	0000	042.4	000.0	0045	0033	+01.17	02	00	0904	08
50	0009	27	10	11	20	00607	06.1	+12.6	0000	042.4	000.0	0057	0038	+01.29	02	00	0905	08
50	0010	27	10	11	20	00618	06.2	+12.6	0000	042.5	000.0	0069	0043	+01.39	02	00	0905	08
50	0011	27	10	11	20	00629	06.2	+12.6	0000	042.5	000.0	0082	0048	+01.47	02	00	0905	08
50	0012	27	10	11	20	00635	06.2	+12.6	0000	042.5	000.0	0092	0052	+01.50	02	00	0905	08
50	0013	27	10	11	20	00644	06.2	+12.6	0000	042.6	000.0	0101	0057	+01.52	02	00	0905	08
51	0007	27	10	11	25	00603	06.1	+12.4	0000	042.8	000.0	0000	0000	+00.00	02	00	0905	08
51	0008	27	10	11	25	00605	06.1	+12.4	0000	042.8	000.0	0000	0004	+00.00	02	00	0905	08
51	0009	27	10	11	26	00607	06.0	+12.4	0000	042.7	000.0	0000	0009	+00.00	02	00	0905	08
51	0010	27	10	11	26	00606	06.1	+12.4	0000	042.7	000.0	0002	0014	+00.17	02	00	0905	08
51	0011	27	10	11	26	00604	06.0	+12.3	0000	042.7	000.0	0001	0019	+00.05	02	00	0905	08
51	0012	27	10	11	26	00609	05.9	+12.3	0000	042.6	000.0	0003	0024	+00.13	02	00	0905	08
51	0013	27	10	11	26	00610	06.0	+12.4	0000	042.5	000.0	0005	0028	+00.16	02	00	0906	08
51	0014	27	10	11	26	00611	05.9	+12.3	0000	042.4	000.0	0007	0033	+00.18	02	00	0905	08
51	0015	27	10	11	26	00615	06.0	+12.4	0000	042.3	000.0	0009	0038	+00.22	02	00	0905	08
51	0016	27	10	11	27	00619	06.0	+12.4	0000	042.2	000.0	0013	0043	+00.26	02	00	0905	08
51	0017	27	10	11	27	00619	05.9	+12.3	0000	042.2	000.0	0015	0048	+00.27	02	00	0905	08
51	0018	27	10	11	27	00623	05.9	+12.2	0000	042.2	000.0	0018	0052	+00.30	02	00	0905	08
51	0019	27	10	11	27	00623	06.0	+12.3	0000	042.2	000.0	0020	0057	+00.31	02	00	0905	08
51	0020	27	10	11	27	00628	06.0	+12.3	0000	042.2	000.0	0024	0062	+00.33	02	00	0906	08
52	0001	27	10	11	29	00431	06.1	+12.3	0000	042.8	000.0	0000	0000	+00.00	02	00	0905	08
52	0002	27	10	11	29	00433	06.1	+12.2	0000	043.2	000.0	0000	0004	+00.00	02	00	0906	08
52	0003	27	10	11	29	00432	06.2	+12.2	0000	043.3	000.0	0000	0009	+00.00	02	00	0906	08
52	0004	27	10	11	29	00429	06.1	+12.2	0000	043.3	000.0	0001	0014	-00.11	02	01	0905	08
52	0005	27	10	11	29	00430	06.2	+12.1	0000	043.4	000.0	0001	0019	-00.07	02	01	0906	08
52	0006	27	10	11	29	00429	06.2	+12.1	0000	043.5	000.0	0002	0024	-00.09	02	01	0906	08
52	0007	27	10	11	29	00432	06.2	+12.1	0000	043.6	000.0	0002	0024	-00.09	02	01	0905	08
52	0008	27	10	11	30	00434	06.1	+12.1	0000	043.3	000.0	0000	0000	+00.00	02	00	0906	08
52	0009	27	10	11	30	00437	06.1	+12.2	0000	043.4	000.0	0000	0004	+00.00	02	00	0905	08
52	0010	27	10	11	31	00436	06.0	+12.0	0000	043.1	000.0	0000	0009	+00.00	02	00	0905	08
52	0011	27	10	11	31	00436	06.0	+12.0	0000	043.0	000.0	0001	0014	+00.10	02	00	0905	08
52	0012	27	10	11	31	00436	06.0	+12.1	0000	043.0	000.0	0001	0019	+00.07	02	00	0905	08
52	0013	27	10	11	31	00438	06.0	+12.0	0000	042.9	000.0	0003	0024	+00.10	02	00	0905	08
52	0014	27	10	11	31	00441	06.0	+12.1	0000	042.9	000.0	0005	0028	+00.15	02	00	0906	08
52	0015	27	10	11	31	00440	06.0	+12.0	0000	042.9	000.0	0005	0033	+00.14	02	00	0905	08
52	0016	27	10	11	31	00438	06.0	+12.0	0000	042.9	000.0	0004	0038	+00.11	02	00	0905	08
52	0017	27	10	11	32	00436	06.0	+12.0	0000	042.9	000.0	0003	0043	+00.07	02	00	0905	08
52	0018	27	10	11	32	00435	06.0	+12.0	0000	042.9	000.0	0001	0048	+00.03	02	00	0905	08
52	0019	27	10	11	32	00438	06.0	+12.0	0000	042.9	000.0	0002	0052	+00.03	02	00	0905	08
52	0020	27	10	11	32	00438	06.1	+12.0	0000	042.9	000.0	0001	0057	+00.02	02	00	0905	08
52	0021	27	10	11	32	00443	06.1	+12.0	0000	043.0	000.0	0003	0062	+00.05	02	00	0906	08
53	0001	27	10	11	33	00437	06.2	+11.9	0000	044.8	000.0	0000	0000	+00.00	02	00	0905	08
53	0002	27	10	11	34	00439	06.2	+11.9	0000	044.8	000.0	0000	0004	+00.00	02	00	0906	08
53	0003	27	10	11	34	00440	06.2	+11.8	0000	044.8	000.0	0000	0009	+00.00	02	00	0906	08
53	0004	27	10	11	34	00439	06.2	+11.9	0000	044.8	000.0	0001	0014	+00.11	02	00	0906	08
53	0005	27	10	11	34	00440	06.2	+11.9	0000	044.8	000.0	0002	0019	+00.09	02	00	0906	08
53	0006	27	10	11	34	00440	06.2	+11.8	0000	044.8	000.0	0002	0024	+00.09	02	00	0906	08
53	0007	27	10	11	34	00443	06.2	+11.9	0000	044.8	000.0	0004	0028	+00.12	02	00	0905	08
53	0008	27	10	11	34	00444	06.2	+11.8	0000	044.8	000.0	0005	0033	+00.14	02	00	0906	08
53	0009	27	10	11	35	00447	06.1	+11.8	0000	044.8	000.0	0008	0038	+00.18	02	00	0905	08
53	0010	27	10	11	35	00446	06.2	+11.8	0000	044.8	000.0	0008	0043	+00.17	02	00	0906	08
53	0011	27	10	11	35	00445	06.2	+11.8	0000	044.8	000.0	0008	0048	+00.15	02	00	0905	08
53	0012	27	10	11	35	00448	06.3	+11.8	0000	044.9	000.0	0010	0052	+00.16	02	00	0906	08
53	0013	27	10	11	35	00449	06.2	+11.8	0000	044.9	000.0	0011	0057	+00.17	02	00	0905	08
53	0014	27	10	11	35	00447	06.2	+11.8	0000	044.9	000.0	0011	0062	+00.15	02	00	0905	08
55	0001	27	10	11	40	00480	06.4	+11.8	0000	046.8	000.0	0000	0000	+00.00	02	00	0905	08
55	0002	27	10	11	40	00478	06.4	+11.8	0000	046.8	000.0	0000	0004	+00.00	02	00	0905	08
55	0003	27	10	11	40	00478	06.4	+11.8	0000	046.8	000.0	0000	0009	+00.00	02	00	0905	08
55	0004	27	10	11	40	00479	06.4	+11.8	0000	046.8	000.0	0000	0014	-00.05	02	01	0905	08
55	0005	27	10	11	40	00481	06.4	+11.8	0000	046.8	000.0	0001	0019	+00.04	02	00	0906	08
55	0006	27	10	11	40	00485	06.4	+11.8	0000	046.8	000.0	0005	0024	+00.18	02	00	0906	08
55	0007	27	10	11	40	00479	06.4	+11.8	0000	046.8	000.0	0003	0028	+00.10	02	00	0905	08
55	0008	27	10	11	41	00478	06.5	+11.8	0000	046.8	000.0	0001	0033	+00.03	02	00	0905	08
55	0009	27	10	11	41	00482	06.5	+11.8	0000	046.8	000.0	0002	0038	+00.05	02	00	0906	08
55	0010	27	10	11	41	00483	06.4	+11.8	0000	046.8	000.0	0003	0043	+00.06	02	00	0905	08
55	0011	27	10	11	41	00485	06.4	+11.8	0000	046.8	000.0	0004	0048	+00.08	02	00	0905	08
55	0012	27	10	11	41	00488	06.5	+11.8	0000	046.8	000.0	0007	0052	+00.11	02	00	0906	08
55	0013	27	10	11	41	00489	06.4	+11.8	0000	046.8	000.0	0009	0057	+00.13	02	00	0905	08
55	0014	27	10	11	42	00491	06.3	+11.9	0000	046.7	000.0	0011	0062	+00.15	02	00	0905	08
56	0001	27	10	11	43	00491	06.4	+11.9	0000	046.3	000.0	0000	0000	+00.00	02	00	0905	08
56	0002	27	10	11	43	00490	06.4	+11.9	0000	046.2	000.0	0000	0004	+00.00	02	00	0906	08
56	0003	27	10	11	43	00490	06.4	+11.9	0000	046.2	000.0	0000	0009	+00.00	02	00	0906	08
56	0004	27	10	11	43	00489	06.3	+11.8	0000	046.1	000.0	0001	0014	-00.10	02	01	0906	08
56	0005	27	10	11	43	00488	06.4	+11.9	0000	046.2	000.0	0002	0019	-00.12	02	01	0906	08
56	0006	27	10	11	43	00492	06.3	+11.9	0000	046.1	000.0	0000	0024	-00.01	02	01	0906	08
56	0007	27	10	11	44	00492	06.3	+11.8	0000	046.1	000.0	0000	0028	+00.02	02	00	0905	08
56	0008	27	10	11	44	00492	06.4	+12.0	0000	046.1	000.0	0001	0033	+00.04	02	00	0905	08
56	0009	27	10	11	44	00496	06.4	+11.9	0000	046.1	000.0	0004	0038	+00.10	02	00	0906	08
56	0010	27	10	11	44	00499	06.4	+11.9	0000	046.1	000.0	0007	0043	+00.15	02	00	0906	08
56	0011	27	10	11	44	00500	06.4	+12.0	0000	046.2	000.0	0010	0048	+00.18	02	00	0906	08
56	0012	27	10	11	44	00499	06.4	+11.9	0000	046.2	000.0	0011	0052	+00.18	02	00	0905	08
56	0013	27	10	11	44	00498	06.5	+12.0	0000	046.3	000.0	0011	0057	+00.17	02	00	0905	08
56	0014	27	10	11	45	00502	06.5	+11.9	0000	046.3	000.0	0012	0062	+00.17	02	00	0905	08
57	0014	27	10	12	21	00984	06.5	+10.7	0000	051.1	000.0	0000	0000	+00.00	02	00	0905	08
57	0015	27	10	12	21	01016	06.6	+10.7	0000	051.2	000.0	0000	0004	+00.00	02	00	0905	08
57	0016	27	10	12	21	01056	06.6	+10.8	0000	051.2	000.0	0000	0009	+00.00	02	00	0905	08
57	0017	27	10	12	21	01087	06.6	+10.8	0000	051.1	000.0	0104	0014	+06.27	02	00	0905	08
57	0018	27	10	12	22	01123	06.6	+10.8	0000	051.1	000.0	0139	0019	+06.26	02	00	0905	08
57	0019	27	10	12	22	01161	06.5	+10.8	0000	051.0	000.0	0176	0024	+06.36	02	00	0905	08
57	0020	27	10	12	22	01190	06.5	+10.8	0000	050.9	000.0	0208	0028	+06.26	02	00	0905	08
57	0021	27	10	12	22	01223	06.6	+10.9	0000	050.9	000.0	0240	0033	+06.18	02	00	0905	08
57	0022	27	10	12	22	01261	06.5	+10.8	0000	050.9	000.0	0275	0038	+06.20	02	00	0905	08
57	0023	27	10	12	22	01285	06.5	+10.9	0000	050.8	000.0	0305	0043	+06.11	02	00	0905	08
57	0024	27	10	12	22	01319	06.6	+10.9	0000	050.8	000.0	0336	0048	+06.06	02	00	0905	08
57	0025	27	10	12	23	01348	06.6	+11.0	0000	050.7	000.0	0366	0052	+06.00	02	00	0906	08
57	0026	27	10	12	23	01375	06.6	+11.0	0000	050.7	000.0	0395	0057	+05.92	02	00	0905	08
57	0027	27	10	12	23	01407	06.6	+11.0	0000	050.7	000.0	0424	0062	+05.86	02	00	0905	08
58	0001	27	10	12	24	00508	06.6	+11.1	0000	050.2	000.0	0000	0000	+00.00	02	00	0905	08
58	0002	27	10	12	24	00523	06.5	+11.1	0000	049.9	000.0	0000	0004	+00.00	02	00	0905	08
58	0003	27	10	12	25	00538	06.6	+11.2	0000	049.9	000.0	0000	0009	+00.00	02	00	0905	08
58	0004	27	10	12	25	00551	06.6	+11.2	0000	049.9	000.0	0043	0014	+02.58	02	00	0905	08
58	0005	27	10	12	25	00567	06.6	+11.2	0000	049.8	000.0	0058	0019	+02.63	02	00	0905	08
58	0006	27	10	12	25	00582	06.6	+11.2	0000	049.8	000.0	0073	0024	+02.64	02	00	0905	08
58	0007	27	10	12	25	00593	06.6	+11.2	0000	049.8	000.0	0085	0028	+02.57	02	00	0905	08
58	0008	27	10	12	25	00613	06.6	+11.2	0000	049.8	000.0	0102	0033	+02.63	02	00	0905	08
58	0009	27	10	12	26	00627	06.6	+11.3	0000	049.8	000.0	0117	0038	+02.65	02	00	0905	08
58	0010	27	10	12	26	00643	06.6	+11.2	0000	049.8	000.0	0134	0043	+02.67	02	00	0905	08
58	0011	27	10	12	26	00657	06.6	+11.2	0000	049.8	000.0	0149	0048	+02.68	02	00	0905	08
58	0012	27	10	12	26	00669	06.7	+11.4	0000	049.8	000.0	0163	0052	+02.66	02	00	0905	08
58	0013	27	10	12	26	00687	06.6	+11.3	0000	049.8	000.0	0178	0057	+02.67	02	00	0905	08
58	0014	27	10	12	26	00701	06.6	+11.3	0000	049.7	000.0	0193	0062	+02.67	02	00	0905	08
59	0001	27	10	12	27	00778	06.5	+11.4	0000	048.7	000.0	0000	0000	+00.00	02	00	0905	08
59	0002	27	10	12	27	00796	06.5	+11.4	0000	048.7	000.0	0000	0004	+00.00	02	00	0905	08
59	0003	27	10	12	27	00805	06.6	+11.4	0000	048.7	000.0	0000	0009	+00.00	02	00	0905	08
59	0004	27	10	12	28	00812	06.5	+11.4	0000	048.7	000.0	0033	0014	+02.00	02	00	0905	08
59	0005	27	10	12	28	00823	06.6	+11.4	0000	048.7	000.0	0042	0019	+01.90	02	00	0905	08
59	0006	27	10	12	28	00838	06.6	+11.4	0000	048.7	000.0	0055	0024	+01.99	02	00	0905	08
59	0007	27	10	12	28	00845	06.5	+11.4	0000	048.7	000.0	0065	0028	+01.96	02	00	0905	08
59	0008	27	10	12	28	00856	06.5	+11.6	0000	048.6	000.0	0075	0033	+01.94	02	00	0905	08
59	0009	27	10	12	28	00869	06.5	+11.5	0000	048.6	000.0	0087	0038	+01.96	02	00	0905	08
59	0010	27	10	12	29	00874	06.5	+11.5	0000	048.6	000.0	0095	0043	+01.90	02	00	0905	08
59	0011	27	10	12	29	00885	06.5	+11.5	0000	048.5	000.0	0104	0048	+01.88	02	00	0905	08
59	0012	27	10	12	29	00894	06.5	+11.5	0000	048.4	000.0	0113	0052	+01.86	02	00	0905	08
59	0013	27	10	12	29	00903	06.4	+11.5	0000	048.4	000.0	0122	0057	+01.84	02	00	0905	08
59	0014	27	10	12	29	00914	06.4	+11.5	0000	048.3	000.0	0132	0062	+01.83	02	00	0905	08
60	0001	27	10	12	30	00954	06.4	+11.6	0000	047.3	000.0	0000	0000	+00.00	02	00	0905	08
60	0002	27	10	12	30	00957	06.5	+11.6	0000	047.6	000.0	0000	0004	+00.00	02	00	0905	08
60	0003	27	10	12	30	00968	06.5	+11.6	0000	047.6	000.0	0000	0009	+00.00	02	00	0905	08
60	0004	27	10	12	31	00974	06.5	+11.6	0000	047.6	000.0	0021	0014	+01.27	02	00	0905	08
60	0005	27	10	12	31	00981	06.5	+11.6	0000	047.7	000.0	0028	0019	+01.27	02	00	0905	08
60	0006	27	10	12	31	00989	06.5	+11.6	0000	047.7	000.0	0036	0024	+01.31	02	00	0905	08
60	0007	27	10	12	31	00996	06.5	+11.7	0000	047.6	000.0	0043	0028	+01.31	02	00	0905	08
60	0008	27	10	12	31	01002	06.5	+11.8	0000	047.6	000.0	0050	0033	+01.30	02	00	0905	08
60	0009	27	10	12	31	01011	06.4	+11.8	0000	047.6	000.0	0058	0038	+01.31	02	00	0905	08
60	0010	27	10	12	31	01018	06.5	+11.7	0000	047.5	000.0	0065	0043	+01.31	02	00	0905	08
60	0011	27	10	12	32	01027	06.5	+11.8	0000	047.5	000.0	0074	0048	+01.33	02	00	0905	08
60	0012	27	10	12	32	01035	06.5	+11.8	0000	047.5	000.0	0082	0052	+01.34	02	00	0905	08
60	0013	27	10	12	32	01045	06.5	+11.8	0000	047.5	000.0	0091	0057	+01.37	02	00	0905	08
60	0014	27	10	12	32	01052	06.5	+11.8	0000	047.4	000.0	0099	0062	+01.38	02	00	0905	08
61	0001	27	10	12	34	00454	06.7	+12.0	0000	047.8	000.0	0000	0000	+00.00	02	00	0905	08
61	0002	27	10	12	34	00456	06.7	+12.0	0000	047.8	000.0	0000	0004	+00.00	02	00	0905	08
61	0003	27	10	12	34	00462	06.7	+12.0	0000	047.8	000.0	0000	0009	+00.00	02	00	0905	08
61	0004	27	10	12	34	00467	06.7	+12.0	0000	047.8	000.0	0013	0014	+00.79	02	00	0905	08
61	0005	27	10	12	34	00472	06.7	+12.1	0000	047.8	000.0	0018	0019	+00.84	02	00	0905	08
61	0006	27	10	12	34	00478	06.7	+12.0	0000	047.8	000.0	0024	0024	+00.89	02	00	0905	08
61	0007	27	10	12	35	00482	06.7	+12.0	0000	047.8	000.0	0029	0028	+00.88	02	00	0905	08
61	0008	27	10	12	35	00485	06.7	+12.0	0000	047.8	000.0	0033	0033	+00.85	02	00	0905	08
61	0009	27	10	12	35	00494	06.7	+12.1	0000	047.8	000.0	0039	0038	+00.88	02	00	0905	08
61	0010	27	10	12	35	00496	06.7	+12.1	0000	047.8	000.0	0043	0043	+00.87	02	00	0905	08
61	0011	27	10	12	35	00500	06.7	+12.1	0000	047.8	000.0	0048	0048	+00.86	02	00	0905	08
61	0012	27	10	12	35	00506	06.7	+12.0	0000	047.8	000.0	0052	0052	+00.86	02	00	0905	08
61	0013	27	10	12	35	00508	06.7	+12.1	0000	047.8	000.0	0056	0057	+00.84	02	00	0905	08
61	0014	27	10	12	36	00517	06.7	+12.1	0000	047.8	000.0	0062	0062	+00.85	02	00	0905	08
62	0001	27	10	12	37	00544	06.8	+12.2	0000	047.8	000.0	0000	0000	+00.00	02	00	0905	08
62	0002	27	10	12	37	00545	06.7	+12.2	0000	047.5	000.0	0000	0004	+00.00	02	00	0905	08
62	0003	27	10	12	37	00548	06.7	+12.2	0000	047.4	000.0	0000	0009	+00.00	02	00	0905	08
62	0004	27	10	12	37	00551	06.7	+12.3	0000	047.3	000.0	0006	0014	+00.41	02	00	0905	08
62	0005	27	10	12	37	00556	06.7	+12.3	0000	047.3	000.0	0011	0019	+00.53	02	00	0905	08
62	0006	27	10	12	38	00559	06.7	+12.3	0000	047.3	000.0	0016	0024	+00.58	02	00	0905	08
62	0007	27	10	12	38	00565	06.7	+12.3	0000	047.2	000.0	0021	0028	+00.65	02	00	0905	08
62	0008	27	10	12	38	00570	06.7	+12.3	0000	047.2	000.0	0027	0033	+00.69	02	00	0905	08
62	0009	27	10	12	38	00574	06.6	+12.2	0000	047.1	000.0	0031	0038	+00.71	02	00	0905	08
62	0010	27	10	12	38	00575	06.6	+12.3	0000	047.1	000.0	0034	0043	+00.69	02	00	0905	08
62	0011	27	10	12	38	00577	06.7	+12.3	0000	047.1	000.0	0037	0048	+00.67	02	00	0905	08
62	0012	27	10	12	39	00578	06.7	+12.3	0000	047.0	000.0	0039	0052	+00.64	02	00	0905	08
62	0013	27	10	12	39	00584	06.6	+12.4	0000	047.0	000.0	0042	0057	+00.63	02	00	0905	08
62	0014	27	10	12	39	00586	06.7	+12.4	0000	047.0	000.0	0045	0062	+00.62	02	00	0905	08
63	0001	27	10	12	42	00715	06.7	+12.4	0000	046.4	000.0	0000	0000	+00.00	02	00	0905	08
63	0002	27	10	12	42	00712	06.6	+12.4	0000	046.1	000.0	0000	0004	+00.00	02	00	0905	08
63	0003	27	10	12	42	00712	06.6	+12.4	0000	046.0	000.0	0000	0009	+00.00	02	00	0905	08
63	0004	27	10	12	42	00713	06.6	+12.4	0000	046.0	000.0	0001	0014	-00.11	02	01	0905	08
63	0005	27	10	12	42	00711	06.6	+12.5	0000	045.9	000.0	0002	0019	-00.12	02	01	0905	08
63	0006	27	10	12	42	00711	06.6	+12.4	0000	045.9	000.0	0003	0024	-00.11	02	01	0905	08
63	0007	27	10	12	43	00715	06.6	+12.5	0000	045.9	000.0	0000	0028	-00.01	02	01	0905	08
63	0008	27	10	12	43	00715	06.6	+12.4	0000	045.9	000.0	0001	0033	+00.02	02	00	0905	08
63	0009	27	10	12	43	00719	06.6	+12.4	0000	045.9	000.0	0003	0038	+00.08	02	00	0905	08
63	0010	27	10	12	43	00719	06.6	+12.5	0000	045.9	000.0	0005	0043	+00.11	02	00	0905	08
63	0011	27	10	12	43	00720	06.6	+12.4	0000	045.9	000.0	0007	0048	+00.13	02	00	0905	08
63	0012	27	10	12	43	00724	06.6	+12.5	0000	045.9	000.0	0010	0052	+00.16	02	00	0905	08
63	0013	27	10	12	43	00721	06.5	+12.4	0000	045.8	000.0	0010	0057	+00.16	02	00	0905	08
63	0014	27	10	12	44	00727	06.6	+12.4	0000	045.9	000.0	0013	0062	+00.18	02	00	0905	08
64	0001	27	10	12	46	00719	06.7	+12.5	0000	046.4	000.0	0000	0000	+00.00	02	00	0905	08
64	0002	27	10	12	46	00721	06.7	+12.6	0000	046.4	000.0	0000	0004	+00.00	02	00	0905	08
64	0003	27	10	12	47	00722	06.7	+12.5	0000	046.3	000.0	0000	0009	+00.00	02	00	0905	08
64	0004	27	10	12	47	00725	06.7	+12.6	0000	046.3	000.0	0005	0014	+00.35	02	00	0905	08
64	0005	27	10	12	47	00722	06.7	+12.6	0000	046.3	000.0	0004	0019	+00.19	02	00	0905	08
64	0006	27	10	12	47	00728	06.7	+12.6	0000	046.3	000.0	0007	0024	+00.26	02	00	0905	08
64	0007	27	10	12	47	00734	06.7	+12.6	0000	046.3	000.0	0012	0028	+00.37	02	00	0905	08
64	0008	27	10	12	47	00732	06.7	+12.6	0000	046.3	000.0	0013	0033	+00.35	02	00	0905	08
64	0009	27	10	12	47	00735	06.7	+12.6	0000	046.3	000.0	0015	0038	+00.35	02	00	0905	08
64	0010	27	10	12	48	00734	06.8	+12.6	0000	046.3	000.0	0016	0043	+00.33	02	00	0905	08
64	0011	27	10	12	48	00740	06.7	+12.6	0000	046.3	000.0	0019	0048	+00.35	02	00	0905	08
64	0012	27	10	12	48	00738	06.7	+12.6	0000	046.2	000.0	0020	0052	+00.33	02	00	0905	08
64	0013	27	10	12	48	00740	06.7	+12.6	0000	046.2	000.0	0021	0057	+00.32	02	00	0905	08
64	0014	27	10	12	48	00744	06.7	+12.7	0000	046.2	000.0	0024	0062	+00.33	02	00	0905	08
65	0001	27	10	12	50	00828	06.7	+12.8	0000	045.9	000.0	0000	0000	+00.00	02	00	0905	08
65	0002	27	10	12	50	00834	06.7	+12.8	0000	045.9	000.0	0000	0004	+00.00	02	00	0905	08
65	0003	27	10	12	50	00849	06.8	+12.8	0000	045.8	000.0	0000	0009	+00.00	02	00	0905	08
65	0004	27	10	12	50	00862	06.7	+12.8	0000	045.9	000.0	0035	0014	+02.11	02	00	0905	08
65	0005	27	10	12	50	00865	06.8	+12.8	0000	045.9	000.0	0041	0019	+01.84	02	00	0905	08
65	0006	27	10	12	50	00875	06.7	+12.8	0000	045.9	000.0	0049	0024	+01.76	02	00	0905	08
65	0007	27	10	12	50	00880	06.8	+12.8	0000	045.8	000.0	0054	0028	+01.63	02	00	0905	08
65	0008	27	10	12	51	00882	06.7	+12.7	0000	045.9	000.0	0057	0033	+01.47	02	00	0905	08
65	0009	27	10	12	51	00891	06.8	+12.8	0000	045.9	000.0	0062	0038	+01.41	02	00	0905	08
65	0010	27	10	12	51	00893	06.8	+12.8	0000	045.9	000.0	0066	0043	+01.32	02	00	0905	08
65	0011	27	10	12	51	00893	06.8	+12.8	0000	045.9	000.0	0067	0048	+01.21	02	00	0905	08
65	0012	27	10	12	51	00897	06.8	+12.8	0000	045.9	000.0	0069	0052	+01.13	02	00	0905	08
65	0013	27	10	12	51	00899	06.8	+12.8	0000	045.9	000.0	0070	0057	+01.06	02	00	0905	08
65	0014	27	10	12	51	00900	06.8	+12.8	0000	045.9	000.0	0071	0062	+00.99	02	00	0905	08
66	0001	27	10	12	53	00875	06.6	+12.8	0000	044.9	000.0	0000	0000	+00.00	02	00	0905	08
66	0002	27	10	12	53	00876	06.6	+12.8	0000	044.9	000.0	0000	0004	+00.00	02	00	0905	08
66	0003	27	10	12	53	00871	06.6	+12.8	0000	044.9	000.0	0000	0009	+00.00	02	00	0905	08
66	0004	27	10	12	53	00879	06.6	+12.8	0000	044.9	000.0	0002	0014	+00.13	02	00	0905	08
66	0005	27	10	12	54	00874	06.7	+12.8	0000	045.0	000.0	0000	0019	+00.03	02	00	0905	08
66	0006	27	10	12	54	00878	06.7	+12.8	0000	045.0	000.0	0002	0024	+00.08	02	00	0905	08
66	0007	27	10	12	54	00880	06.7	+12.8	0000	045.1	000.0	0004	0028	+00.13	02	00	0905	08
66	0008	27	10	12	54	00884	06.6	+12.8	0000	045.1	000.0	0008	0033	+00.21	02	00	0905	08
66	0009	27	10	12	54	00887	06.6	+12.8	0000	045.1	000.0	0011	0038	+00.26	02	00	0905	08
66	0010	27	10	12	54	00884	06.7	+12.8	0000	045.2	000.0	0012	0043	+00.25	02	00	0905	08
66	0011	27	10	12	54	00887	06.7	+12.8	0000	045.2	000.0	0014	0048	+00.26	02	00	0905	08
66	0012	27	10	12	55	00893	06.7	+12.9	0000	045.2	000.0	0018	0052	+00.29	02	00	0905	08
66	0013	27	10	12	55	00895	06.7	+12.8	0000	045.2	000.0	0021	0057	+00.32	02	00	0905	08
66	0014	27	10	12	55	00898	06.7	+12.8	0000	045.2	000.0	0024	0062	+00.34	02	00	0905	08
67	0001	27	10	12	57	00509	06.7	+12.8	0000	045.4	000.0	0000	0000	+00.00	02	00	0905	08
67	0002	27	10	12	57	00494	06.7	+12.8	0000	045.3	000.0	0000	0004	+00.00	02	00	0905	08
67	0003	27	10	12	57	00482	06.7	+12.8	0000	045.3	000.0	0000	0009	+00.00	02	00	0905	08
67	0004	27	10	12	57	00483	06.7	+12.8	0000	045.2	000.0	0026	0014	-01.57	02	01	0904	08
67	0005	27	10	12	57	00483	06.6	+12.8	0000	045.1	000.0	0024	0019	-01.12	02	01	0905	08
67	0006	27	10	12	57	00480	06.6	+12.8	0000	045.1	000.0	0025	0024	-00.91	02	01	0905	08
67	0007	27	10	12	57	00478	06.6	+12.8	0000	045.1	000.0	0025	0028	-00.76	02	01	0905	08
67	0008	27	10	12	58	00481	06.6	+12.8	0000	045.1	000.0	0023	0033	-00.60	02	01	0905	08
67	0009	27	10	12	58	00481	06.6	+12.8	0000	045.0	000.0	0021	0038	-00.48	02	01	0905	08
67	0010	27	10	12	58	00486	06.6	+12.8	0000	045.0	000.0	0017	0043	-00.34	02	01	0905	08
67	0011	27	10	12	58	00488	06.6	+12.8	0000	045.0	000.0	0013	0048	-00.24	02	01	0905	08
67	0012	27	10	12	58	00492	06.6	+12.8	0000	045.0	000.0	0008	0052	-00.14	02	01	0905	08
67	0013	27	10	12	58	00492	06.6	+12.8	0000	045.0	000.0	0005	0057	-00.07	02	01	0905	08
67	0014	27	10	12	58	00492	06.6	+12.8	0000	045.0	000.0	0002	0062	-00.03	02	01	0905	08
68	0010	27	10	13	03	00578	06.7	+13.0	0000	044.9	000.0	0000	0000	+00.00	02	00	0905	08
68	0011	27	10	13	03	00580	06.7	+13.1	0000	044.8	000.0	0000	0004	+00.00	02	00	0905	08
68	0012	27	10	13	03	00582	06.6	+13.0	0000	044.8	000.0	0000	0009	+00.00	02	00	0905	08
68	0013	27	10	13	04	00587	06.7	+13.0	0000	044.8	000.0	0008	0014	+00.53	02	00	0905	08
68	0014	27	10	13	04	00586	06.7	+13.1	0000	044.7	000.0	0009	0019	+00.43	02	00	0905	08
68	0015	27	10	13	04	00593	06.6	+13.0	0000	044.7	000.0	0014	0024	+00.50	02	00	0905	08
68	0016	27	10	13	04	00591	06.7	+13.0	0000	044.7	000.0	0014	0028	+00.44	02	00	0905	08
68	0017	27	10	13	04	00593	06.7	+13.1	0000	044.8	000.0	0015	0033	+00.40	02	00	0905	08
68	0018	27	10	13	04	00593	06.7	+13.0	0000	044.8	000.0	0016	0038	+00.36	02	00	0905	08
68	0019	27	10	13	04	00592	06.7	+13.1	0000	044.8	000.0	0015	0043	+00.31	02	00	0905	08
68	0020	27	10	13	05	00591	06.8	+13.1	0000	044.8	000.0	0014	0048	+00.26	02	00	0905	08
68	0021	27	10	13	05	00597	06.7	+13.0	0000	044.9	000.0	0016	0052	+00.26	02	00	0905	08
68	0022	27	10	13	05	00594	06.7	+13.1	0000	044.9	000.0	0016	0057	+00.24	02	00	0905	08
68	0023	27	10	13	05	00598	06.8	+13.0	0000	044.9	000.0	0017	0062	+00.24	02	00	0905	08
69	0001	27	10	13	08	00499	06.4	+13.1	0000	042.9	000.0	0000	0000	+00.00	02	00	0905	08
69	0002	27	10	13	08	00501	06.5	+13.2	0000	042.9	000.0	0000	0004	+00.00	02	00	0904	08
69	0003	27	10	13	08	00505	06.4	+13.1	0000	042.9	000.0	0000	0009	+00.00	02	00	0905	08
69	0004	27	10	13	08	00503	06.4	+13.1	0000	042.9	000.0	0004	0014	+00.28	02	00	0905	08
69	0005	27	10	13	09	00506	06.4	+13.1	0000	042.9	000.0	0006	0019	+00.28	02	00	0904	08
69	0006	27	10	13	09	00508	06.4	+13.1	0000	042.9	000.0	0008	0024	+00.29	02	00	0905	08
69	0007	27	10	13	09	00505	06.4	+13.1	0000	042.9	000.0	0006	0028	+00.20	02	00	0904	08
69	0008	27	10	13	09	00507	06.4	+13.1	0000	042.9	000.0	0007	0033	+00.19	02	00	0905	08
69	0009	27	10	13	09	00508	06.3	+13.1	0000	042.8	000.0	0008	0038	+00.18	02	00	0904	08
69	0010	27	10	13	09	00509	06.4	+13.1	0000	042.8	000.0	0008	0043	+00.17	02	00	0905	08
69	0011	27	10	13	09	00510	06.4	+13.1	0000	042.8	000.0	0009	0048	+00.17	02	00	0905	08
69	0012	27	10	13	10	00511	06.3	+13.0	0000	042.8	000.0	0010	0052	+00.17	02	00	0905	08
69	0013	27	10	13	10	00515	06.3	+13.1	0000	042.7	000.0	0012	0057	+00.18	02	00	0904	08
69	0014	27	10	13	10	00512	06.4	+13.1	0000	042.7	000.0	0013	0062	+00.18	02	00	0904	08
70	0007	27	10	13	13	00511	06.4	+13.0	0000	042.9	000.0	0000	0000	+00.00	02	00	0905	08
70	0008	27	10	13	13	00515	06.4	+13.0	0000	042.9	000.0	0000	0004	+00.00	02	00	0905	08
70	0009	27	10	13	14	00512	06.4	+13.0	0000	042.9	000.0	0000	0009	+00.00	02	00	0904	08
70	0010	27	10	13	14	00514	06.4	+13.0	0000	042.9	000.0	0001	0014	+00.08	02	00	0904	08
70	0011	27	10	13	14	00513	06.4	+13.0	0000	042.9	000.0	0000	0019	+00.03	02	00	0905	08
70	0012	27	10	13	14	00514	06.4	+13.0	0000	042.9	000.0	0001	0024	+00.05	02	00	0904	08
70	0013	27	10	13	14	00516	06.4	+13.0	0000	042.9	000.0	0002	0028	+00.08	02	00	0905	08
70	0014	27	10	13	14	00513	06.4	+13.0	0000	042.9	000.0	0001	0033	+00.04	02	00	0905	08
70	0015	27	10	13	14	00514	06.4	+13.0	0000	042.9	000.0	0001	0038	+00.03	02	00	0905	08
70	0016	27	10	13	15	00516	06.4	+13.0	0000	042.9	000.0	0002	0043	+00.05	02	00	0905	08
70	0017	27	10	13	15	00513	06.4	+13.0	0000	042.9	000.0	0001	0048	+00.03	02	00	0904	08
70	0018	27	10	13	15	00515	06.4	+13.0	0000	042.9	000.0	0002	0052	+00.03	02	00	0905	08
70	0019	27	10	13	15	00520	06.4	+13.0	0000	042.9	000.0	0004	0057	+00.06	02	00	0904	08
70	0020	27	10	13	15	00519	06.4	+13.0	0000	042.9	000.0	0005	0062	+00.07	02	00	0905	08
71	0001	27	10	13	16	00522	06.5	+13.0	0000	043.4	000.0	0000	0000	+00.00	02	00	0905	08
71	0002	27	10	13	16	00523	06.4	+13.0	0000	043.3	000.0	0000	0004	+00.00	02	00	0905	08
71	0003	27	10	13	17	00520	06.4	+12.9	0000	043.3	000.0	0000	0009	+00.00	02	00	0904	08
71	0004	27	10	13	17	00524	06.5	+13.0	0000	043.3	000.0	0001	0014	+00.06	02	00	0905	08
71	0005	27	10	13	17	00529	06.5	+13.0	0000	043.3	000.0	0006	0019	+00.28	02	00	0905	08
71	0006	27	10	13	17	00527	06.5	+13.0	0000	043.4	000.0	0006	0024	+00.24	02	00	0904	08
71	0007	27	10	13	17	00533	06.5	+13.0	0000	043.4	000.0	0011	0028	+00.33	02	00	0905	08
71	0008	27	10	13	17	00532	06.5	+13.0	0000	043.3	000.0	0012	0033	+00.32	02	00	0904	08
71	0009	27	10	13	18	00534	06.4	+13.0	0000	043.3	000.0	0014	0038	+00.31	02	00	0905	08
71	0010	27	10	13	18	00534	06.4	+13.0	0000	043.2	000.0	0015	0043	+00.30	02	00	0905	08
71	0011	27	10	13	18	00536	06.4	+13.0	0000	043.2	000.0	0016	0048	+00.29	02	00	0905	08
71	0012	27	10	13	18	00531	06.4	+13.0	0000	043.2	000.0	0014	0052	+00.24	02	00	0904	08
71	0013	27	10	13	18	00535	06.4	+13.0	0000	043.1	000.0	0015	0057	+00.22	02	00	0905	08
71	0014	27	10	13	18	00539	06.4	+13.0	0000	043.1	000.0	0016	0062	+00.23	02	00	0905	08
72	0001	27	10	13	21	00416	06.4	+13.0	0000	042.9	000.0	0000	0000	+00.00	02	00	0904	08
72	0002	27	10	13	21	00416	06.4	+13.0	0000	042.9	000.0	0000	0004	+00.00	02	00	0905	08
72	0003	27	10	13	21	00416	06.4	+13.1	0000	042.9	000.0	0000	0009	+00.00	02	00	0904	08
72	0004	27	10	13	21	00416	06.4	+13.0	0000	042.9	000.0	0000	0014	-00.01	02	01	0905	08
72	0005	27	10	13	21	00417	06.4	+13.0	0000	042.9	000.0	0000	0019	+00.00	02	00	0905	08
72	0006	27	10	13	21	00413	06.4	+13.0	0000	042.9	000.0	0002	0024	-00.08	02	01	0905	08
72	0007	27	10	13	22	00420	06.4	+13.0	0000	042.9	000.0	0000	0028	+00.02	02	00	0904	08
72	0008	27	10	13	22	00419	06.4	+13.0	0000	042.9	000.0	0001	0033	+00.04	02	00	0905	08
72	0009	27	10	13	22	00416	06.4	+13.0	0000	042.9	000.0	0001	0038	+00.02	02	00	0905	08
72	0010	27	10	13	22	00420	06.3	+13.0	0000	042.9	000.0	0002	0043	+00.05	02	00	0905	08
72	0011	27	10	13	22	00420	06.4	+13.0	0000	042.9	000.0	0003	0048	+00.06	02	00	0905	08
72	0012	27	10	13	22	00422	06.4	+13.0	0000	042.9	000.0	0005	0052	+00.08	02	00	0904	08
72	0013	27	10	13	22	00426	06.4	+13.0	0000	042.8	000.0	0007	0057	+00.11	02	00	0905	08
72	0014	27	10	13	23	00425	06.4	+13.0	0000	042.8	000.0	0009	0062	+00.12	02	00	0904	08
73	0002	27	10	13	32	00526	06.5	+13.2	0000	043.4	000.0	0000	0000	+00.00	02	00	0904	08
73	0003	27	10	13	32	00548	06.6	+13.2	0000	043.4	000.0	0000	0004	+00.00	02	00	0905	08
73	0004	27	10	13	32	00559	06.6	+13.2	0000	043.5	000.0	0000	0009	+00.00	02	00	0905	08
73	0005	27	10	13	32	00565	06.6	+13.2	0000	043.6	000.0	0038	0014	+02.28	02	00	0905	08
73	0006	27	10	13	32	00567	06.6	+13.2	0000	043.7	000.0	0039	0019	+01.76	02	00	0904	08
73	0007	27	10	13	32	00572	06.7	+13.2	0000	043.7	000.0	0041	0024	+01.49	02	00	0904	08
73	0008	27	10	13	32	00579	06.7	+13.2	0000	043.8	000.0	0046	0028	+01.38	02	00	0904	08
73	0009	27	10	13	33	00584	06.7	+13.2	0000	043.8	000.0	0049	0033	+01.28	02	00	0905	08
73	0010	27	10	13	33	00588	06.7	+13.2	0000	043.9	000.0	0053	0038	+01.19	02	00	0905	08
73	0011	27	10	13	33	00595	06.7	+13.2	0000	043.9	000.0	0057	0043	+01.16	02	00	0905	08
73	0012	27	10	13	33	00595	06.6	+13.2	0000	043.9	000.0	0060	0048	+01.08	02	00	0905	08
73	0013	27	10	13	33	00600	06.6	+13.2	0000	043.9	000.0	0063	0052	+01.03	02	00	0905	08
73	0014	27	10	13	33	00600	06.7	+13.2	0000	043.9	000.0	0065	0057	+00.97	02	00	0905	08
73	0015	27	10	13	33	00607	06.7	+13.2	0000	043.9	000.0	0068	0062	+00.94	02	00	0905	08
74	0001	27	10	13	35	00484	06.7	+13.2	0000	043.9	000.0	0000	0000	+00.00	02	00	0905	08
74	0002	27	10	13	35	00479	06.7	+13.2	0000	043.9	000.0	0000	0004	+00.00	02	00	0905	08
74	0003	27	10	13	35	00478	06.7	+13.2	0000	043.9	000.0	0000	0009	+00.00	02	00	0905	08
74	0004	27	10	13	35	00481	06.7	+13.2	0000	043.9	000.0	0003	0014	-00.21	02	01	0904	08
74	0005	27	10	13	35	00477	06.7	+13.2	0000	043.9	000.0	0005	0019	-00.24	02	01	0905	08
74	0006	27	10	13	35	00472	06.7	+13.2	0000	043.9	000.0	0009	0024	-00.32	02	01	0905	08
74	0007	27	10	13	35	00476	06.6	+13.2	0000	043.9	000.0	0008	0028	-00.24	02	01	0905	08
74	0008	27	10	13	36	00475	06.7	+13.2	0000	043.9	000.0	0008	0028	-00.24	02	01	0905	08
74	0009	27	10	13	36	00479	06.6	+13.2	0000	043.9	000.0	0000	0000	+00.00	02	00	0905	08
74	0010	27	10	13	37	00480	06.7	+13.2	0000	043.9	000.0	0000	0004	+00.00	02	00	0904	08
74	0011	27	10	13	37	00481	06.6	+13.2	0000	043.9	000.0	0000	0009	+00.00	02	00	0905	08
74	0012	27	10	13	37	00483	06.7	+13.2	0000	043.9	000.0	0003	0014	+00.22	02	00	0905	08
74	0013	27	10	13	37	00485	06.7	+13.2	0000	044.0	000.0	0005	0019	+00.26	02	00	0905	08
74	0014	27	10	13	37	00488	06.7	+13.2	0000	044.0	000.0	0008	0024	+00.30	02	00	0905	08
74	0015	27	10	13	37	00489	06.7	+13.2	0000	044.0	000.0	0010	0028	+00.32	02	00	0905	08
74	0016	27	10	13	37	00490	06.6	+13.2	0000	043.9	000.0	0012	0033	+00.30	02	00	0905	08
74	0017	27	10	13	38	00492	06.6	+13.2	0000	043.9	000.0	0013	0038	+00.30	02	00	0904	08
74	0018	27	10	13	38	00491	06.6	+13.2	0000	043.8	000.0	0013	0043	+00.27	02	00	0905	08
74	0019	27	10	13	38	00495	06.6	+13.2	0000	043.8	000.0	0015	0048	+00.27	02	00	0905	08
74	0020	27	10	13	38	00493	06.7	+13.2	0000	043.8	000.0	0015	0052	+00.25	02	00	0904	08
74	0021	27	10	13	38	00496	06.7	+13.2	0000	043.8	000.0	0017	0057	+00.25	02	00	0905	08
74	0022	27	10	13	38	00495	06.7	+13.2	0000	043.8	000.0	0017	0062	+00.24	02	00	0904	08
75	0006	27	10	13	43	00475	06.7	+13.1	0000	044.9	000.0	0000	0000	+00.00	02	00	0905	08
75	0007	27	10	13	43	00476	06.6	+13.0	0000	044.5	000.0	0000	0004	+00.00	02	00	0905	08
75	0008	27	10	13	44	00478	06.6	+13.0	0000	044.5	000.0	0000	0009	+00.00	02	00	0905	08
75	0009	27	10	13	44	00480	06.6	+13.0	0000	044.5	000.0	0005	0014	+00.33	02	00	0905	08
75	0010	27	10	13	44	00481	06.6	+13.0	0000	044.5	000.0	0006	0019	+00.31	02	00	0905	08
75	0011	27	10	13	44	00478	06.7	+13.1	0000	044.5	000.0	0005	0024	+00.19	02	00	0905	08
75	0012	27	10	13	44	00482	06.6	+13.0	0000	044.5	000.0	0006	0028	+00.20	02	00	0905	08
75	0013	27	10	13	44	00486	06.6	+13.0	0000	044.5	000.0	0009	0033	+00.24	02	00	0905	08
75	0014	27	10	13	45	00489	06.6	+13.0	0000	044.5	000.0	0012	0038	+00.28	02	00	0905	08
75	0015	27	10	13	45	00488	06.6	+13.0	0000	044.4	000.0	0014	0043	+00.28	02	00	0905	08
75	0016	27	10	13	45	00495	06.6	+13.0	0000	044.4	000.0	0017	0048	+00.32	02	00	0905	08
75	0017	27	10	13	45	00490	06.6	+13.0	0000	044.4	000.0	0018	0052	+00.29	02	00	0905	08
75	0018	27	10	13	45	00495	06.6	+13.0	0000	044.4	000.0	0020	0057	+00.30	02	00	0905	08
75	0019	27	10	13	45	00495	06.6	+13.0	0000	044.4	000.0	0021	0062	+00.30	02	00	0905	08
76	0002	27	10	13	50	00420	06.8	+13.0	0000	045.9	000.0	0000	0000	+00.00	02	00	0905	08
76	0003	27	10	13	50	00419	06.8	+13.0	0000	045.9	000.0	0000	0004	+00.00	02	00	0905	08
76	0004	27	10	13	50	00421	06.8	+13.0	0000	045.9	000.0	0000	0009	+00.00	02	00	0905	08
76	0005	27	10	13	50	00420	06.8	+13.0	0000	045.9	000.0	0000	0014	+00.03	02	00	0905	08
76	0006	27	10	13	51	00423	06.8	+13.0	0000	045.9	000.0	0002	0019	+00.12	02	00	0905	08
76	0007	27	10	13	51	00426	06.8	+13.0	0000	045.9	000.0	0005	0024	+00.21	02	00	0905	08
76	0008	27	10	13	51	00424	06.8	+13.0	0000	045.9	000.0	0006	0028	+00.18	02	00	0905	08
76	0009	27	10	13	51	00426	06.8	+13.0	0000	045.9	000.0	0007	0033	+00.18	02	00	0905	08
76	0010	27	10	13	51	00428	06.8	+12.9	0000	045.9	000.0	0008	0038	+00.19	02	00	0905	08
76	0011	27	10	13	51	00431	06.8	+13.0	0000	045.9	000.0	0010	0043	+00.21	02	00	0905	08
76	0012	27	10	13	51	00430	06.8	+13.0	0000	045.9	000.0	0012	0048	+00.21	02	00	0905	08
76	0013	27	10	13	52	00433	06.8	+12.9	0000	045.9	000.0	0013	0052	+00.22	02	00	0905	08
76	0014	27	10	13	52	00433	06.8	+13.0	0000	045.9	000.0	0015	0057	+00.22	02	00	0905	08
76	0015	27	10	13	52	00435	06.8	+13.0	0000	045.9	000.0	0016	0062	+00.22	02	00	0905	08
77	0001	27	10	13	54	00443	06.7	+12.9	0000	045.4	000.0	0000	0000	+00.00	02	00	0905	08
77	0002	27	10	13	54	00444	06.7	+12.9	0000	045.4	000.0	0000	0004	+00.00	02	00	0905	08
77	0003	27	10	13	54	00446	06.7	+12.9	0000	045.4	000.0	0000	0009	+00.00	02	00	0905	08
77	0004	27	10	13	54	00444	06.7	+12.9	0000	045.4	000.0	0001	0014	+00.09	02	00	0905	08
77	0005	27	10	13	55	00443	06.8	+12.9	0000	045.5	000.0	0000	0019	-00.00	02	01	0905	08
77	0006	27	10	13	55	00441	06.7	+12.8	0000	045.4	000.0	0002	0024	-00.07	02	01	0905	08
77	0007	27	10	13	55	00444	06.7	+12.8	0000	045.4	000.0	0001	0028	-00.04	02	01	0905	08
77	0008	27	10	13	55	00451	06.7	+12.8	0000	045.4	000.0	0003	0033	+00.07	02	00	0905	08
77	0009	27	10	13	55	00453	06.7	+12.9	0000	045.4	000.0	0006	0038	+00.15	02	00	0905	08
77	0010	27	10	13	55	00456	06.7	+12.8	0000	045.4	000.0	0011	0043	+00.22	02	00	0905	08
77	0011	27	10	13	56	00455	06.7	+12.8	0000	045.4	000.0	0013	0048	+00.24	02	00	0905	08
77	0012	27	10	13	56	00453	06.7	+12.9	0000	045.4	000.0	0013	0052	+00.22	02	00	0905	08
77	0013	27	10	13	56	00451	06.7	+12.8	0000	045.5	000.0	0013	0057	+00.19	02	00	0905	08
77	0014	27	10	13	56	00448	06.7	+12.8	0000	045.5	000.0	0011	0062	+00.16	02	00	0905	08
77	0015	27	10	13	58	00446	06.8	+12.8	0000	045.9	000.0	0000	0000	+00.00	02	00	0905	08
77	0016	27	10	13	58	00445	06.7	+12.8	0000	045.9	000.0	0000	0004	+00.00	02	00	0905	08
77	0017	27	10	13	58	00446	06.7	+12.8	0000	045.9	000.0	0000	0009	+00.00	02	00	0905	08
77	0018	27	10	13	58	00449	06.8	+12.8	0000	045.9	000.0	0002	0014	+00.16	02	00	0905	08
77	0019	27	10	13	58	00446	06.7	+12.8	0000	045.9	000.0	0001	0019	+00.07	02	00	0905	08
77	0020	27	10	13	58	00447	06.8	+12.8	0000	045.9	000.0	0001	0024	+00.05	02	00	0905	08
77	0021	27	10	13	58	00449	06.7	+12.8	0000	045.9	000.0	0002	0028	+00.08	02	00	0905	08
77	0022	27	10	13	59	00448	06.8	+12.8	0000	045.9	000.0	0002	0033	+00.07	02	00	0905	08
77	0023	27	10	13	59	00451	06.7	+12.8	0000	045.9	000.0	0004	0038	+00.09	02	00	0905	08
77	0024	27	10	13	59	00447	06.7	+12.8	0000	045.9	000.0	0003	0043	+00.06	02	00	0905	08
77	0025	27	10	13	59	00446	06.7	+12.8	0000	045.9	000.0	0001	0048	+00.03	02	00	0905	08
77	0026	27	10	13	59	00446	06.8	+12.8	0000	045.9	000.0	0001	0052	+00.02	02	00	0905	08
77	0027	27	10	13	59	00448	06.8	+12.8	0000	045.9	000.0	0001	0057	+00.02	02	00	0905	08
77	0028	27	10	13	59	00448	06.7	+12.8	0000	045.9	000.0	0001	0062	+00.02	02	00	0905	08
78	0001	27	10	14	03	00460	06.8	+12.6	0000	046.4	000.0	0000	0000	+00.00	02	00	0905	08
78	0002	27	10	14	03	00455	06.7	+12.6	0000	046.3	000.0	0000	0004	+00.00	02	00	0905	08
78	0003	27	10	14	04	00456	06.8	+12.6	0000	046.3	000.0	0000	0009	+00.00	02	00	0905	08
78	0004	27	10	14	04	00457	06.7	+12.6	0000	046.3	000.0	0001	0014	-00.11	02	01	0905	08
78	0005	27	10	14	04	00455	06.7	+12.6	0000	046.4	000.0	0003	0019	-00.13	02	01	0905	08
78	0006	27	10	14	04	00454	06.8	+12.6	0000	046.4	000.0	0003	0024	-00.13	02	01	0905	08
78	0007	27	10	14	04	00454	06.7	+12.6	0000	046.4	000.0	0004	0028	-00.12	02	01	0905	08
78	0008	27	10	14	04	00452	06.7	+12.6	0000	046.4	000.0	0005	0033	-00.14	02	01	0905	08
78	0009	27	10	14	04	00452	06.7	+12.6	0000	046.4	000.0	0006	0038	-00.14	02	01	0905	08
78	0010	27	10	14	05	00455	06.7	+12.6	0000	046.4	000.0	0005	0043	-00.10	02	01	0905	08
78	0011	27	10	14	05	00456	06.7	+12.6	0000	046.4	000.0	0003	0048	-00.06	02	01	0905	08
78	0012	27	10	14	05	00456	06.7	+12.6	0000	046.4	000.0	0002	0052	-00.04	02	01	0905	08
78	0013	27	10	14	05	00458	06.7	+12.5	0000	046.4	000.0	0001	0057	-00.02	02	01	0905	08
78	0014	27	10	14	05	00461	06.7	+12.6	0000	046.4	000.0	0000	0062	+00.01	02	00	0905	08
79	0008	27	10	14	09	00455	06.7	+12.6	0000	046.4	000.0	0000	0000	+00.00	02	00	0905	08
79	0009	27	10	14	09	00458	06.8	+12.6	0000	046.5	000.0	0000	0004	+00.00	02	00	0905	08
79	0010	27	10	14	09	00459	06.7	+12.6	0000	046.6	000.0	0000	0009	+00.00	02	00	0905	08
79	0011	27	10	14	09	00462	06.7	+12.6	0000	046.6	000.0	0007	0014	+00.42	02	00	0905	08
79	0012	27	10	14	09	00464	06.8	+12.6	0000	046.6	000.0	0009	0019	+00.40	02	00	0905	08
79	0013	27	10	14	09	00463	06.8	+12.6	0000	046.7	000.0	0009	0024	+00.33	02	00	0905	08
79	0014	27	10	14	09	00465	06.8	+12.6	0000	046.6	000.0	0009	0028	+00.29	02	00	0905	08
79	0015	27	10	14	10	00467	06.8	+12.6	0000	046.6	000.0	0011	0033	+00.29	02	00	0905	08
79	0016	27	10	14	10	00469	06.8	+12.7	0000	046.6	000.0	0012	0038	+00.29	02	00	0905	08
79	0017	27	10	14	10	00469	06.7	+12.7	0000	046.5	000.0	0013	0043	+00.27	02	00	0905	08
79	0018	27	10	14	10	00471	06.7	+12.6	0000	046.4	000.0	0014	0048	+00.26	02	00	0905	08
79	0019	27	10	14	10	00472	06.7	+12.6	0000	046.4	000.0	0016	0052	+00.26	02	00	0905	08
79	0020	27	10	14	10	00473	06.7	+12.6	0000	046.4	000.0	0017	0057	+00.25	02	00	0905	08
79	0021	27	10	14	11	00473	06.7	+12.7	0000	046.3	000.0	0017	0062	+00.24	02	00	0905	08
80	0001	27	10	14	12	00495	06.7	+12.8	0000	045.9	000.0	0000	0000	+00.00	02	00	0905	08
80	0002	27	10	14	12	00501	06.7	+12.7	0000	045.9	000.0	0000	0004	+00.00	02	00	0905	08
80	0003	27	10	14	12	00513	06.7	+12.8	0000	045.9	000.0	0000	0009	+00.00	02	00	0905	08
80	0004	27	10	14	12	00521	06.7	+12.7	0000	045.9	000.0	0026	0014	+01.61	02	00	0905	08
80	0005	27	10	14	12	00535	06.7	+12.8	0000	045.9	000.0	0039	0019	+01.78	02	00	0905	08
80	0006	27	10	14	13	00000	00.0	+00.0	0000	0000	0000	0000	0000	0000	00	00	0000	00
80	0007	27	10	14	13	00547	06.7	+12.7	0000	045.9	000.0	0055	0028	+01.66	02	00	0905	08
80	0008	27	10	14	13	00554	06.7	+12.7	0000	045.9	000.0	0061	0033	+01.59	02	00	0905	08
80	0009	27	10	14	13	00562	06.8	+12.8	0000	045.9	000.0	0068	0038	+01.54	02	00	0905	08
80	0010	27	10	14	13	00569	06.8	+12.8	0000	045.9	000.0	0075	0043	+01.50	02	00	0905	08
80	0011	27	10	14	13	00573	06.7	+12.8	0000	045.9	000.0	0080	0048	+01.44	02	00	0905	08
80	0012	27	10	14	14	00575	06.7	+12.8	0000	046.0	000.0	0084	0052	+01.37	02	00	0905	08
80	0013	27	10	14	14	00583	06.8	+12.8	0000	046.0	000.0	0088	0057	+01.33	02	00	0905	08
80	0014	27	10	14	14	00589	06.8	+12.8	0000	046.0	000.0	0093	0062	+01.29	02	00	0905	08
81	0001	27	10	14	17	00390	06.6	+12.7	0000	045.4	000.0	0000	0000	+00.00	02	00	0905	08
81	0002	27	10	14	17	00389	06.6	+12.7	0000	045.3	000.0	0000	0004	+00.00	02	00	0905	08
81	0003	27	10	14	17	00390	06.6	+12.6	0000	045.2	000.0	0000	0009	+00.00	02	00	0905	08
81	0004	27	10	14	17	00389	06.6	+12.7	0000	045.2	000.0	0000	0014	-00.05	02	01	0905	08
81	0005	27	10	14	17	00394	06.5	+12.6	0000	045.1	000.0	0002	0019	+00.11	02	00	0905	08
81	0006	27	10	14	18	00392	06.6	+12.7	0000	045.1	000.0	0002	0024	+00.10	02	00	0905	08
81	0007	27	10	14	18	00393	06.6	+12.7	0000	045.1	000.0	0003	0028	+00.10	02	00	0905	08
81	0008	27	10	14	18	00399	06.5	+12.6	0000	045.0	000.0	0007	0033	+00.18	02	00	0905	08
81	0009	27	10	14	18	00398	06.6	+12.7	0000	045.0	000.0	0008	0038	+00.19	02	00	0905	08
81	0010	27	10	14	18	00402	06.6	+12.7	0000	045.0	000.0	0011	0043	+00.23	02	00	0905	08
81	0011	27	10	14	18	00405	06.5	+12.6	0000	045.0	000.0	0015	0048	+00.26	02	00	0905	08
81	0012	27	10	14	18	00412	06.6	+12.7	0000	045.0	000.0	0020	0052	+00.32	02	00	0905	08
81	0013	27	10	14	19	00413	06.6	+12.7	0000	045.0	000.0	0023	0057	+00.35	02	00	0905	08
81	0014	27	10	14	19	00416	06.6	+12.7	0000	045.0	000.0	0027	0062	+00.38	02	00	0905	08
82	0005	27	10	14	22	00418	06.6	+12.8	0000	044.9	000.0	0000	0000	+00.00	02	00	0905	08
82	0006	27	10	14	22	00424	06.6	+12.7	0000	044.9	000.0	0000	0004	+00.00	02	00	0905	08
82	0007	27	10	14	22	00421	06.6	+12.7	0000	044.9	000.0	0000	0009	+00.00	02	00	0905	08
82	0008	27	10	14	22	00422	06.6	+12.8	0000	044.9	000.0	0002	0014	+00.14	02	00	0905	08
82	0009	27	10	14	22	00420	06.6	+12.8	0000	044.9	000.0	0000	0019	+00.00	02	00	0905	08
82	0010	27	10	14	23	00422	06.6	+12.7	0000	044.9	000.0	0000	0024	+00.02	02	00	0905	08
82	0011	27	10	14	23	00423	06.6	+12.8	0000	044.9	000.0	0001	0028	+00.04	02	00	0905	08
82	0012	27	10	14	23	00424	06.6	+12.8	0000	044.9	000.0	0002	0033	+00.07	02	00	0905	08
82	0013	27	10	14	23	00426	06.6	+12.8	0000	044.9	000.0	0004	0038	+00.11	02	00	0905	08
82	0014	27	10	14	23	00428	06.6	+12.8	0000	044.9	000.0	0006	0043	+00.13	02	00	0905	08
82	0015	27	10	14	23	00428	06.6	+12.8	0000	044.9	000.0	0007	0048	+00.14	02	00	0905	08
82	0016	27	10	14	23	00429	06.6	+12.8	0000	044.9	000.0	0008	0052	+00.14	02	00	0905	08
82	0017	27	10	14	24	00425	06.6	+12.8	0000	044.9	000.0	0008	0057	+00.12	02	00	0905	08
82	0018	27	10	14	24	00427	06.6	+12.8	0000	044.9	000.0	0008	0062	+00.11	02	00	0905	08
83	0001	27	10	14	25	00444	06.7	+12.8	0000	045.4	000.0	0000	0000	+00.00	02	00	0905	08
83	0002	27	10	14	25	00445	06.7	+12.8	0000	045.5	000.0	0000	0004	+00.00	02	00	0905	08
83	0003	27	10	14	25	00445	06.7	+12.8	0000	045.5	000.0	0000	0009	+00.00	02	00	0905	08
83	0004	27	10	14	25	00445	06.7	+12.8	0000	045.5	000.0	0000	0014	+00.01	02	00	0905	08
83	0005	27	10	14	25	00440	06.7	+12.9	0000	045.4	000.0	0003	0019	-00.16	02	01	0905	08
83	0006	27	10	14	26	00445	06.7	+12.9	0000	045.4	000.0	0001	0024	-00.05	02	01	0905	08
83	0007	27	10	14	26	00446	06.7	+12.8	0000	045.4	000.0	0000	0028	+00.01	02	00	0905	08
83	0008	27	10	14	26	00447	06.7	+12.9	0000	045.4	000.0	0001	0033	+00.04	02	00	0905	08
83	0009	27	10	14	26	00446	06.7	+12.9	0000	045.4	000.0	0002	0038	+00.05	02	00	0905	08
83	0010	27	10	14	26	00446	06.8	+12.9	0000	045.4	000.0	0002	0043	+00.04	02	00	0905	08
83	0011	27	10	14	26	00450	06.8	+12.9	0000	045.5	000.0	0004	0048	+00.08	02	00	0905	08
83	0012	27	10	14	27	00447	06.8	+12.9	0000	045.5	000.0	0004	0052	+00.07	02	00	0905	08
83	0013	27	10	14	27	00450	06.8	+12.9	0000	045.5	000.0	0005	0057	+00.08	02	00	0905	08
83	0014	27	10	14	27	00450	06.8	+12.9	0000	045.6	000.0	0006	0062	+00.09	02	00	0905	08
84	0001	27	10	14	28	00465	06.7	+12.8	0000	045.4	000.0	0000	0000	+00.00	02	00	0905	08
84	0002	27	10	14	28	00460	06.7	+12.8	0000	045.1	000.0	0000	0004	+00.00	02	00	0905	08
84	0003	27	10	14	28	00458	06.6	+12.8	0000	045.0	000.0	0000	0009	+00.00	02	00	0905	08
84	0004	27	10	14	28	00451	06.6	+12.8	0000	045.0	000.0	0012	0014	-00.75	02	01	0905	08
84	0005	27	10	14	29	00450	06.6	+12.8	0000	045.0	000.0	0014	0019	-00.66	02	01	0905	08
84	0006	27	10	14	29	00448	06.5	+12.8	0000	044.9	000.0	0016	0024	-00.59	02	01	0905	08
84	0007	27	10	14	29	00448	06.6	+12.9	0000	044.9	000.0	0016	0028	-00.50	02	01	0905	08
84	0008	27	10	14	29	00450	06.6	+12.8	0000	044.8	000.0	0015	0033	-00.40	02	01	0905	08
84	0009	27	10	14	29	00451	06.6	+12.8	0000	044.8	000.0	0014	0038	-00.31	02	01	0905	08
84	0010	27	10	14	29	00451	06.5	+12.8	0000	044.8	000.0	0012	0043	-00.25	02	01	0905	08
84	0011	27	10	14	29	00447	06.5	+12.8	0000	044.8	000.0	0013	0048	-00.24	02	01	0905	08
84	0012	27	10	14	30	00447	06.5	+12.8	0000	044.8	000.0	0013	0052	-00.22	02	01	0905	08
84	0013	27	10	14	30	00447	06.5	+12.8	0000	044.7	000.0	0013	0057	-00.20	02	01	0905	08
84	0014	27	10	14	30	00446	06.5	+12.8	0000	044.7	000.0	0014	0062	-00.19	02	01	0905	08
85	0001	27	10	14	31	00440	06.6	+12.8	0000	044.9	000.0	0000	0000	+00.00	02	00	0905	08
85	0002	27	10	14	31	00442	06.6	+12.8	0000	044.9	000.0	0000	0004	+00.00	02	00	0905	08
85	0003	27	10	14	31	00441	06.7	+12.8	0000	045.0	000.0	0000	0009	+00.00	02	00	0905	08
85	0004	27	10	14	31	00441	06.7	+12.8	0000	045.2	000.0	0000	0014	+00.00	02	00	0905	08
85	0005	27	10	14	31	00441	06.7	+12.8	0000	045.2	000.0	0000	0019	+00.01	02	00	0905	08
85	0006	27	10	14	32	00445	06.8	+12.8	0000	045.3	000.0	0002	0024	+00.09	02	00	0905	08
85	0007	27	10	14	32	00445	06.8	+12.8	0000	045.4	000.0	0003	0028	+00.11	02	00	0905	08
85	0008	27	10	14	32	00447	06.7	+12.9	0000	045.4	000.0	0005	0033	+00.14	02	00	0905	08
85	0009	27	10	14	32	00447	06.7	+12.9	0000	045.4	000.0	0006	0038	+00.14	02	00	0905	08
85	0010	27	10	14	32	00451	06.7	+12.9	0000	045.5	000.0	0009	0043	+00.18	02	00	0905	08
85	0011	27	10	14	32	00450	06.7	+12.9	0000	045.5	000.0	0010	0048	+00.18	02	00	0905	08
85	0012	27	10	14	33	00453	06.7	+12.8	0000	045.5	000.0	0012	0052	+00.20	02	00	0905	08
85	0013	27	10	14	33	00454	06.7	+12.9	0000	045.5	000.0	0014	0057	+00.21	02	00	0905	08
85	0014	27	10	14	33	00456	06.7	+12.9	0000	045.5	000.0	0016	0062	+00.22	02	00	0905	08
86	0001	27	10	14	34	00485	06.8	+13.0	0000	045.4	000.0	0000	0000	+00.00	02	00	0905	08
86	0002	27	10	14	34	00476	06.8	+13.0	0000	045.5	000.0	0000	0004	+00.00	02	00	0905	08
86	0003	27	10	14	34	00474	06.8	+12.9	0000	045.6	000.0	0000	0009	+00.00	02	00	0905	08
86	0004	27	10	14	34	00475	06.7	+12.9	0000	045.5	000.0	0009	0014	-00.56	02	01	0905	08
86	0005	27	10	14	34	00475	06.8	+13.0	0000	045.5	000.0	0007	0019	-00.35	02	01	0905	08
86	0006	27	10	14	35	00474	06.7	+12.9	0000	045.5	000.0	0007	0024	-00.27	02	01	0905	08
86	0007	27	10	14	35	00473	06.8	+13.0	0000	045.5	000.0	0007	0028	-00.23	02	01	0905	08
86	0008	27	10	14	35	00474	06.8	+13.0	0000	045.5	000.0	0007	0033	-00.18	02	01	0905	08
86	0009	27	10	14	35	00470	06.8	+13.0	0000	045.5	000.0	0008	0038	-00.20	02	01	0905	08
86	0010	27	10	14	35	00474	06.8	+13.0	0000	045.5	000.0	0007	0043	-00.15	02	01	0905	08
86	0011	27	10	14	35	00474	06.8	+12.9	0000	045.5	000.0	0006	0048	-00.12	02	01	0905	08
86	0012	27	10	14	35	00479	06.8	+13.0	0000	045.6	000.0	0004	0052	-00.06	02	01	0905	08
86	0013	27	10	14	36	00484	06.8	+12.9	0000	045.6	000.0	0000	0057	-00.00	02	01	0905	08
87	0015	27	10	15	23	00860	06.7	+11.0	0000	051.6	000.0	0000	0000	+00.00	02	00	0905	08
87	0016	27	10	15	23	00883	06.7	+11.1	0000	051.5	000.0	0000	0004	+00.00	02	00	0905	08
87	0017	27	10	15	23	00912	06.7	+11.1	0000	051.4	000.0	0000	0009	+00.00	02	00	0905	08
87	0018	27	10	15	23	00937	06.7	+11.1	0000	051.3	000.0	0078	0014	+04.68	02	00	0905	08
87	0019	27	10	15	24	00963	06.8	+11.2	0000	051.3	000.0	0104	0019	+04.68	02	00	0905	08
87	0020	27	10	15	24	00993	06.8	+11.2	0000	051.3	000.0	0133	0024	+04.79	02	00	0905	08
87	0021	27	10	15	24	01013	06.8	+11.2	0000	051.3	000.0	0156	0028	+04.70	02	00	0905	08
87	0022	27	10	15	24	01040	06.8	+11.3	0000	051.2	000.0	0181	0033	+04.67	02	00	0905	08
87	0023	27	10	15	24	01069	06.7	+11.2	0000	051.2	000.0	0208	0038	+04.68	02	00	0905	08
87	0024	27	10	15	24	01087	06.7	+11.2	0000	051.1	000.0	0231	0043	+04.61	02	00	0905	08
87	0025	27	10	15	24	01113	06.7	+11.2	0000	051.1	000.0	0255	0048	+04.58	02	00	0905	08
87	0026	27	10	15	25	01131	06.7	+11.2	0000	051.0	000.0	0276	0052	+04.51	02	00	0905	08
87	0027	27	10	15	25	01155	06.8	+11.3	0000	051.0	000.0	0298	0057	+04.46	02	00	0905	08
87	0028	27	10	15	25	01178	06.7	+11.3	0000	051.0	000.0	0320	0062	+04.42	02	00	0905	08
88	0001	27	10	15	27	00533	06.8	+11.6	0000	050.2	000.0	0000	0000	+00.00	02	00	0905	08
88	0002	27	10	15	27	00542	06.7	+11.6	0000	049.9	000.0	0000	0004	+00.00	02	00	0905	08
88	0003	27	10	15	27	00550	06.8	+11.6	0000	049.8	000.0	0000	0009	+00.00	02	00	0905	08
88	0004	27	10	15	27	00562	06.8	+11.6	0000	049.8	000.0	0028	0014	+01.71	02	00	0905	08
88	0005	27	10	15	27	00571	06.8	+11.6	0000	049.8	000.0	0038	0019	+01.74	02	00	0905	08
88	0006	27	10	15	27	00585	06.8	+11.6	0000	049.8	000.0	0051	0024	+01.84	02	00	0905	08
88	0007	27	10	15	28	00595	06.8	+11.6	0000	049.8	000.0	0062	0028	+01.88	02	00	0905	08
88	0008	27	10	15	28	00606	06.7	+11.7	0000	049.7	000.0	0074	0033	+01.90	02	00	0905	08
88	0009	27	10	15	28	00615	06.8	+11.7	0000	049.7	000.0	0084	0038	+01.89	02	00	0905	08
88	0010	27	10	15	28	00627	06.8	+11.8	0000	049.6	000.0	0095	0043	+01.90	02	00	0905	08
88	0011	27	10	15	28	00639	06.8	+11.8	0000	049.6	000.0	0107	0048	+01.92	02	00	0905	08
88	0012	27	10	15	28	00653	06.7	+11.8	0000	049.6	000.0	0119	0052	+01.95	02	00	0905	08
88	0013	27	10	15	29	00663	06.8	+11.8	0000	049.5	000.0	0131	0057	+01.97	02	00	0905	08
88	0014	27	10	15	29	00676	06.7	+11.8	0000	049.5	000.0	0143	0062	+01.99	02	00	0905	08
89	0001	27	10	15	30	00783	06.8	+12.0	0000	048.8	000.0	0000	0000	+00.00	02	00	0905	08
89	0002	27	10	15	30	00787	06.7	+12.0	0000	048.6	000.0	0000	0004	+00.00	02	00	0905	08
89	0003	27	10	15	31	00791	06.7	+12.0	0000	048.5	000.0	0000	0009	+00.00	02	00	0905	08
89	0004	27	10	15	31	00799	06.8	+12.0	0000	048.4	000.0	0016	0014	+00.96	02	00	0905	08
89	0005	27	10	15	31	00807	06.7	+12.0	0000	048.3	000.0	0024	0019	+01.09	02	00	0905	08
89	0006	27	10	15	31	00815	06.7	+12.1	0000	048.3	000.0	0032	0024	+01.18	02	00	0905	08
89	0007	27	10	15	31	00821	06.7	+12.0	0000	048.2	000.0	0040	0028	+01.20	02	00	0905	08
89	0008	27	10	15	31	00827	06.8	+12.1	0000	048.2	000.0	0046	0033	+01.19	02	00	0905	08
89	0009	27	10	15	31	00836	06.7	+12.1	0000	048.2	000.0	0054	0038	+01.22	02	00	0905	08
89	0010	27	10	15	32	00840	06.8	+12.1	0000	048.2	000.0	0060	0043	+01.20	02	00	0905	08
89	0011	27	10	15	32	00853	06.7	+12.1	0000	048.1	000.0	0069	0048	+01.24	02	00	0905	08
89	0012	27	10	15	32	00862	06.7	+12.1	0000	048.1	000.0	0078	0052	+01.28	02	00	0905	08
89	0013	27	10	15	32	00869	06.7	+12.1	0000	048.1	000.0	0087	0057	+01.30	02	00	0905	08
89	0014	27	10	15	32	00876	06.7	+12.2	0000	048.1	000.0	0095	0062	+01.32	02	00	0905	08
90	0001	27	10	15	33	00898	06.8	+12.3	0000	047.9	000.0	0000	0000	+00.00	02	00	0905	08
90	0002	27	10	15	33	00904	06.8	+12.3	0000	048.0	000.0	0000	0004	+00.00	02	00	0905	08
90	0003	27	10	15	34	00903	06.8	+12.3	0000	047.9	000.0	0000	0009	+00.00	02	00	0905	08
90	0004	27	10	15	34	00912	06.8	+12.3	0000	047.9	000.0	0011	0014	+00.70	02	00	0905	08
90	0005	27	10	15	34	00913	06.8	+12.4	0000	047.9	000.0	0014	0019	+00.67	02	00	0905	08
90	0006	27	10	15	34	00918	06.9	+12.4	0000	047.9	000.0	0018	0024	+00.68	02	00	0905	08
90	0007	27	10	15	34	00923	06.8	+12.4	0000	047.9	000.0	0024	0028	+00.72	02	00	0905	08
90	0008	27	10	15	34	00930	06.8	+12.4	0000	047.8	000.0	0030	0033	+00.78	02	00	0905	08
90	0009	27	10	15	35	00933	06.8	+12.4	0000	047.8	000.0	0034	0038	+00.78	02	00	0905	08
90	0010	27	10	15	35	00940	06.8	+12.4	0000	047.7	000.0	0041	0043	+00.82	02	00	0905	08
90	0011	27	10	15	35	00943	06.8	+12.4	0000	047.7	000.0	0045	0048	+00.82	02	00	0905	08
90	0012	27	10	15	35	00953	06.8	+12.4	0000	047.7	000.0	0052	0052	+00.86	02	00	0905	08
90	0013	27	10	15	35	00954	06.8	+12.4	0000	047.6	000.0	0057	0057	+00.86	02	00	0905	08
90	0014	27	10	15	35	00965	06.7	+12.4	0000	047.6	000.0	0065	0062	+00.89	02	00	0905	08
91	0001	27	10	15	37	00475	06.7	+12.5	0000	046.4	000.0	0000	0000	+00.00	02	00	0905	08
91	0002	27	10	15	37	00475	06.8	+12.6	0000	046.6	000.0	0000	0004	+00.00	02	00	0905	08
91	0003	27	10	15	37	00474	06.7	+12.6	0000	046.5	000.0	0000	0009	+00.00	02	00	0905	08
91	0004	27	10	15	37	00478	06.6	+12.5	0000	046.4	000.0	0001	0014	+00.11	02	00	0905	08
91	0005	27	10	15	37	00480	06.7	+12.6	0000	046.3	000.0	0004	0019	+00.21	02	00	0905	08
91	0006	27	10	15	38	00482	06.7	+12.6	0000	046.2	000.0	0007	0024	+00.27	02	00	0905	08
91	0007	27	10	15	38	00486	06.7	+12.6	0000	046.2	000.0	0011	0028	+00.33	02	00	0905	08
91	0008	27	10	15	38	00489	06.6	+12.6	0000	046.1	000.0	0014	0033	+00.37	02	00	0905	08
91	0009	27	10	15	38	00488	06.7	+12.6	0000	046.1	000.0	0015	0038	+00.35	02	00	0905	08
91	0010	27	10	15	38	00496	06.7	+12.6	0000	046.1	000.0	0020	0043	+00.40	02	00	0905	08
91	0011	27	10	15	38	00500	06.6	+12.6	0000	046.1	000.0	0024	0048	+00.44	02	00	0905	08
91	0012	27	10	15	38	00498	06.7	+12.6	0000	046.0	000.0	0027	0052	+00.44	02	00	0905	08
91	0013	27	10	15	39	00503	06.6	+12.6	0000	046.0	000.0	0030	0057	+00.45	02	00	0905	08
91	0014	27	10	15	39	00502	06.7	+12.6	0000	046.0	000.0	0031	0062	+00.44	02	00	0905	08
92	0001	27	10	15	40	00513	06.6	+12.6	0000	045.9	000.0	0000	0000	+00.00	02	00	0905	08
92	0002	27	10	15	40	00517	06.7	+12.6	0000	045.9	000.0	0000	0004	+00.00	02	00	0905	08
92	0003	27	10	15	40	00517	06.7	+12.6	0000	045.9	000.0	0000	0009	+00.00	02	00	0905	08
92	0004	27	10	15	40	00517	06.6	+12.6	0000	045.8	000.0	0003	0014	+00.21	02	00	0905	08
92	0005	27	10	15	40	00518	06.6	+12.6	0000	045.7	000.0	0004	0019	+00.19	02	00	0905	08
92	0006	27	10	15	41	00522	06.6	+12.6	0000	045.7	000.0	0007	0024	+00.25	02	00	0905	08
92	0007	27	10	15	41	00525	06.5	+12.6	0000	045.6	000.0	0010	0028	+00.30	02	00	0905	08
92	0008	27	10	15	41	00523	06.5	+12.6	0000	045.5	000.0	0010	0033	+00.26	02	00	0905	08
92	0009	27	10	15	41	00526	06.5	+12.5	0000	045.4	000.0	0012	0038	+00.27	02	00	0905	08
92	0010	27	10	15	41	00533	06.5	+12.5	0000	045.4	000.0	0016	0043	+00.32	02	00	0905	08
92	0011	27	10	15	41	00534	06.5	+12.6	0000	045.3	000.0	0019	0048	+00.35	02	00	0905	08
92	0012	27	10	15	41	00536	06.5	+12.5	0000	045.3	000.0	0022	0052	+00.36	02	00	0905	08
92	0013	27	10	15	42	00537	06.5	+12.6	0000	045.2	000.0	0024	0057	+00.36	02	00	0905	08
92	0014	27	10	15	42	00538	06.5	+12.5	0000	045.2	000.0	0026	0062	+00.36	02	00	0905	08
93	0001	27	10	15	45	00554	06.7	+12.4	0000	046.4	000.0	0000	0000	+00.00	02	00	0905	08
93	0002	27	10	15	45	00558	06.7	+12.5	0000	046.4	000.0	0000	0004	+00.00	02	00	0905	08
93	0003	27	10	15	46	00560	06.7	+12.5	0000	046.4	000.0	0000	0009	+00.00	02	00	0904	08
93	0004	27	10	15	46	00563	06.7	+12.4	0000	046.4	000.0	0008	0014	+00.50	02	00	0905	08
93	0005	27	10	15	46	00564	06.7	+12.5	0000	046.4	000.0	0009	0019	+00.43	02	00	0904	08
93	0006	27	10	15	46	00568	06.7	+12.5	0000	046.4	000.0	0012	0024	+00.46	02	00	0905	08
93	0007	27	10	15	46	00571	06.7	+12.4	0000	046.5	000.0	0016	0028	+00.47	02	00	0904	08
93	0008	27	10	15	46	00572	06.8	+12.5	0000	046.5	000.0	0018	0033	+00.46	02	00	0905	08
93	0009	27	10	15	46	00582	06.7	+12.5	0000	046.5	000.0	0024	0038	+00.53	02	00	0905	08
93	0010	27	10	15	47	00585	06.7	+12.5	0000	046.6	000.0	0029	0043	+00.58	02	00	0904	08
93	0011	27	10	15	47	00581	06.7	+12.4	0000	046.6	000.0	0030	0048	+00.54	02	00	0905	08
93	0012	27	10	15	47	00590	06.7	+12.5	0000	046.6	000.0	0034	0052	+00.56	02	00	0904	08
93	0013	27	10	15	47	00589	06.8	+12.5	0000	046.6	000.0	0036	0057	+00.55	02	00	0904	08
93	0014	27	10	15	47	00594	06.8	+12.5	0000	046.6	000.0	0040	0062	+00.55	02	00	0904	08
94	0001	27	10	15	49	00633	06.7	+12.4	0000	046.9	000.0	0000	0000	+00.00	02	00	0904	08
94	0002	27	10	15	49	00645	06.8	+12.5	0000	046.9	000.0	0000	0004	+00.00	02	00	0905	08
94	0003	27	10	15	49	00647	06.8	+12.5	0000	046.9	000.0	0000	0009	+00.00	02	00	0905	08
94	0004	27	10	15	49	00646	06.8	+12.5	0000	046.9	000.0	0012	0014	+00.74	02	00	0905	08
94	0005	27	10	15	50	00643	06.7	+12.5	0000	046.8	000.0	0008	0019	+00.37	02	00	0905	08
94	0006	27	10	15	50	00647	06.8	+12.5	0000	046.8	000.0	0009	0024	+00.33	02	00	0905	08
94	0007	27	10	15	50	00645	06.8	+12.6	0000	046.9	000.0	0008	0028	+00.24	02	00	0904	08
94	0008	27	10	15	50	00649	06.8	+12.6	0000	046.9	000.0	0009	0033	+00.24	02	00	0904	08
94	0009	27	10	15	50	00651	06.8	+12.6	0000	046.9	000.0	0010	0038	+00.24	02	00	0905	08
94	0010	27	10	15	50	00651	06.8	+12.6	0000	046.9	000.0	0011	0043	+00.23	02	00	0905	08
94	0011	27	10	15	51	00655	06.8	+12.6	0000	046.9	000.0	0014	0048	+00.25	02	00	0905	08
94	0012	27	10	15	51	00655	06.8	+12.5	0000	046.9	000.0	0015	0052	+00.25	02	00	0905	08
94	0013	27	10	15	51	00651	06.8	+12.6	0000	046.9	000.0	0014	0057	+00.22	02	00	0905	08
94	0014	27	10	15	51	00652	06.8	+12.6	0000	046.9	000.0	0014	0062	+00.20	02	00	0905	08
95	0001	27	10	15	53	00651	06.8	+12.6	0000	046.9	000.0	0000	0000	+00.00	02	00	0905	08
95	0002	27	10	15	53	00655	06.8	+12.6	0000	046.9	000.0	0000	0004	+00.00	02	00	0904	08
95	0003	27	10	15	53	00657	06.8	+12.6	0000	046.9	000.0	0000	0009	+00.00	02	00	0905	08
95	0004	27	10	15	53	00657	06.8	+12.7	0000	046.9	000.0	0005	0014	+00.35	02	00	0905	08
95	0005	27	10	15	53	00657	06.8	+12.7	0000	046.9	000.0	0005	0019	+00.26	02	00	0905	08
95	0006	27	10	15	53	00659	06.8	+12.7	0000	046.9	000.0	0006	0024	+00.23	02	00	0904	08
95	0007	27	10	15	53	00654	06.9	+12.7	0000	046.9	000.0	0003	0028	+00.11	02	00	0905	08
95	0008	27	10	15	54	00661	06.8	+12.7	0000	046.9	000.0	0005	0033	+00.15	02	00	0904	08
95	0009	27	10	15	54	00661	06.8	+12.7	0000	046.9	000.0	0007	0038	+00.16	02	00	0905	08
95	0010	27	10	15	54	00667	06.9	+12.7	0000	046.9	000.0	0010	0043	+00.21	02	00	0905	08
95	0011	27	10	15	54	00664	06.8	+12.6	0000	046.9	000.0	0011	0048	+00.21	02	00	0904	08
95	0012	27	10	15	54	00667	06.9	+12.8	0000	046.9	000.0	0013	0052	+00.22	02	00	0905	08
95	0013	27	10	15	54	00667	06.9	+12.8	0000	046.9	000.0	0014	0057	+00.22	02	00	0905	08
95	0014	27	10	15	55	00669	06.9	+12.7	0000	046.9	000.0	0016	0062	+00.22	02	00	0905	08
96	0001	27	10	15	56	00677	06.8	+12.7	0000	046.9	000.0	0000	0000	+00.00	02	00	0905	08
96	0002	27	10	15	56	00680	06.9	+12.7	0000	046.9	000.0	0000	0004	+00.00	02	00	0905	08
96	0003	27	10	15	56	00676	06.9	+12.7	0000	046.9	000.0	0000	0009	+00.00	02	00	0905	08
96	0004	27	10	15	56	00679	06.9	+12.7	0000	046.9	000.0	0000	0014	-00.01	02	01	0905	08
96	0005	27	10	15	56	00679	06.9	+12.8	0000	046.9	000.0	0000	0019	+00.01	02	00	0905	08
96	0006	27	10	15	56	00682	06.8	+12.7	0000	046.9	000.0	0003	0024	+00.11	02	00	0905	08
96	0007	27	10	15	57	00682	06.8	+12.7	0000	046.9	000.0	0004	0028	+00.13	02	00	0905	08
96	0008	27	10	15	57	00682	06.8	+12.7	0000	046.9	000.0	0005	0033	+00.13	02	00	0905	08
96	0009	27	10	15	57	00688	06.9	+12.8	0000	046.9	000.0	0008	0038	+00.19	02	00	0905	08
96	0010	27	10	15	57	00691	06.9	+12.7	0000	046.9	000.0	0012	0043	+00.24	02	00	0905	08
96	0011	27	10	15	57	00692	06.9	+12.7	0000	046.9	000.0	0015	0048	+00.27	02	00	0904	08
96	0012	27	10	15	57	00693	06.8	+12.7	0000	046.9	000.0	0017	0052	+00.28	02	00	0905	08
96	0013	27	10	15	58	00696	06.9	+12.8	0000	046.9	000.0	0019	0057	+00.29	02	00	0905	08
96	0014	27	10	15	58	00698	06.9	+12.7	0000	046.9	000.0	0022	0062	+00.30	02	00	0905	08
97	0010	27	10	16	02	00456	07.0	+12.9	0000	046.9	000.0	0000	0000	+00.00	02	00	0905	08
97	0011	27	10	16	02	00459	07.0	+12.9	0000	046.7	000.0	0000	0004	+00.00	02	00	0905	08
97	0012	27	10	16	02	00465	06.9	+12.9	0000	046.6	000.0	0000	0009	+00.00	02	00	0904	08
97	0013	27	10	16	02	00465	06.9	+12.9	0000	046.5	000.0	0009	0014	+00.55	02	00	0904	08
97	0014	27	10	16	02	00472	06.9	+13.0	0000	046.5	000.0	0014	0019	+00.66	02	00	0905	08
97	0015	27	10	16	02	00474	06.9	+13.0	0000	046.5	000.0	0017	0024	+00.64	02	00	0904	08
97	0016	27	10	16	02	00470	06.9	+13.0	0000	046.5	000.0	0016	0028	+00.49	02	00	0905	08
97	0017	27	10	16	03	00477	06.9	+13.0	0000	046.5	000.0	0019	0033	+00.50	02	00	0905	08
97	0018	27	10	16	03	00481	06.9	+13.0	0000	046.5	000.0	0022	0038	+00.51	02	00	0905	08
97	0019	27	10	16	03	00484	06.9	+12.9	0000	046.4	000.0	0026	0043	+00.52	02	00	0904	08
97	0020	27	10	16	03	00491	06.9	+13.0	0000	046.4	000.0	0031	0048	+00.56	02	00	0904	08
97	0021	27	10	16	03	00494	06.9	+13.0	0000	046.4	000.0	0035	0052	+00.58	02	00	0905	08
97	0022	27	10	16	03	00496	06.9	+13.0	0000	046.4	000.0	0039	0057	+00.59	02	00	0905	08
97	0023	27	10	16	03	00495	06.8	+13.0	0000	046.4	000.0	0041	0062	+00.57	02	00	0905	08
98	0008	27	10	16	08	00479	06.7	+13.1	0000	044.4	000.0	0000	0000	+00.00	02	00	0904	08
98	0009	27	10	16	08	00478	06.7	+13.1	0000	044.5	000.0	0000	0004	+00.00	02	00	0905	08
98	0010	27	10	16	09	00477	06.7	+13.1	0000	044.6	000.0	0000	0009	+00.00	02	00	0905	08
98	0011	27	10	16	09	00476	06.7	+13.1	0000	044.6	000.0	0002	0014	-00.12	02	01	0905	08
98	0012	27	10	16	09	00479	06.7	+13.1	0000	044.6	000.0	0000	0019	+00.00	02	00	0905	08
98	0013	27	10	16	09	00482	06.7	+13.1	0000	044.6	000.0	0002	0024	+00.10	02	00	0904	08
98	0014	27	10	16	09	00485	06.7	+13.1	0000	044.6	000.0	0006	0028	+00.18	02	00	0904	08
98	0015	27	10	16	09	00486	06.7	+13.1	0000	044.6	000.0	0008	0033	+00.22	02	00	0904	08
98	0016	27	10	16	09	00487	06.7	+13.1	0000	044.6	000.0	0010	0038	+00.23	02	00	0904	08
98	0017	27	10	16	10	00493	06.7	+13.1	0000	044.7	000.0	0014	0043	+00.28	02	00	0905	08
98	0018	27	10	16	10	00490	06.7	+13.1	0000	044.7	000.0	0015	0048	+00.27	02	00	0905	08
98	0019	27	10	16	10	00493	06.7	+13.1	0000	044.7	000.0	0017	0052	+00.28	02	00	0905	08
98	0020	27	10	16	10	00495	06.7	+13.1	0000	044.7	000.0	0019	0057	+00.28	02	00	0904	08
98	0021	27	10	16	10	00498	06.7	+13.1	0000	044.7	000.0	0021	0062	+00.30	02	00	0905	08
99	0001	27	10	16	14	00521	06.6	+13.0	0000	044.4	000.0	0000	0000	+00.00	02	00	0904	08
99	0002	27	10	16	14	00523	06.6	+13.0	0000	044.1	000.0	0000	0004	+00.00	02	00	0904	08
99	0003	27	10	16	14	00531	06.5	+12.9	0000	044.0	000.0	0000	0009	+00.00	02	00	0904	08
99	0004	27	10	16	14	00538	06.6	+12.9	0000	044.1	000.0	0017	0014	+01.07	02	00	0904	08
99	0005	27	10	16	15	00540	06.5	+12.8	0000	044.0	000.0	0021	0019	+00.97	02	00	0904	08
99	0006	27	10	16	15	00550	06.5	+12.9	0000	044.0	000.0	0029	0024	+01.06	02	00	0904	08
99	0007	27	10	16	15	00555	06.5	+12.9	0000	044.0	000.0	0035	0028	+01.07	02	00	0904	08
99	0008	27	10	16	15	00556	06.5	+12.9	0000	044.0	000.0	0038	0033	+00.99	02	00	0904	08
99	0009	27	10	16	15	00561	06.5	+12.8	0000	044.0	000.0	0042	0038	+00.95	02	00	0905	08
99	0010	27	10	16	15	00569	06.5	+12.8	0000	044.0	000.0	0048	0043	+00.96	02	00	0904	08
99	0011	27	10	16	16	00572	06.5	+12.8	0000	043.9	000.0	0052	0048	+00.94	02	00	0905	08
99	0012	27	10	16	16	00578	06.4	+12.8	0000	043.9	000.0	0057	0052	+00.93	02	00	0904	08
;Received 1000 record(s)