;EGM-4 Data
;SoftwareVersion=1.03
;Plot	RecNo	Day	Month	Hour	Min	CO2 Ref	mb Ref	mbR Temp	Input A	Input B	Input C	Input D	Input E	Input F	Input G	Input H	ATMP	Probe Type
49	0005	09	12	13	55	00457	07.2	+07.0	0000	072.1	000.0	0020	0019	+00.91	02	00	0886	08
49	0006	09	12	13	55	00452	07.2	+06.9	0000	072.1	000.0	0016	0024	+00.57	02	00	0886	08
49	0007	09	12	13	55	00451	07.1	+06.8	0000	072.1	000.0	0012	0028	+00.36	02	00	0886	08
49	0008	09	12	13	55	00450	07.1	+06.8	0000	072.1	000.0	0009	0033	+00.23	02	00	0886	08
49	0009	09	12	13	55	00455	07.2	+07.0	0000	072.1	000.0	0010	0038	+00.22	02	00	0886	08
49	0010	09	12	13	55	00458	07.2	+06.9	0000	072.1	000.0	0011	0043	+00.22	02	00	0887	08
49	0011	09	12	13	56	00460	07.1	+06.8	0000	072.1	000.0	0013	0048	+00.23	02	00	0886	08
49	0012	09	12	13	56	00460	07.1	+06.8	0000	072.1	000.0	0014	0052	+00.22	02	00	0887	08
49	0013	09	12	13	56	00460	07.1	+06.8	0000	072.1	000.0	0015	0057	+00.22	02	00	0887	08
49	0014	09	12	13	56	00459	07.0	+06.7	0000	072.1	000.0	0015	0062	+00.20	02	00	0887	08
50	0001	09	12	13	57	00453	07.1	+06.8	0000	071.6	000.0	0000	0000	+00.00	02	00	0886	08
50	0002	09	12	13	57	00448	07.0	+06.7	0000	071.4	000.0	0000	0004	+00.00	02	00	0887	08
50	0003	09	12	13	58	00450	07.0	+06.7	0000	071.5	000.0	0000	0009	+00.00	02	00	0886	08
50	0004	09	12	13	58	00448	07.1	+06.8	0000	071.5	000.0	0004	0014	-00.23	02	01	0886	08
50	0005	09	12	13	58	00444	07.0	+06.7	0000	071.6	000.0	0007	0019	-00.31	02	01	0886	08
50	0006	09	12	13	58	00441	07.1	+06.8	0000	071.6	000.0	0010	0024	-00.37	02	01	0886	08
50	0007	09	12	13	58	00440	07.0	+06.8	0000	071.6	000.0	0012	0028	-00.36	02	01	0886	08
50	0008	09	12	13	58	00444	07.0	+06.6	0000	071.6	000.0	0011	0033	-00.29	02	01	0887	08
50	0009	09	12	13	58	00449	07.0	+06.6	0000	071.7	000.0	0011	0033	-00.29	02	01	0886	08
51	0001	09	12	14	01	00438	07.0	+06.6	0000	072.4	000.0	0000	0000	+00.00	02	00	0887	08
51	0002	09	12	14	02	00436	07.0	+06.7	0000	072.1	000.0	0000	0004	+00.00	02	00	0886	08
51	0003	09	12	14	02	00438	07.0	+06.6	0000	072.1	000.0	0000	0009	+00.00	02	00	0886	08
51	0004	09	12	14	02	00439	07.0	+06.7	0000	072.1	000.0	0001	0014	+00.08	02	00	0886	08
51	0005	09	12	14	02	00443	07.0	+06.6	0000	072.1	000.0	0005	0019	+00.22	02	00	0886	08
51	0006	09	12	14	02	00441	07.0	+06.7	0000	072.0	000.0	0005	0024	+00.17	02	00	0886	08
51	0007	09	12	14	02	00442	07.0	+06.6	0000	072.0	000.0	0005	0028	+00.15	02	00	0886	08
51	0008	09	12	14	02	00445	07.0	+06.7	0000	072.0	000.0	0007	0033	+00.18	02	00	0886	08
51	0009	09	12	14	03	00445	07.0	+06.6	0000	072.0	000.0	0008	0038	+00.19	02	00	0886	08
51	0010	09	12	14	03	00441	07.0	+06.6	0000	072.0	000.0	0007	0043	+00.14	02	00	0886	08
51	0011	09	12	14	03	00445	06.9	+06.6	0000	072.0	000.0	0007	0048	+00.13	02	00	0886	08
51	0012	09	12	14	03	00449	07.0	+06.8	0000	072.0	000.0	0009	0052	+00.15	02	00	0886	08
51	0013	09	12	14	03	00455	07.0	+06.7	0000	071.9	000.0	0013	0057	+00.20	02	00	0886	08
51	0014	09	12	14	03	00455	07.0	+06.7	0000	071.9	000.0	0016	0062	+00.22	02	00	0887	08
52	0001	09	12	14	05	00419	07.0	+06.5	0000	072.8	000.0	0000	0000	+00.00	02	00	0887	08
52	0002	09	12	14	05	00411	07.0	+06.4	0000	072.8	000.0	0000	0004	+00.00	02	00	0887	08
52	0003	09	12	14	05	00409	07.1	+06.6	0000	072.8	000.0	0000	0009	+00.00	02	00	0887	08
52	0004	09	12	14	06	00409	07.0	+06.5	0000	072.9	000.0	0009	0014	-00.55	02	01	0887	08
52	0005	09	12	14	06	00410	07.1	+06.7	0000	072.9	000.0	0008	0019	-00.36	02	01	0887	08
52	0006	09	12	14	06	00411	07.0	+06.5	0000	072.9	000.0	0006	0024	-00.23	02	01	0887	08
52	0007	09	12	14	06	00415	07.0	+06.5	0000	072.8	000.0	0002	0028	-00.07	02	01	0887	08
52	0008	09	12	14	06	00422	07.0	+06.4	0000	072.8	000.0	0003	0033	+00.09	02	00	0887	08
52	0009	09	12	14	06	00426	07.1	+06.7	0000	072.8	000.0	0010	0038	+00.22	02	00	0887	08
52	0010	09	12	14	07	00427	07.1	+06.6	0000	072.8	000.0	0014	0043	+00.27	02	00	0887	08
52	0011	09	12	14	07	00427	07.0	+06.5	0000	072.8	000.0	0016	0048	+00.29	02	00	0887	08
52	0012	09	12	14	07	00427	07.1	+06.6	0000	072.8	000.0	0018	0052	+00.29	02	00	0887	08
52	0013	09	12	14	07	00428	07.0	+06.4	0000	072.8	000.0	0019	0057	+00.29	02	00	0887	08
52	0014	09	12	14	07	00430	07.1	+06.7	0000	072.8	000.0	0021	0062	+00.29	02	00	0887	08
53	0001	09	12	14	08	00452	07.0	+06.5	0000	072.8	000.0	0000	0000	+00.00	02	00	0887	08
53	0002	09	12	14	08	00453	07.0	+06.5	0000	072.8	000.0	0000	0004	+00.00	02	00	0887	08
53	0003	09	12	14	09	00454	07.0	+06.5	0000	072.8	000.0	0000	0009	+00.00	02	00	0887	08
53	0004	09	12	14	09	00452	07.0	+06.5	0000	072.8	000.0	0000	0014	+00.04	02	00	0887	08
53	0005	09	12	14	09	00454	07.0	+06.5	0000	072.8	000.0	0001	0019	+00.06	02	00	0887	08
53	0006	09	12	14	09	00458	07.0	+06.5	0000	072.8	000.0	0005	0024	+00.17	02	00	0887	08
53	0007	09	12	14	09	00462	07.1	+06.6	0000	072.8	000.0	0009	0028	+00.27	02	00	0887	08
53	0008	09	12	14	09	00462	07.1	+06.6	0000	072.8	000.0	0011	0033	+00.28	02	00	0887	08
53	0009	09	12	14	09	00464	07.1	+06.7	0000	072.8	000.0	0013	0038	+00.28	02	00	0887	08
53	0010	09	12	14	10	00464	07.0	+06.5	0000	072.8	000.0	0014	0043	+00.27	02	00	0887	08
53	0011	09	12	14	10	00466	07.0	+06.5	0000	072.8	000.0	0015	0048	+00.27	02	00	0887	08
53	0012	09	12	14	10	00465	07.1	+06.6	0000	072.8	000.0	0016	0052	+00.25	02	00	0887	08
53	0013	09	12	14	10	00466	07.1	+06.6	0000	072.8	000.0	0016	0057	+00.24	02	00	0887	08
53	0014	09	12	14	10	00468	07.0	+06.6	0000	072.8	000.0	0017	0062	+00.23	02	00	0887	08
54	0001	09	12	14	11	00456	07.0	+06.6	0000	072.8	000.0	0000	0000	+00.00	02	00	0887	08
54	0002	09	12	14	11	00459	07.0	+06.5	0000	072.8	000.0	0000	0004	+00.00	02	00	0887	08
54	0003	09	12	14	11	00456	07.0	+06.5	0000	072.9	000.0	0000	0009	+00.00	02	00	0887	08
54	0004	09	12	14	12	00460	07.0	+06.5	0000	072.9	000.0	0002	0014	+00.16	02	00	0887	08
54	0005	09	12	14	12	00465	07.1	+06.6	0000	072.9	000.0	0007	0019	+00.33	02	00	0887	08
54	0006	09	12	14	12	00475	07.1	+06.5	0000	072.9	000.0	0016	0024	+00.58	02	00	0887	08
54	0007	09	12	14	12	00482	07.0	+06.4	0000	073.0	000.0	0025	0028	+00.73	02	00	0887	08
54	0008	09	12	14	12	00485	07.1	+06.7	0000	073.0	000.0	0031	0033	+00.79	02	00	0887	08
54	0009	09	12	14	12	00487	07.1	+06.5	0000	073.0	000.0	0035	0038	+00.77	02	00	0887	08
54	0010	09	12	14	13	00485	07.1	+06.4	0000	073.1	000.0	0036	0043	+00.71	02	00	0887	08
54	0011	09	12	14	13	00487	07.1	+06.6	0000	073.1	000.0	0037	0048	+00.66	02	00	0887	08
54	0012	09	12	14	13	00486	07.1	+06.6	0000	073.2	000.0	0037	0052	+00.60	02	00	0887	08
54	0013	09	12	14	13	00485	07.1	+06.4	0000	073.2	000.0	0036	0057	+00.53	02	00	0887	08
54	0014	09	12	14	13	00488	07.1	+06.5	0000	073.2	000.0	0036	0062	+00.50	02	00	0887	08
55	0001	09	12	14	15	00426	07.1	+06.5	0000	073.2	000.0	0000	0000	+00.00	02	00	0887	08
55	0002	09	12	14	15	00427	07.1	+06.6	0000	073.3	000.0	0000	0004	+00.00	02	00	0887	08
55	0003	09	12	14	15	00424	07.0	+06.4	0000	073.3	000.0	0000	0009	+00.00	02	00	0887	08
55	0004	09	12	14	15	00427	07.0	+06.4	0000	073.3	000.0	0000	0014	+00.00	02	00	0887	08
55	0005	09	12	14	15	00440	07.0	+06.4	0000	073.3	000.0	0011	0019	+00.49	02	00	0887	08
55	0006	09	12	14	16	00438	07.1	+06.6	0000	073.3	000.0	0014	0024	+00.49	02	00	0887	08
55	0007	09	12	14	16	00429	07.0	+06.4	0000	073.3	000.0	0009	0028	+00.28	02	00	0887	08
55	0008	09	12	14	16	00420	07.1	+06.5	0000	073.3	000.0	0001	0033	+00.04	02	00	0887	08
55	0009	09	12	14	16	00415	07.1	+06.6	0000	073.3	000.0	0006	0038	-00.13	02	01	0887	08
55	0010	09	12	14	16	00408	07.1	+06.5	0000	073.3	000.0	0014	0043	-00.28	02	01	0887	08
55	0011	09	12	14	16	00402	07.1	+06.6	0000	073.3	000.0	0022	0048	-00.40	02	01	0887	08
55	0012	09	12	14	16	00400	07.1	+06.4	0000	073.3	000.0	0029	0052	-00.46	02	01	0887	08
55	0013	09	12	14	17	00401	07.1	+06.4	0000	073.4	000.0	0033	0057	-00.48	02	01	0887	08
55	0014	09	12	14	17	00403	07.1	+06.4	0000	073.4	000.0	0035	0062	-00.47	02	01	0887	08
56	0001	09	12	14	18	00398	07.1	+06.6	0000	073.2	000.0	0000	0000	+00.00	02	00	0887	08
56	0002	09	12	14	18	00405	07.1	+06.6	0000	073.4	000.0	0000	0004	+00.00	02	00	0887	08
56	0003	09	12	14	18	00412	07.1	+06.6	0000	073.5	000.0	0000	0009	+00.00	02	00	0887	08
56	0004	09	12	14	18	00414	07.0	+06.4	0000	073.4	000.0	0016	0014	+00.97	02	00	0887	08
56	0005	09	12	14	18	00415	07.0	+06.4	0000	073.3	000.0	0017	0019	+00.75	02	00	0887	08
56	0006	09	12	14	18	00418	07.0	+06.4	0000	073.3	000.0	0018	0024	+00.66	02	00	0887	08
56	0007	09	12	14	18	00418	07.0	+06.4	0000	073.3	000.0	0018	0028	+00.55	02	00	0887	08
56	0008	09	12	14	19	00415	07.0	+06.4	0000	073.3	000.0	0016	0033	+00.42	02	00	0887	08
56	0009	09	12	14	19	00410	07.0	+06.5	0000	073.3	000.0	0012	0038	+00.26	02	00	0887	08
56	0010	09	12	14	19	00410	07.0	+06.4	0000	073.3	000.0	0008	0043	+00.17	02	00	0887	08
56	0011	09	12	14	19	00411	07.0	+06.4	0000	073.3	000.0	0007	0048	+00.12	02	00	0887	08
56	0012	09	12	14	19	00408	07.0	+06.4	0000	073.3	000.0	0004	0052	+00.07	02	00	0887	08
56	0013	09	12	14	19	00404	07.0	+06.4	0000	073.3	000.0	0001	0057	+00.01	02	00	0887	08
56	0014	09	12	14	20	00403	07.1	+06.5	0000	073.3	000.0	0001	0062	-00.02	02	01	0887	08
57	0001	09	12	14	20	00408	07.1	+06.3	0000	074.4	000.0	0000	0000	+00.00	02	00	0887	08
57	0002	09	12	14	21	00390	07.1	+06.4	0000	074.4	000.0	0000	0004	+00.00	02	00	0887	08
57	0003	09	12	14	21	00379	07.1	+06.3	0000	074.4	000.0	0000	0009	+00.00	02	00	0887	08
57	0004	09	12	14	21	00375	07.1	+06.4	0000	074.4	000.0	0033	0014	-01.97	02	01	0887	08
57	0005	09	12	14	21	00380	07.1	+06.4	0000	074.4	000.0	0033	0014	-01.97	02	01	0887	08
58	0005	09	12	14	25	00402	07.3	+06.7	0000	074.5	000.0	0000	0000	+00.00	02	00	0887	08
58	0006	09	12	14	25	00402	07.3	+06.7	0000	074.6	000.0	0000	0004	+00.00	02	00	0887	08
58	0007	09	12	14	25	00400	07.3	+06.6	0000	074.6	000.0	0000	0009	+00.00	02	00	0887	08
58	0008	09	12	14	25	00403	07.2	+06.6	0000	074.5	000.0	0000	0014	-00.00	02	01	0887	08
58	0009	09	12	14	25	00406	07.2	+06.5	0000	074.6	000.0	0003	0019	+00.15	02	00	0887	08
58	0010	09	12	14	25	00412	07.2	+06.6	0000	074.6	000.0	0008	0024	+00.31	02	00	0887	08
58	0011	09	12	14	25	00414	07.2	+06.6	0000	074.5	000.0	0013	0028	+00.38	02	00	0887	08
58	0012	09	12	14	26	00415	07.2	+06.6	0000	074.5	000.0	0015	0033	+00.39	02	00	0887	08
58	0013	09	12	14	26	00415	07.2	+06.6	0000	074.5	000.0	0016	0038	+00.36	02	00	0887	08
58	0014	09	12	14	26	00412	07.3	+06.7	0000	074.5	000.0	0015	0043	+00.30	02	00	0887	08
58	0015	09	12	14	26	00411	07.3	+06.7	0000	074.5	000.0	0014	0048	+00.25	02	00	0887	08
58	0016	09	12	14	26	00409	07.2	+06.6	0000	074.5	000.0	0012	0052	+00.20	02	00	0888	08
58	0017	09	12	14	26	00407	07.2	+06.6	0000	074.5	000.0	0010	0057	+00.14	02	00	0887	08
58	0018	09	12	14	26	00409	07.2	+06.6	0000	074.5	000.0	0009	0062	+00.12	02	00	0887	08
59	0007	09	12	14	29	00415	07.2	+06.7	0000	073.7	000.0	0000	0000	+00.00	02	00	0888	08
59	0008	09	12	14	29	00414	07.3	+07.0	0000	073.7	000.0	0000	0004	+00.00	02	00	0887	08
59	0009	09	12	14	30	00419	07.2	+06.8	0000	073.7	000.0	0000	0009	+00.00	02	00	0887	08
59	0010	09	12	14	30	00000	00.0	+00.0	0000	0000	0000	0000	0000	0000	00	00	0000	00
59	0011	09	12	14	30	00420	07.3	+06.8	0000	073.7	000.0	0006	0019	+00.30	02	00	0887	08
59	0012	09	12	14	30	00419	07.3	+06.9	0000	073.7	000.0	0005	0024	+00.21	02	00	0888	08
59	0013	09	12	14	30	00418	07.3	+06.9	0000	073.7	000.0	0004	0028	+00.13	02	00	0887	08
59	0014	09	12	14	30	00415	07.3	+06.9	0000	073.7	000.0	0001	0033	+00.04	02	00	0888	08
59	0015	09	12	14	30	00415	07.2	+06.7	0000	073.7	000.0	0000	0038	-00.00	02	01	0887	08
59	0016	09	12	14	31	00414	07.3	+06.8	0000	073.7	000.0	0001	0043	-00.03	02	01	0887	08
59	0017	09	12	14	31	00413	07.3	+06.8	0000	073.7	000.0	0003	0048	-00.05	02	01	0887	08
59	0018	09	12	14	31	00415	07.2	+06.8	0000	073.7	000.0	0003	0052	-00.05	02	01	0887	08
59	0019	09	12	14	31	00412	07.4	+06.9	0000	073.7	000.0	0004	0057	-00.06	02	01	0887	08
59	0020	09	12	14	31	00413	07.3	+06.9	0000	073.7	000.0	0005	0062	-00.07	02	01	0888	08
60	0001	09	12	14	32	00418	07.3	+06.8	0000	073.7	000.0	0000	0000	+00.00	02	00	0887	08
60	0002	09	12	14	32	00414	07.2	+06.7	0000	073.7	000.0	0000	0004	+00.00	02	00	0887	08
60	0003	09	12	14	32	00412	07.2	+06.8	0000	073.7	000.0	0000	0009	+00.00	02	00	0887	08
60	0004	09	12	14	33	00413	07.3	+07.0	0000	073.7	000.0	0004	0014	-00.29	02	01	0888	08
60	0005	09	12	14	33	00414	07.3	+07.0	0000	073.7	000.0	0003	0019	-00.17	02	01	0887	08
60	0006	09	12	14	33	00415	07.3	+06.8	0000	073.7	000.0	0002	0024	-00.07	02	01	0888	08
60	0007	09	12	14	33	00414	07.3	+06.9	0000	073.7	000.0	0002	0028	-00.05	02	01	0887	08
60	0008	09	12	14	33	00414	07.3	+06.9	0000	073.7	000.0	0001	0033	-00.04	02	01	0887	08
60	0009	09	12	14	33	00412	07.2	+06.8	0000	073.7	000.0	0002	0038	-00.06	02	01	0887	08
60	0010	09	12	14	33	00416	07.3	+06.8	0000	073.7	000.0	0001	0043	-00.02	02	01	0887	08
60	0011	09	12	14	34	00416	07.3	+06.8	0000	073.7	000.0	0000	0048	+00.00	02	00	0888	08
60	0012	09	12	14	34	00417	07.3	+06.8	0000	073.7	000.0	0001	0052	+00.01	02	00	0887	08
60	0013	09	12	14	34	00417	07.3	+06.8	0000	073.7	000.0	0002	0057	+00.03	02	00	0887	08
60	0014	09	12	14	34	00417	07.3	+06.8	0000	073.7	000.0	0002	0062	+00.03	02	00	0887	08
61	0001	09	12	14	35	00400	07.3	+06.9	0000	073.7	000.0	0000	0000	+00.00	02	00	0887	08
61	0002	09	12	14	35	00401	07.3	+06.9	0000	073.7	000.0	0000	0004	+00.00	02	00	0887	08
61	0003	09	12	14	36	00409	07.4	+07.0	0000	073.7	000.0	0000	0009	+00.00	02	00	0887	08
61	0004	09	12	14	36	00412	07.3	+06.9	0000	073.7	000.0	0012	0014	+00.73	02	00	0887	08
61	0005	09	12	14	36	00412	07.3	+07.0	0000	073.7	000.0	0013	0019	+00.59	02	00	0887	08
61	0006	09	12	14	36	00409	07.3	+07.0	0000	073.6	000.0	0011	0024	+00.40	02	00	0887	08
61	0007	09	12	14	36	00411	07.3	+07.0	0000	073.6	000.0	0010	0028	+00.31	02	00	0887	08
61	0008	09	12	14	36	00406	07.3	+07.0	0000	073.6	000.0	0007	0033	+00.18	02	00	0887	08
61	0009	09	12	14	36	00405	07.3	+06.9	0000	073.5	000.0	0004	0038	+00.09	02	00	0887	08
61	0010	09	12	14	37	00408	07.3	+07.0	0000	073.5	000.0	0003	0043	+00.07	02	00	0887	08
61	0011	09	12	14	37	00413	07.4	+07.1	0000	073.5	000.0	0005	0048	+00.10	02	00	0887	08
61	0012	09	12	14	37	00419	07.4	+07.1	0000	073.5	000.0	0009	0052	+00.15	02	00	0887	08
61	0013	09	12	14	37	00421	07.3	+07.0	0000	073.5	000.0	0013	0057	+00.19	02	00	0887	08
61	0014	09	12	14	37	00421	07.3	+07.0	0000	073.4	000.0	0015	0062	+00.21	02	00	0887	08
62	0001	09	12	14	38	00411	07.4	+07.2	0000	072.9	000.0	0000	0000	+00.00	02	00	0887	08
62	0002	09	12	14	38	00411	07.3	+07.1	0000	072.9	000.0	0000	0004	+00.00	02	00	0887	08
62	0003	09	12	14	39	00410	07.4	+07.2	0000	072.9	000.0	0000	0009	+00.00	02	00	0887	08
62	0004	09	12	14	39	00411	07.3	+07.0	0000	072.9	000.0	0000	0014	-00.04	02	01	0887	08
62	0005	09	12	14	39	00418	07.2	+06.9	0000	072.9	000.0	0005	0019	+00.24	02	00	0887	08
62	0006	09	12	14	39	00422	07.3	+07.1	0000	072.9	000.0	0010	0024	+00.37	02	00	0887	08
62	0007	09	12	14	39	00422	07.3	+07.1	0000	072.9	000.0	0013	0028	+00.39	02	00	0887	08
62	0008	09	12	14	39	00421	07.3	+07.0	0000	072.9	000.0	0014	0033	+00.35	02	00	0887	08
62	0009	09	12	14	39	00421	07.3	+07.0	0000	072.9	000.0	0013	0038	+00.30	02	00	0887	08
62	0010	09	12	14	40	00421	07.4	+07.1	0000	072.9	000.0	0013	0043	+00.26	02	00	0887	08
62	0011	09	12	14	40	00416	07.4	+07.1	0000	073.0	000.0	0011	0048	+00.19	02	00	0888	08
62	0012	09	12	14	40	00416	07.4	+07.1	0000	073.0	000.0	0008	0052	+00.14	02	00	0887	08
62	0013	09	12	14	40	00415	07.4	+07.1	0000	073.0	000.0	0007	0057	+00.10	02	00	0887	08
62	0014	09	12	14	40	00412	07.4	+07.1	0000	073.0	000.0	0004	0062	+00.05	02	00	0887	08
63	0001	09	12	14	41	00419	07.4	+07.2	0000	073.4	000.0	0000	0000	+00.00	02	00	0887	08
63	0002	09	12	14	41	00416	07.4	+07.0	0000	073.6	000.0	0000	0004	+00.00	02	00	0887	08
63	0003	09	12	14	41	00415	07.4	+07.1	0000	073.6	000.0	0000	0009	+00.00	02	00	0887	08
63	0004	09	12	14	42	00412	07.4	+07.1	0000	073.7	000.0	0006	0014	-00.35	02	01	0887	08
63	0005	09	12	14	42	00411	07.5	+07.3	0000	073.7	000.0	0007	0019	-00.33	02	01	0887	08
63	0006	09	12	14	42	00413	07.4	+07.2	0000	073.7	000.0	0006	0024	-00.23	02	01	0888	08
63	0007	09	12	14	42	00411	07.4	+07.1	0000	073.8	000.0	0007	0028	-00.22	02	01	0887	08
63	0008	09	12	14	42	00414	07.6	+07.3	0000	073.8	000.0	0005	0033	-00.14	02	01	0887	08
63	0009	09	12	14	42	00417	07.5	+07.2	0000	073.9	000.0	0003	0038	-00.06	02	01	0887	08
63	0010	09	12	14	43	00416	07.6	+07.3	0000	073.9	000.0	0001	0043	-00.03	02	01	0887	08
63	0011	09	12	14	43	00410	07.5	+07.2	0000	073.9	000.0	0003	0048	-00.06	02	01	0888	08
63	0012	09	12	14	43	00404	07.5	+07.2	0000	073.9	000.0	0007	0052	-00.11	02	01	0887	08
63	0013	09	12	14	43	00404	07.5	+07.2	0000	074.0	000.0	0009	0057	-00.14	02	01	0887	08
63	0014	09	12	14	43	00413	07.6	+07.4	0000	074.0	000.0	0008	0062	-00.11	02	01	0887	08
01	0001	10	12	10	44	01425	09.1	+11.0	0000	069.5	000.0	0000	0000	+00.00	00	00	0879	08
01	0002	10	12	10	44	01441	09.0	+11.0	0000	069.3	000.0	0000	0004	+00.00	00	00	0879	08
01	0003	10	12	10	45	01458	09.1	+11.0	0000	069.3	000.0	0000	0009	+00.00	00	00	0879	08
01	0004	10	12	10	45	01475	09.1	+11.0	0000	069.3	000.0	0050	0014	+02.91	02	00	0879	08
01	0005	10	12	10	45	01491	09.1	+11.0	0000	069.2	000.0	0066	0019	+02.88	02	00	0879	08
01	0006	10	12	10	45	01508	09.0	+11.0	0000	069.2	000.0	0082	0024	+02.88	02	00	0879	08
01	0007	10	12	10	45	01525	09.0	+11.0	0000	069.1	000.0	0099	0028	+02.90	02	00	0879	08
01	0008	10	12	10	45	01541	09.0	+11.0	0000	069.1	000.0	0116	0033	+02.89	02	00	0879	08
01	0009	10	12	10	45	01556	09.0	+11.0	0000	069.1	000.0	0131	0038	+02.87	02	00	0879	08
01	0010	10	12	10	45	01575	09.0	+11.0	0000	069.0	000.0	0148	0043	+02.88	02	00	0879	08
01	0011	10	12	10	45	01588	09.0	+11.0	0000	069.0	000.0	0164	0048	+02.87	02	00	0879	08
01	0012	10	12	10	45	01606	09.0	+11.0	0000	069.0	000.0	0180	0052	+02.86	02	00	0879	08
01	0013	10	12	10	45	01623	09.0	+11.0	0000	068.9	000.0	0197	0057	+02.86	02	00	0879	08
01	0014	10	12	10	45	01639	09.0	+11.0	0000	068.9	000.0	0213	0062	+02.86	02	00	0879	08
02	0001	10	12	10	49	00539	08.6	+10.9	0000	066.4	000.0	0000	0000	+00.00	02	00	0879	08
02	0002	10	12	10	49	00547	08.8	+11.0	0000	066.8	000.0	0000	0004	+00.00	02	00	0879	08
02	0003	10	12	10	49	00554	08.7	+11.0	0000	066.8	000.0	0000	0009	+00.00	02	00	0879	08
02	0004	10	12	10	50	00562	08.6	+10.9	0000	066.7	000.0	0022	0014	+01.29	02	00	0879	08
02	0005	10	12	10	50	00570	08.7	+11.0	0000	066.7	000.0	0030	0019	+01.32	02	00	0879	08
02	0006	10	12	10	50	00577	08.6	+10.9	0000	066.6	000.0	0038	0024	+01.33	02	00	0879	08
02	0007	10	12	10	50	00585	08.6	+10.9	0000	066.6	000.0	0045	0028	+01.33	02	00	0879	08
02	0008	10	12	10	50	00594	08.7	+11.0	0000	066.6	000.0	0054	0033	+01.34	02	00	0879	08
02	0009	10	12	10	50	00601	08.6	+10.9	0000	066.5	000.0	0062	0038	+01.35	02	00	0879	08
02	0010	10	12	10	50	00608	08.6	+10.9	0000	066.5	000.0	0069	0043	+01.35	02	00	0879	08
02	0011	10	12	10	50	00617	08.6	+10.9	0000	066.5	000.0	0077	0048	+01.35	02	00	0879	08
02	0012	10	12	10	50	00625	08.6	+10.9	0000	066.5	000.0	0085	0052	+01.36	02	00	0879	08
02	0013	10	12	10	50	00634	08.6	+10.9	0000	066.5	000.0	0094	0057	+01.37	02	00	0879	08
02	0014	10	12	10	50	00641	08.6	+10.9	0000	066.5	000.0	0102	0062	+01.37	02	00	0879	08
03	0001	10	12	10	55	01005	08.5	+10.7	0000	066.4	000.0	0000	0000	+00.00	02	00	0879	08
03	0002	10	12	10	55	01012	08.5	+10.7	0000	066.4	000.0	0000	0004	+00.00	02	00	0879	08
03	0003	10	12	10	55	01020	08.5	+10.7	0000	066.4	000.0	0000	0009	+00.00	02	00	0879	08
03	0004	10	12	10	55	01028	08.6	+10.7	0000	066.4	000.0	0022	0014	+01.34	02	00	0879	08
03	0005	10	12	10	55	01034	08.6	+10.8	0000	066.5	000.0	0029	0019	+01.30	02	00	0879	08
03	0006	10	12	10	55	01042	08.6	+10.8	0000	066.6	000.0	0037	0024	+01.30	02	00	0879	08
03	0007	10	12	10	55	01051	08.6	+10.8	0000	066.6	000.0	0045	0028	+01.33	02	00	0879	08
03	0008	10	12	10	55	01060	08.6	+10.8	0000	066.6	000.0	0054	0033	+01.35	02	00	0879	08
03	0009	10	12	10	55	01067	08.6	+10.8	0000	066.6	000.0	0062	0038	+01.36	02	00	0879	08
03	0010	10	12	10	55	01074	08.6	+10.7	0000	066.6	000.0	0070	0043	+01.36	02	00	0879	08
03	0011	10	12	10	55	01081	08.6	+10.8	0000	066.6	000.0	0077	0048	+01.35	02	00	0879	08
03	0012	10	12	10	55	01091	08.6	+10.8	0000	066.5	000.0	0085	0052	+01.36	02	00	0879	08
03	0013	10	12	10	56	01101	08.6	+10.8	0000	066.5	000.0	0094	0057	+01.37	02	00	0879	08
03	0014	10	12	10	56	01109	08.5	+10.7	0000	066.5	000.0	0103	0062	+01.38	02	00	0879	08
04	0001	10	12	10	56	01196	08.6	+10.7	0000	067.3	000.0	0000	0000	+00.00	02	00	0879	08
04	0002	10	12	10	57	01204	08.7	+10.8	0000	067.3	000.0	0000	0004	+00.00	02	00	0879	08
04	0003	10	12	10	57	01212	08.7	+10.8	0000	067.4	000.0	0000	0009	+00.00	02	00	0879	08
04	0004	10	12	10	57	01219	08.7	+10.7	0000	067.5	000.0	0023	0014	+01.38	02	00	0879	08
04	0005	10	12	10	57	01228	08.7	+10.7	0000	067.5	000.0	0032	0019	+01.40	02	00	0879	08
04	0006	10	12	10	57	01233	08.7	+10.7	0000	067.6	000.0	0038	0024	+01.33	02	00	0879	08
04	0007	10	12	10	57	01240	08.8	+10.7	0000	067.7	000.0	0044	0028	+01.29	02	00	0879	08
04	0008	10	12	10	57	01247	08.8	+10.8	0000	067.8	000.0	0050	0033	+01.27	02	00	0879	08
04	0009	10	12	10	57	01253	08.8	+10.7	0000	067.9	000.0	0057	0038	+01.24	02	00	0879	08
04	0010	10	12	10	57	01262	08.9	+10.7	0000	068.0	000.0	0064	0043	+01.25	02	00	0879	08
04	0011	10	12	10	57	01267	08.8	+10.7	0000	068.1	000.0	0070	0048	+01.24	02	00	0879	08
04	0012	10	12	10	57	01274	08.8	+10.6	0000	068.2	000.0	0077	0052	+01.23	02	00	0879	08
04	0013	10	12	10	57	01281	08.9	+10.7	0000	068.2	000.0	0084	0057	+01.22	02	00	0879	08
04	0014	10	12	10	57	01285	08.9	+10.7	0000	068.3	000.0	0089	0062	+01.21	02	00	0879	08
05	0001	10	12	11	00	01495	08.8	+10.7	0000	068.1	000.0	0000	0000	+00.00	02	00	0879	08
05	0002	10	12	11	00	01499	08.8	+10.8	0000	068.1	000.0	0000	0004	+00.00	02	00	0879	08
05	0003	10	12	11	00	01507	08.8	+10.8	0000	068.1	000.0	0000	0009	+00.00	02	00	0879	08
05	0004	10	12	11	00	01511	08.8	+10.8	0000	068.2	000.0	0017	0014	+01.02	02	00	0879	08
05	0005	10	12	11	00	01521	08.8	+10.8	0000	068.1	000.0	0025	0019	+01.12	02	00	0879	08
05	0006	10	12	11	00	01528	08.8	+10.8	0000	068.2	000.0	0033	0024	+01.16	02	00	0879	08
05	0007	10	12	11	00	01535	08.8	+10.8	0000	068.2	000.0	0040	0028	+01.19	02	00	0879	08
05	0008	10	12	11	00	01543	08.8	+10.8	0000	068.1	000.0	0048	0033	+01.22	02	00	0879	08
05	0009	10	12	11	00	01551	08.8	+10.8	0000	068.1	000.0	0056	0038	+01.24	02	00	0879	08
05	0010	10	12	11	00	01558	08.8	+10.8	0000	068.1	000.0	0064	0043	+01.25	02	00	0879	08
05	0011	10	12	11	00	01567	08.8	+10.8	0000	068.1	000.0	0073	0048	+01.27	02	00	0879	08
05	0012	10	12	11	00	01574	08.8	+10.8	0000	068.1	000.0	0081	0052	+01.29	02	00	0879	08
05	0013	10	12	11	01	01583	08.8	+10.8	0000	068.1	000.0	0089	0057	+01.30	02	00	0879	08
05	0014	10	12	11	01	01590	08.8	+10.8	0000	068.1	000.0	0097	0062	+01.31	02	00	0879	08
06	0001	10	12	11	02	01884	08.8	+10.8	0000	068.2	000.0	0000	0000	+00.00	02	00	0879	08
06	0002	10	12	11	02	01894	08.8	+10.8	0000	068.2	000.0	0000	0004	+00.00	02	00	0879	08
06	0003	10	12	11	03	01902	08.8	+10.8	0000	068.2	000.0	0000	0009	+00.00	02	00	0879	08
06	0004	10	12	11	03	01910	08.9	+10.9	0000	068.2	000.0	0026	0014	+01.55	02	00	0879	08
06	0005	10	12	11	03	01917	08.8	+10.8	0000	068.2	000.0	0033	0019	+01.45	02	00	0879	08
06	0006	10	12	11	03	01925	08.8	+10.8	0000	068.2	000.0	0040	0024	+01.41	02	00	0879	08
06	0007	10	12	11	03	01931	08.7	+10.8	0000	068.1	000.0	0046	0028	+01.36	02	00	0879	08
06	0008	10	12	11	03	01938	08.7	+10.8	0000	068.1	000.0	0053	0033	+01.32	02	00	0879	08
06	0009	10	12	11	03	01943	08.7	+10.8	0000	068.1	000.0	0058	0038	+01.28	02	00	0879	08
06	0010	10	12	11	03	01950	08.7	+10.8	0000	068.0	000.0	0064	0043	+01.25	02	00	0879	08
06	0011	10	12	11	03	01955	08.7	+10.8	0000	068.0	000.0	0070	0048	+01.22	02	00	0879	08
06	0012	10	12	11	03	01960	08.7	+10.8	0000	067.9	000.0	0075	0052	+01.19	02	00	0879	08
06	0013	10	12	11	03	01966	08.7	+10.8	0000	067.9	000.0	0080	0057	+01.17	02	00	0879	08
06	0014	10	12	11	03	01968	08.7	+10.8	0000	067.8	000.0	0084	0062	+01.13	02	00	0879	08
07	0001	10	12	11	06	00569	08.6	+10.7	0000	067.3	000.0	0000	0000	+00.00	02	00	0879	08
07	0002	10	12	11	06	00571	08.7	+10.8	0000	067.3	000.0	0000	0004	+00.00	02	00	0879	08
07	0003	10	12	11	07	00573	08.6	+10.7	0000	067.3	000.0	0000	0009	+00.00	02	00	0879	08
07	0004	10	12	11	07	00574	08.6	+10.8	0000	067.2	000.0	0005	0014	+00.31	02	00	0879	08
07	0005	10	12	11	07	00577	08.6	+10.7	0000	067.2	000.0	0007	0019	+00.32	02	00	0879	08
07	0006	10	12	11	07	00579	08.6	+10.8	0000	067.1	000.0	0009	0024	+00.32	02	00	0879	08
07	0007	10	12	11	07	00580	08.6	+10.8	0000	067.1	000.0	0011	0028	+00.32	02	00	0879	08
07	0008	10	12	11	07	00583	08.6	+10.8	0000	067.1	000.0	0013	0033	+00.33	02	00	0879	08
07	0009	10	12	11	07	00585	08.6	+10.8	0000	067.0	000.0	0015	0038	+00.34	02	00	0879	08
07	0010	10	12	11	07	00589	08.6	+10.7	0000	067.0	000.0	0018	0043	+00.36	02	00	0879	08
07	0011	10	12	11	07	00591	08.6	+10.8	0000	067.0	000.0	0021	0048	+00.37	02	00	0879	08
07	0012	10	12	11	07	00593	08.6	+10.7	0000	067.0	000.0	0024	0052	+00.38	02	00	0879	08
07	0013	10	12	11	07	00598	08.6	+10.8	0000	066.9	000.0	0027	0057	+00.40	02	00	0879	08
07	0014	10	12	11	07	00601	08.5	+10.7	0000	066.9	000.0	0030	0062	+00.41	02	00	0879	08
08	0001	10	12	11	09	00659	08.4	+10.7	0000	065.9	000.0	0000	0000	+00.00	02	00	0879	08
08	0002	10	12	11	09	00661	08.4	+10.6	0000	065.9	000.0	0000	0004	+00.00	02	00	0879	08
08	0003	10	12	11	09	00664	08.4	+10.6	0000	065.9	000.0	0000	0009	+00.00	02	00	0879	08
08	0004	10	12	11	09	00668	08.4	+10.6	0000	065.9	000.0	0009	0014	+00.53	02	00	0879	08
08	0005	10	12	11	09	00669	08.4	+10.6	0000	065.9	000.0	0011	0019	+00.48	02	00	0879	08
08	0006	10	12	11	09	00674	08.4	+10.6	0000	065.9	000.0	0014	0024	+00.51	02	00	0879	08
08	0007	10	12	11	09	00676	08.4	+10.6	0000	065.9	000.0	0017	0028	+00.50	02	00	0879	08
08	0008	10	12	11	10	00676	08.4	+10.7	0000	065.8	000.0	0018	0033	+00.45	02	00	0879	08
08	0009	10	12	11	10	00680	08.4	+10.6	0000	065.8	000.0	0020	0038	+00.45	02	00	0879	08
08	0010	10	12	11	10	00681	08.4	+10.7	0000	065.8	000.0	0022	0043	+00.44	02	00	0879	08
08	0011	10	12	11	10	00686	08.4	+10.6	0000	065.7	000.0	0025	0048	+00.44	02	00	0879	08
08	0012	10	12	11	10	00687	08.4	+10.7	0000	065.7	000.0	0028	0052	+00.44	02	00	0879	08
08	0013	10	12	11	10	00692	08.4	+10.6	0000	065.7	000.0	0031	0057	+00.45	02	00	0879	08
08	0014	10	12	11	10	00695	08.3	+10.6	0000	065.6	000.0	0034	0062	+00.46	02	00	0879	08
09	0001	10	12	11	13	00785	08.4	+10.4	0000	067.2	000.0	0000	0000	+00.00	02	00	0879	08
09	0002	10	12	11	13	00792	08.4	+10.4	0000	067.0	000.0	0000	0004	+00.00	02	00	0879	08
09	0003	10	12	11	13	00802	08.4	+10.4	0000	066.9	000.0	0000	0009	+00.00	02	00	0879	08
09	0004	10	12	11	14	00806	08.3	+10.4	0000	066.8	000.0	0022	0014	+01.28	02	00	0879	08
09	0005	10	12	11	14	00808	08.3	+10.3	0000	066.8	000.0	0024	0019	+01.04	02	00	0879	08
09	0006	10	12	11	14	00812	08.3	+10.3	0000	066.8	000.0	0026	0024	+00.93	02	00	0879	08
09	0007	10	12	11	14	00817	08.3	+10.3	0000	066.8	000.0	0030	0028	+00.88	02	00	0879	08
09	0008	10	12	11	14	00819	08.3	+10.2	0000	066.8	000.0	0032	0033	+00.82	02	00	0879	08
09	0009	10	12	11	14	00823	08.3	+10.3	0000	066.8	000.0	0036	0038	+00.78	02	00	0879	08
09	0010	10	12	11	14	00825	08.3	+10.3	0000	066.8	000.0	0038	0043	+00.74	02	00	0879	08
09	0011	10	12	11	14	00825	08.3	+10.2	0000	066.8	000.0	0039	0048	+00.69	02	00	0879	08
09	0012	10	12	11	14	00828	08.3	+10.3	0000	066.8	000.0	0040	0052	+00.65	02	00	0879	08
09	0013	10	12	11	14	00828	08.3	+10.3	0000	066.8	000.0	0041	0057	+00.60	02	00	0879	08
09	0014	10	12	11	14	00829	08.4	+10.3	0000	066.8	000.0	0041	0062	+00.56	02	00	0879	08
10	0001	10	12	11	16	00842	08.3	+10.0	0000	067.6	000.0	0000	0000	+00.00	02	00	0880	08
10	0002	10	12	11	16	00845	08.3	+10.1	0000	067.6	000.0	0000	0004	+00.00	02	00	0879	08
10	0003	10	12	11	16	00847	08.2	+10.0	0000	067.5	000.0	0000	0009	+00.00	02	00	0880	08
10	0004	10	12	11	16	00850	08.3	+10.0	0000	067.5	000.0	0008	0014	+00.47	02	00	0879	08
10	0005	10	12	11	17	00850	08.3	+10.0	0000	067.5	000.0	0008	0019	+00.38	02	00	0879	08
10	0006	10	12	11	17	00852	08.3	+10.0	0000	067.4	000.0	0010	0024	+00.35	02	00	0879	08
10	0007	10	12	11	17	00855	08.2	+10.0	0000	067.4	000.0	0011	0028	+00.34	02	00	0879	08
10	0008	10	12	11	17	00857	08.2	+10.0	0000	067.4	000.0	0014	0033	+00.35	02	00	0879	08
10	0009	10	12	11	17	00860	08.2	+10.0	0000	067.3	000.0	0016	0038	+00.36	02	00	0879	08
10	0010	10	12	11	17	00863	08.2	+10.0	0000	067.3	000.0	0019	0043	+00.37	02	00	0879	08
10	0011	10	12	11	17	00866	08.1	+10.0	0000	067.2	000.0	0022	0048	+00.38	02	00	0879	08
10	0012	10	12	11	17	00867	08.1	+10.0	0000	067.2	000.0	0024	0052	+00.38	02	00	0879	08
10	0013	10	12	11	17	00870	08.1	+10.0	0000	067.1	000.0	0027	0057	+00.39	02	00	0879	08
10	0014	10	12	11	17	00869	08.1	+10.0	0000	067.1	000.0	0028	0062	+00.38	02	00	0879	08
11	0001	10	12	11	19	00902	08.0	+09.8	0000	066.7	000.0	0000	0000	+00.00	02	00	0879	08
11	0002	10	12	11	19	00905	08.0	+09.8	0000	066.3	000.0	0000	0004	+00.00	02	00	0879	08
11	0003	10	12	11	19	00907	08.0	+09.8	0000	066.3	000.0	0000	0009	+00.00	02	00	0880	08
11	0004	10	12	11	19	00914	08.0	+09.8	0000	066.3	000.0	0011	0014	+00.68	02	00	0879	08
11	0005	10	12	11	19	00919	08.0	+09.8	0000	066.4	000.0	0017	0019	+00.75	02	00	0879	08
11	0006	10	12	11	19	00922	08.0	+09.8	0000	066.4	000.0	0021	0024	+00.74	02	00	0879	08
11	0007	10	12	11	19	00922	08.0	+09.8	0000	066.4	000.0	0022	0028	+00.65	02	00	0879	08
11	0008	10	12	11	19	00926	08.0	+09.8	0000	066.4	000.0	0025	0033	+00.63	02	00	0879	08
11	0009	10	12	11	19	00926	07.9	+09.7	0000	066.4	000.0	0026	0038	+00.58	02	00	0879	08
11	0010	10	12	11	19	00924	08.0	+09.8	0000	066.5	000.0	0025	0043	+00.50	02	00	0879	08
11	0011	10	12	11	19	00925	08.0	+09.7	0000	066.5	000.0	0025	0048	+00.44	02	00	0879	08
11	0012	10	12	11	19	00926	08.0	+09.7	0000	066.5	000.0	0025	0052	+00.40	02	00	0879	08
11	0013	10	12	11	20	00925	08.0	+09.8	0000	066.5	000.0	0024	0057	+00.35	02	00	0879	08
11	0014	10	12	11	20	00927	08.0	+09.8	0000	066.5	000.0	0024	0062	+00.32	02	00	0879	08
12	0001	10	12	11	21	00955	08.0	+09.6	0000	067.5	000.0	0000	0000	+00.00	02	00	0879	08
12	0002	10	12	11	21	00958	08.0	+09.6	0000	067.5	000.0	0000	0004	+00.00	02	00	0879	08
12	0003	10	12	11	21	00961	08.2	+09.8	0000	067.6	000.0	0000	0009	+00.00	02	00	0880	08
12	0004	10	12	11	21	00963	08.1	+09.7	0000	067.6	000.0	0007	0014	+00.45	02	00	0879	08
12	0005	10	12	11	21	00967	08.0	+09.6	0000	067.6	000.0	0010	0019	+00.47	02	00	0879	08
12	0006	10	12	11	21	00966	08.1	+09.6	0000	067.6	000.0	0011	0024	+00.40	02	00	0879	08
12	0007	10	12	11	21	00969	08.1	+09.6	0000	067.6	000.0	0013	0028	+00.38	02	00	0879	08
12	0008	10	12	11	21	00968	08.1	+09.6	0000	067.7	000.0	0013	0033	+00.33	02	00	0879	08
12	0009	10	12	11	21	00969	08.1	+09.6	0000	067.7	000.0	0013	0038	+00.30	02	00	0879	08
12	0010	10	12	11	21	00970	08.1	+09.6	0000	067.7	000.0	0014	0043	+00.27	02	00	0879	08
12	0011	10	12	11	21	00972	08.1	+09.6	0000	067.8	000.0	0015	0048	+00.26	02	00	0879	08
12	0012	10	12	11	22	00976	08.1	+09.6	0000	067.8	000.0	0017	0052	+00.27	02	00	0879	08
12	0013	10	12	11	22	00977	08.2	+09.7	0000	067.8	000.0	0019	0057	+00.27	02	00	0879	08
12	0014	10	12	11	22	00980	08.0	+09.5	0000	067.8	000.0	0021	0062	+00.28	02	00	0879	08
13	0001	10	12	11	23	01008	08.1	+09.6	0000	067.9	000.0	0000	0000	+00.00	02	00	0879	08
13	0002	10	12	11	23	01010	08.1	+09.6	0000	068.1	000.0	0000	0004	+00.00	02	00	0879	08
13	0003	10	12	11	23	01012	08.1	+09.6	0000	068.2	000.0	0000	0009	+00.00	02	00	0879	08
13	0004	10	12	11	23	01015	08.1	+09.6	0000	068.2	000.0	0006	0014	+00.36	02	00	0879	08
13	0005	10	12	11	23	01017	08.1	+09.6	0000	068.3	000.0	0008	0019	+00.38	02	00	0879	08
13	0006	10	12	11	23	01021	08.1	+09.6	0000	068.3	000.0	0012	0024	+00.44	02	00	0879	08
13	0007	10	12	11	23	01022	08.2	+09.6	0000	068.3	000.0	0014	0028	+00.42	02	00	0879	08
13	0008	10	12	11	23	01022	08.1	+09.6	0000	068.3	000.0	0015	0033	+00.38	02	00	0879	08
13	0009	10	12	11	23	01025	08.1	+09.6	0000	068.3	000.0	0017	0038	+00.37	02	00	0879	08
13	0010	10	12	11	23	01024	08.2	+09.7	0000	068.3	000.0	0017	0043	+00.34	02	00	0879	08
13	0011	10	12	11	23	01029	08.1	+09.5	0000	068.3	000.0	0019	0048	+00.34	02	00	0879	08
13	0012	10	12	11	24	01025	08.1	+09.6	0000	068.3	000.0	0019	0052	+00.31	02	00	0880	08
13	0013	10	12	11	24	01029	08.1	+09.5	0000	068.3	000.0	0020	0057	+00.30	02	00	0879	08
13	0014	10	12	11	24	01030	08.1	+09.6	0000	068.3	000.0	0021	0062	+00.29	02	00	0879	08
14	0001	10	12	11	25	01083	08.1	+09.5	0000	068.8	000.0	0000	0000	+00.00	02	00	0879	08
14	0002	10	12	11	25	01084	08.2	+09.5	0000	069.0	000.0	0000	0004	+00.00	02	00	0879	08
14	0003	10	12	11	25	01086	08.2	+09.5	0000	069.0	000.0	0000	0009	+00.00	02	00	0879	08
14	0004	10	12	11	25	01088	08.2	+09.6	0000	069.1	000.0	0005	0014	+00.31	02	00	0879	08
14	0005	10	12	11	25	01090	08.2	+09.6	0000	069.1	000.0	0006	0019	+00.30	02	00	0879	08
14	0006	10	12	11	25	01092	08.2	+09.5	0000	069.1	000.0	0009	0024	+00.33	02	00	0879	08
14	0007	10	12	11	25	01096	08.2	+09.6	0000	069.1	000.0	0012	0028	+00.36	02	00	0879	08
14	0008	10	12	11	26	01096	08.2	+09.6	0000	069.2	000.0	0013	0033	+00.34	02	00	0879	08
14	0009	10	12	11	26	01098	08.2	+09.5	0000	069.2	000.0	0015	0038	+00.34	02	00	0879	08
14	0010	10	12	11	26	01099	08.2	+09.5	0000	069.2	000.0	0017	0043	+00.33	02	00	0879	08
14	0011	10	12	11	26	01103	08.3	+09.6	0000	069.2	000.0	0019	0048	+00.35	02	00	0879	08
14	0012	10	12	11	26	01105	08.2	+09.5	0000	069.2	000.0	0022	0052	+00.35	02	00	0879	08
14	0013	10	12	11	26	01106	08.2	+09.5	0000	069.2	000.0	0023	0057	+00.35	02	00	0879	08
14	0014	10	12	11	26	01108	08.2	+09.5	0000	069.2	000.0	0025	0062	+00.34	02	00	0879	08
15	0001	10	12	11	30	01183	07.9	+09.4	0000	067.5	000.0	0000	0000	+00.00	02	00	0880	08
15	0002	10	12	11	30	01184	08.0	+09.4	0000	067.6	000.0	0000	0004	+00.00	02	00	0879	08
15	0003	10	12	11	30	01183	08.0	+09.4	0000	067.5	000.0	0000	0009	+00.00	02	00	0880	08
15	0004	10	12	11	30	01187	08.0	+09.4	0000	067.6	000.0	0003	0014	+00.19	02	00	0879	08
15	0005	10	12	11	30	01185	08.0	+09.4	0000	067.6	000.0	0003	0019	+00.13	02	00	0879	08
15	0006	10	12	11	30	01184	08.0	+09.4	0000	067.6	000.0	0002	0024	+00.08	02	00	0879	08
15	0007	10	12	11	30	01184	08.0	+09.4	0000	067.7	000.0	0001	0028	+00.04	02	00	0880	08
15	0008	10	12	11	30	01189	08.0	+09.5	0000	067.7	000.0	0003	0033	+00.09	02	00	0879	08
15	0009	10	12	11	30	01189	08.0	+09.4	0000	067.7	000.0	0005	0038	+00.11	02	00	0879	08
15	0010	10	12	11	30	01190	08.0	+09.4	0000	067.7	000.0	0006	0043	+00.13	02	00	0880	08
15	0011	10	12	11	30	01190	07.9	+09.3	0000	067.7	000.0	0007	0048	+00.12	02	00	0879	08
15	0012	10	12	11	31	01191	08.0	+09.4	0000	067.7	000.0	0008	0052	+00.13	02	00	0879	08
15	0013	10	12	11	31	01192	08.0	+09.4	0000	067.7	000.0	0009	0057	+00.13	02	00	0879	08
15	0014	10	12	11	31	01195	07.9	+09.4	0000	067.7	000.0	0010	0062	+00.14	02	00	0879	08
16	0001	10	12	11	32	00486	07.9	+09.2	0000	067.9	000.0	0000	0000	+00.00	02	00	0879	08
16	0002	10	12	11	32	00484	08.0	+09.4	0000	067.9	000.0	0000	0004	+00.00	02	00	0880	08
16	0003	10	12	11	32	00488	07.9	+09.3	0000	067.9	000.0	0000	0009	+00.00	02	00	0879	08
16	0004	10	12	11	33	00491	07.9	+09.3	0000	067.9	000.0	0006	0014	+00.36	02	00	0879	08
16	0005	10	12	11	33	00494	08.0	+09.4	0000	067.9	000.0	0009	0019	+00.42	02	00	0880	08
16	0006	10	12	11	33	00496	08.0	+09.4	0000	067.9	000.0	0012	0024	+00.42	02	00	0880	08
16	0007	10	12	11	33	00500	08.0	+09.4	0000	067.9	000.0	0015	0028	+00.44	02	00	0879	08
16	0008	10	12	11	33	00501	07.9	+09.3	0000	067.9	000.0	0017	0033	+00.43	02	00	0880	08
16	0009	10	12	11	33	00505	07.9	+09.2	0000	067.9	000.0	0020	0038	+00.44	02	00	0879	08
16	0010	10	12	11	33	00506	07.9	+09.2	0000	067.9	000.0	0022	0043	+00.43	02	00	0879	08
16	0011	10	12	11	33	00506	07.9	+09.2	0000	067.9	000.0	0023	0048	+00.41	02	00	0879	08
16	0012	10	12	11	33	00505	07.9	+09.2	0000	067.9	000.0	0023	0052	+00.37	02	00	0879	08
16	0013	10	12	11	33	00506	07.8	+09.2	0000	067.9	000.0	0023	0057	+00.34	02	00	0879	08
16	0014	10	12	11	33	00505	07.9	+09.2	0000	067.9	000.0	0023	0062	+00.31	02	00	0879	08
17	0001	10	12	11	38	00607	08.1	+09.0	0000	070.4	000.0	0000	0000	+00.00	02	00	0879	08
17	0002	10	12	11	38	00605	08.1	+09.0	0000	070.3	000.0	0000	0004	+00.00	02	00	0880	08
17	0003	10	12	11	38	00602	08.0	+09.0	0000	070.3	000.0	0000	0009	+00.00	02	00	0880	08
17	0004	10	12	11	38	00601	08.0	+08.9	0000	070.3	000.0	0006	0014	-00.39	02	01	0879	08
17	0005	10	12	11	38	00597	08.0	+09.0	0000	070.2	000.0	0009	0019	-00.43	02	01	0879	08
17	0006	10	12	11	39	00593	08.1	+09.1	0000	070.2	000.0	0014	0024	-00.48	02	01	0879	08
17	0007	10	12	11	39	00587	08.0	+09.0	0000	070.2	000.0	0019	0028	-00.55	02	01	0879	08
17	0008	10	12	11	39	00588	08.0	+09.0	0000	070.2	000.0	0021	0033	-00.52	02	01	0879	08
17	0009	10	12	11	39	00583	08.0	+09.0	0000	070.2	000.0	0024	0038	-00.53	02	01	0880	08
17	0010	10	12	11	39	00579	08.0	+09.0	0000	070.1	000.0	0028	0043	-00.54	02	01	0880	08
17	0011	10	12	11	39	00573	08.0	+09.0	0000	070.1	000.0	0033	0048	-00.58	02	01	0880	08
17	0012	10	12	11	39	00568	08.0	+09.0	0000	070.1	000.0	0038	0052	-00.60	02	01	0880	08
17	0013	10	12	11	39	00567	07.9	+08.9	0000	070.1	000.0	0042	0057	-00.61	02	01	0880	08
17	0014	10	12	11	39	00566	08.0	+09.0	0000	070.0	000.0	0045	0062	-00.60	02	01	0880	08
18	0001	10	12	11	41	00596	07.9	+09.1	0000	068.7	000.0	0000	0000	+00.00	02	00	0880	08
18	0002	10	12	11	41	00600	07.9	+09.1	0000	068.6	000.0	0000	0004	+00.00	02	00	0879	08
18	0003	10	12	11	41	00601	07.9	+09.0	0000	068.6	000.0	0000	0009	+00.00	02	00	0879	08
18	0004	10	12	11	41	00604	07.9	+09.1	0000	068.7	000.0	0006	0014	+00.39	02	00	0880	08
18	0005	10	12	11	42	00608	07.9	+09.1	0000	068.6	000.0	0010	0019	+00.47	02	00	0879	08
18	0006	10	12	11	42	00612	07.9	+09.2	0000	068.6	000.0	0014	0024	+00.51	02	00	0879	08
18	0007	10	12	11	42	00613	07.9	+09.0	0000	068.6	000.0	0016	0028	+00.49	02	00	0879	08
18	0008	10	12	11	42	00616	07.9	+09.1	0000	068.6	000.0	0019	0033	+00.48	02	00	0879	08
18	0009	10	12	11	42	00616	07.9	+09.1	0000	068.6	000.0	0020	0038	+00.45	02	00	0879	08
18	0010	10	12	11	42	00619	07.9	+09.1	0000	068.6	000.0	0022	0043	+00.44	02	00	0879	08
18	0011	10	12	11	42	00619	07.9	+09.1	0000	068.6	000.0	0023	0048	+00.41	02	00	0880	08
18	0012	10	12	11	42	00621	07.9	+09.1	0000	068.6	000.0	0024	0052	+00.39	02	00	0879	08
18	0013	10	12	11	42	00622	07.9	+09.1	0000	068.6	000.0	0026	0057	+00.38	02	00	0879	08
18	0014	10	12	11	42	00624	07.9	+09.0	0000	068.6	000.0	0027	0062	+00.37	02	00	0880	08
19	0001	10	12	11	43	00646	07.9	+09.2	0000	068.7	000.0	0000	0000	+00.00	02	00	0880	08
19	0002	10	12	11	44	00650	08.0	+09.2	0000	068.7	000.0	0000	0004	+00.00	02	00	0879	08
19	0003	10	12	11	44	00651	08.0	+09.2	0000	068.7	000.0	0000	0009	+00.00	02	00	0880	08
19	0004	10	12	11	44	00656	07.9	+09.1	0000	068.6	000.0	0009	0014	+00.54	02	00	0879	08
19	0005	10	12	11	44	00654	07.9	+09.2	0000	068.5	000.0	0009	0019	+00.40	02	00	0880	08
19	0006	10	12	11	44	00660	07.9	+09.1	0000	068.5	000.0	0012	0024	+00.44	02	00	0879	08
19	0007	10	12	11	44	00663	07.9	+09.2	0000	068.5	000.0	0016	0028	+00.47	02	00	0879	08
19	0008	10	12	11	44	00665	07.9	+09.2	0000	068.4	000.0	0018	0033	+00.46	02	00	0880	08
19	0009	10	12	11	44	00669	07.9	+09.2	0000	068.4	000.0	0021	0038	+00.48	02	00	0880	08
19	0010	10	12	11	44	00673	07.8	+09.2	0000	068.4	000.0	0025	0043	+00.50	02	00	0879	08
19	0011	10	12	11	44	00671	07.9	+09.2	0000	068.3	000.0	0027	0048	+00.47	02	00	0880	08
19	0012	10	12	11	44	00673	07.8	+09.2	0000	068.3	000.0	0028	0052	+00.45	02	00	0879	08
19	0013	10	12	11	44	00678	07.8	+09.2	0000	068.2	000.0	0031	0057	+00.45	02	00	0879	08
19	0014	10	12	11	45	00679	07.8	+09.1	0000	068.2	000.0	0033	0062	+00.44	02	00	0879	08
20	0001	10	12	11	46	00678	07.7	+09.2	0000	067.0	000.0	0000	0000	+00.00	02	00	0880	08
20	0002	10	12	11	46	00678	07.8	+09.2	0000	067.1	000.0	0000	0004	+00.00	02	00	0880	08
20	0003	10	12	11	46	00681	07.7	+09.2	0000	067.1	000.0	0000	0009	+00.00	02	00	0879	08
20	0004	10	12	11	46	00682	07.8	+09.2	0000	067.2	000.0	0004	0014	+00.28	02	00	0879	08
20	0005	10	12	11	46	00681	07.7	+09.2	0000	067.1	000.0	0003	0019	+00.17	02	00	0880	08
20	0006	10	12	11	46	00683	07.8	+09.2	0000	067.1	000.0	0005	0024	+00.18	02	00	0879	08
20	0007	10	12	11	46	00684	07.8	+09.2	0000	067.1	000.0	0005	0028	+00.17	02	00	0880	08
20	0008	10	12	11	46	00686	07.8	+09.2	0000	067.1	000.0	0007	0033	+00.18	02	00	0880	08
20	0009	10	12	11	47	00688	07.8	+09.2	0000	067.1	000.0	0009	0038	+00.20	02	00	0879	08
20	0010	10	12	11	47	00690	07.8	+09.2	0000	067.1	000.0	0011	0043	+00.22	02	00	0879	08
20	0011	10	12	11	47	00691	07.7	+09.2	0000	067.1	000.0	0013	0048	+00.23	02	00	0879	08
20	0012	10	12	11	47	00692	07.7	+09.2	0000	067.1	000.0	0014	0052	+00.23	02	00	0879	08
20	0013	10	12	11	47	00692	07.7	+09.2	0000	067.1	000.0	0015	0057	+00.22	02	00	0880	08
20	0014	10	12	11	47	00694	07.7	+09.2	0000	067.1	000.0	0017	0062	+00.22	02	00	0879	08
21	0001	10	12	11	51	00783	07.7	+09.0	0000	067.4	000.0	0000	0000	+00.00	02	00	0879	08
21	0002	10	12	11	51	00775	07.8	+09.0	0000	067.7	000.0	0000	0004	+00.00	02	00	0880	08
21	0003	10	12	11	51	00775	07.8	+09.0	0000	067.8	000.0	0000	0009	+00.00	02	00	0879	08
21	0004	10	12	11	51	00772	07.8	+09.1	0000	067.9	000.0	0009	0014	-00.57	02	01	0879	08
21	0005	10	12	11	51	00771	07.7	+09.0	0000	067.9	000.0	0011	0019	-00.49	02	01	0879	08
21	0006	10	12	11	51	00767	07.7	+08.9	0000	067.8	000.0	0014	0024	-00.50	02	01	0879	08
21	0007	10	12	11	51	00764	07.9	+09.2	0000	067.9	000.0	0017	0028	-00.50	02	01	0880	08
21	0008	10	12	11	51	00762	07.8	+08.9	0000	068.0	000.0	0019	0033	-00.48	02	01	0879	08
21	0009	10	12	11	51	00759	07.9	+09.1	0000	068.0	000.0	0021	0038	-00.47	02	01	0880	08
21	0010	10	12	11	51	00758	07.9	+09.1	0000	068.0	000.0	0023	0043	-00.46	02	01	0879	08
21	0011	10	12	11	51	00759	07.8	+09.0	0000	068.0	000.0	0024	0048	-00.42	02	01	0880	08
21	0012	10	12	11	52	00760	07.8	+09.0	0000	068.0	000.0	0024	0052	-00.38	02	01	0879	08
21	0013	10	12	11	52	00760	07.9	+09.1	0000	068.1	000.0	0023	0057	-00.34	02	01	0879	08
21	0014	10	12	11	52	00759	07.8	+09.0	0000	068.1	000.0	0023	0062	-00.31	02	01	0880	08
22	0001	10	12	11	53	00821	07.7	+08.8	0000	068.2	000.0	0000	0000	+00.00	02	00	0879	08
22	0002	10	12	11	53	00817	07.7	+08.8	0000	068.2	000.0	0000	0004	+00.00	02	00	0879	08
22	0003	10	12	11	53	00818	07.7	+08.7	0000	068.3	000.0	0000	0009	+00.00	02	00	0879	08
22	0004	10	12	11	53	00817	07.7	+08.8	0000	068.2	000.0	0003	0014	-00.18	02	01	0879	08
22	0005	10	12	11	53	00817	07.7	+08.8	0000	068.3	000.0	0003	0019	-00.14	02	01	0879	08
22	0006	10	12	11	53	00814	07.7	+08.8	0000	068.3	000.0	0005	0024	-00.18	02	01	0880	08
22	0007	10	12	11	53	00812	07.7	+08.8	0000	068.3	000.0	0007	0028	-00.22	02	01	0880	08
22	0008	10	12	11	53	00811	07.7	+08.7	0000	068.4	000.0	0009	0033	-00.22	02	01	0880	08
22	0009	10	12	11	54	00812	07.7	+08.8	0000	068.4	000.0	0009	0038	-00.19	02	01	0880	08
22	0010	10	12	11	54	00813	07.6	+08.7	0000	068.4	000.0	0008	0043	-00.16	02	01	0879	08
22	0011	10	12	11	54	00813	07.7	+08.7	0000	068.4	000.0	0007	0048	-00.13	02	01	0879	08
22	0012	10	12	11	54	00812	07.8	+08.8	0000	068.5	000.0	0007	0052	-00.12	02	01	0879	08
22	0013	10	12	11	54	00813	07.7	+08.6	0000	068.5	000.0	0007	0057	-00.11	02	01	0880	08
22	0014	10	12	11	54	00815	07.7	+08.7	0000	068.5	000.0	0006	0062	-00.08	02	01	0879	08
23	0001	10	12	11	56	00908	07.6	+08.3	0000	069.8	000.0	0000	0000	+00.00	02	00	0879	08
23	0002	10	12	11	56	00909	07.6	+08.4	0000	069.9	000.0	0000	0004	+00.00	02	00	0879	08
23	0003	10	12	11	56	00910	07.6	+08.2	0000	069.9	000.0	0000	0009	+00.00	02	00	0879	08
23	0004	10	12	11	56	00908	07.6	+08.3	0000	069.9	000.0	0000	0014	+00.02	02	00	0880	08
23	0005	10	12	11	56	00907	07.8	+08.5	0000	070.0	000.0	0001	0019	-00.03	02	01	0879	08
23	0006	10	12	11	56	00906	07.8	+08.5	0000	070.0	000.0	0002	0024	-00.07	02	01	0879	08
23	0007	10	12	11	56	00904	07.6	+08.2	0000	070.1	000.0	0004	0028	-00.12	02	01	0880	08
23	0008	10	12	11	57	00905	07.7	+08.3	0000	070.1	000.0	0004	0033	-00.12	02	01	0879	08
23	0009	10	12	11	57	00905	07.7	+08.3	0000	070.1	000.0	0005	0038	-00.11	02	01	0879	08
23	0010	10	12	11	57	00908	07.7	+08.2	0000	070.2	000.0	0003	0043	-00.07	02	01	0879	08
23	0011	10	12	11	57	00910	07.7	+08.4	0000	070.2	000.0	0002	0048	-00.03	02	01	0879	08
23	0012	10	12	11	57	00909	07.7	+08.2	0000	070.3	000.0	0001	0052	-00.01	02	01	0880	08
23	0013	10	12	11	57	00907	07.7	+08.1	0000	070.3	000.0	0001	0057	-00.01	02	01	0880	08
23	0014	10	12	11	57	00909	07.7	+08.2	0000	070.4	000.0	0000	0062	-00.00	02	01	0879	08
24	0001	10	12	11	58	00886	07.6	+08.0	0000	071.4	000.0	0000	0000	+00.00	02	00	0879	08
24	0002	10	12	11	58	00886	07.6	+08.0	0000	071.6	000.0	0000	0004	+00.00	02	00	0879	08
24	0003	10	12	11	58	00882	07.6	+07.8	0000	071.8	000.0	0000	0009	+00.00	02	00	0879	08
24	0004	10	12	11	59	00881	07.6	+07.9	0000	071.9	000.0	0005	0014	-00.32	02	01	0879	08
24	0005	10	12	11	59	00877	07.7	+08.0	0000	071.9	000.0	0009	0019	-00.41	02	01	0879	08
24	0006	10	12	11	59	00875	07.8	+08.1	0000	072.0	000.0	0012	0024	-00.42	02	01	0879	08
24	0007	10	12	11	59	00871	07.6	+07.9	0000	072.0	000.0	0015	0028	-00.46	02	01	0880	08
24	0008	10	12	11	59	00868	07.6	+07.8	0000	072.0	000.0	0019	0033	-00.47	02	01	0879	08
24	0009	10	12	11	59	00868	07.7	+08.0	0000	072.0	000.0	0020	0038	-00.45	02	01	0879	08
24	0010	10	12	11	59	00867	07.7	+07.9	0000	072.1	000.0	0022	0043	-00.42	02	01	0880	08
24	0011	10	12	11	59	00866	07.7	+08.0	0000	072.1	000.0	0022	0048	-00.39	02	01	0879	08
24	0012	10	12	11	59	00865	07.7	+07.9	0000	072.1	000.0	0023	0052	-00.37	02	01	0879	08
24	0013	10	12	11	59	00868	07.6	+07.8	0000	072.1	000.0	0022	0057	-00.33	02	01	0879	08
24	0014	10	12	11	59	00866	07.6	+07.8	0000	072.1	000.0	0022	0062	-00.30	02	01	0879	08
26	0001	10	12	12	01	00421	07.5	+07.6	0000	072.2	000.0	0000	0000	+00.00	02	00	0879	08
26	0002	10	12	12	01	00422	07.6	+07.7	0000	072.3	000.0	0000	0004	+00.00	02	00	0879	08
26	0003	10	12	12	01	00420	07.5	+07.6	0000	072.3	000.0	0000	0009	+00.00	02	00	0879	08
26	0004	10	12	12	01	00420	07.5	+07.6	0000	072.4	000.0	0000	0014	-00.04	02	01	0879	08
26	0005	10	12	12	01	00420	07.5	+07.6	0000	072.4	000.0	0000	0019	-00.03	02	01	0879	08
26	0006	10	12	12	01	00419	07.6	+07.7	0000	072.4	000.0	0001	0024	-00.06	02	01	0879	08
26	0007	10	12	12	02	00418	07.6	+07.7	0000	072.4	000.0	0003	0028	-00.08	02	01	0880	08
26	0008	10	12	12	02	00418	07.5	+07.6	0000	072.4	000.0	0003	0033	-00.09	02	01	0879	08
26	0009	10	12	12	02	00416	07.6	+07.8	0000	072.3	000.0	0004	0038	-00.10	02	01	0880	08
26	0010	10	12	12	02	00417	07.6	+07.7	0000	072.3	000.0	0005	0043	-00.10	02	01	0879	08
26	0011	10	12	12	02	00416	07.5	+07.6	0000	072.3	000.0	0005	0048	-00.10	02	01	0879	08
26	0012	10	12	12	02	00414	07.6	+07.6	0000	072.3	000.0	0007	0052	-00.11	02	01	0880	08
26	0013	10	12	12	02	00417	07.5	+07.6	0000	072.3	000.0	0006	0057	-00.09	02	01	0879	08
26	0014	10	12	12	02	00418	07.5	+07.6	0000	072.3	000.0	0005	0062	-00.08	02	01	0880	08
27	0001	10	12	12	04	00449	07.5	+07.5	0000	073.0	000.0	0000	0000	+00.00	02	00	0879	08
27	0002	10	12	12	04	00449	07.5	+07.4	0000	073.0	000.0	0000	0004	+00.00	02	00	0879	08
27	0003	10	12	12	04	00450	07.5	+07.4	0000	073.1	000.0	0000	0009	+00.00	02	00	0879	08
27	0004	10	12	12	04	00448	07.6	+07.6	0000	073.1	000.0	0000	0014	-00.04	02	01	0879	08
27	0005	10	12	12	05	00450	07.6	+07.5	0000	073.2	000.0	0000	0019	+00.00	02	00	0879	08
27	0006	10	12	12	05	00448	07.6	+07.6	0000	073.2	000.0	0000	0024	-00.02	02	01	0879	08
27	0007	10	12	12	05	00448	07.6	+07.5	0000	073.2	000.0	0001	0028	-00.04	02	01	0879	08
27	0008	10	12	12	05	00448	07.5	+07.4	0000	073.2	000.0	0001	0033	-00.04	02	01	0879	08
27	0009	10	12	12	05	00450	07.6	+07.4	0000	073.2	000.0	0000	0038	-00.01	02	01	0879	08
27	0010	10	12	12	05	00449	07.5	+07.4	0000	073.2	000.0	0000	0043	-00.01	02	01	0879	08
27	0011	10	12	12	05	00449	07.5	+07.4	0000	073.2	000.0	0000	0048	-00.00	02	01	0879	08
27	0012	10	12	12	05	00450	07.5	+07.4	0000	073.2	000.0	0000	0052	-00.00	02	01	0879	08
27	0013	10	12	12	05	00450	07.6	+07.5	0000	073.2	000.0	0000	0057	+00.00	02	00	0879	08
27	0014	10	12	12	05	00452	07.6	+07.6	0000	073.2	000.0	0001	0062	+00.01	02	00	0879	08
28	0001	10	12	12	14	00412	07.6	+07.5	0000	073.8	000.0	0000	0000	+00.00	00	00	0879	08
28	0002	10	12	12	14	00412	07.6	+07.4	0000	073.8	000.0	0000	0004	+00.00	00	00	0879	08
28	0003	10	12	12	14	00409	07.5	+07.3	0000	073.7	000.0	0000	0009	+00.00	00	00	0879	08
28	0004	10	12	12	14	00408	07.5	+07.4	0000	073.7	000.0	0004	0014	-00.24	02	01	0879	08
28	0005	10	12	12	14	00408	07.4	+07.2	0000	073.7	000.0	0004	0019	-00.21	02	01	0879	08
28	0006	10	12	12	14	00406	07.5	+07.2	0000	073.7	000.0	0006	0024	-00.21	02	01	0879	08
28	0007	10	12	12	14	00403	07.5	+07.2	0000	073.7	000.0	0008	0028	-00.24	02	01	0879	08
28	0008	10	12	12	14	00401	07.5	+07.2	0000	073.7	000.0	0010	0033	-00.27	02	01	0879	08
28	0009	10	12	12	14	00399	07.5	+07.2	0000	073.7	000.0	0013	0038	-00.29	02	01	0879	08
28	0010	10	12	12	15	00398	07.6	+07.4	0000	073.7	000.0	0015	0043	-00.29	02	01	0879	08
28	0011	10	12	12	15	00398	07.4	+07.2	0000	073.7	000.0	0016	0048	-00.28	02	01	0879	08
28	0012	10	12	12	15	00397	07.5	+07.2	0000	073.8	000.0	0016	0052	-00.26	02	01	0879	08
28	0013	10	12	12	15	00396	07.5	+07.2	0000	073.8	000.0	0017	0057	-00.25	02	01	0879	08
28	0014	10	12	12	15	00395	07.5	+07.3	0000	073.8	000.0	0018	0062	-00.24	02	01	0879	08
29	0001	10	12	12	16	00420	07.6	+07.3	0000	074.2	000.0	0000	0000	+00.00	02	00	0879	08
29	0002	10	12	12	16	00421	07.5	+07.2	0000	074.2	000.0	0000	0004	+00.00	02	00	0879	08
29	0003	10	12	12	16	00420	07.5	+07.3	0000	074.3	000.0	0000	0009	+00.00	02	00	0879	08
29	0004	10	12	12	16	00419	07.5	+07.1	0000	074.3	000.0	0001	0014	-00.07	02	01	0879	08
29	0005	10	12	12	16	00419	07.5	+07.1	0000	074.3	000.0	0001	0019	-00.08	02	01	0879	08
29	0006	10	12	12	16	00417	07.5	+07.2	0000	074.4	000.0	0003	0024	-00.12	02	01	0879	08
29	0007	10	12	12	16	00417	07.5	+07.2	0000	074.4	000.0	0004	0028	-00.12	02	01	0879	08
29	0008	10	12	12	17	00417	07.5	+07.2	0000	074.4	000.0	0004	0033	-00.10	02	01	0879	08
29	0009	10	12	12	17	00418	07.5	+07.2	0000	074.4	000.0	0003	0038	-00.08	02	01	0879	08
29	0010	10	12	12	17	00419	07.5	+07.1	0000	074.5	000.0	0002	0043	-00.05	02	01	0879	08
29	0011	10	12	12	17	00419	07.6	+07.2	0000	074.5	000.0	0002	0048	-00.03	02	01	0879	08
29	0012	10	12	12	17	00419	07.5	+07.2	0000	074.5	000.0	0001	0052	-00.02	02	01	0879	08
29	0013	10	12	12	17	00421	07.6	+07.3	0000	074.5	000.0	0000	0057	-00.00	02	01	0879	08
29	0014	10	12	12	17	00423	07.5	+07.1	0000	074.5	000.0	0000	0062	+00.01	02	00	0879	08
30	0001	10	12	12	18	00446	07.5	+07.2	0000	074.2	000.0	0000	0000	+00.00	02	00	0879	08
30	0002	10	12	12	18	00446	07.4	+07.0	0000	074.1	000.0	0000	0004	+00.00	02	00	0879	08
30	0003	10	12	12	18	00446	07.5	+07.2	0000	074.1	000.0	0000	0009	+00.00	02	00	0879	08
30	0004	10	12	12	18	00446	07.4	+07.0	0000	074.1	000.0	0000	0014	+00.03	02	00	0879	08
30	0005	10	12	12	18	00447	07.4	+07.1	0000	074.1	000.0	0001	0019	+00.04	02	00	0879	08
30	0006	10	12	12	18	00445	07.4	+07.0	0000	074.1	000.0	0000	0024	+00.00	02	00	0879	08
30	0007	10	12	12	18	00444	07.4	+07.1	0000	074.2	000.0	0000	0028	-00.02	02	01	0879	08
30	0008	10	12	12	18	00442	07.4	+07.0	0000	074.2	000.0	0002	0033	-00.06	02	01	0879	08
30	0009	10	12	12	19	00441	07.4	+07.0	0000	074.2	000.0	0004	0038	-00.09	02	01	0879	08
30	0010	10	12	12	19	00442	07.4	+07.0	0000	074.2	000.0	0005	0043	-00.09	02	01	0879	08
30	0011	10	12	12	19	00443	07.5	+07.2	0000	074.2	000.0	0004	0048	-00.08	02	01	0879	08
30	0012	10	12	12	19	00442	07.4	+07.0	0000	074.3	000.0	0005	0052	-00.08	02	01	0879	08
30	0013	10	12	12	19	00442	07.4	+07.0	0000	074.3	000.0	0005	0057	-00.07	02	01	0879	08
30	0014	10	12	12	19	00442	07.5	+07.2	0000	074.3	000.0	0005	0062	-00.07	02	01	0879	08
31	0001	10	12	12	20	00454	07.4	+07.0	0000	074.5	000.0	0000	0000	+00.00	02	00	0879	08
31	0002	10	12	12	20	00455	07.5	+07.1	0000	074.5	000.0	0000	0004	+00.00	02	00	0879	08
31	0003	10	12	12	20	00456	07.4	+07.0	0000	074.5	000.0	0000	0009	+00.00	02	00	0879	08
31	0004	10	12	12	20	00456	07.4	+07.0	0000	074.5	000.0	0002	0014	+00.14	02	00	0879	08
31	0005	10	12	12	20	00456	07.4	+07.0	0000	074.5	000.0	0002	0019	+00.09	02	00	0879	08
31	0006	10	12	12	20	00454	07.4	+07.0	0000	074.5	000.0	0000	0024	+00.01	02	00	0879	08
31	0007	10	12	12	20	00451	07.5	+07.1	0000	074.5	000.0	0002	0028	-00.06	02	01	0879	08
31	0008	10	12	12	20	00451	07.5	+07.2	0000	074.5	000.0	0003	0033	-00.09	02	01	0879	08
31	0009	10	12	12	20	00450	07.4	+07.0	0000	074.5	000.0	0005	0038	-00.12	02	01	0879	08
31	0010	10	12	12	20	00451	07.4	+07.0	0000	074.5	000.0	0006	0043	-00.11	02	01	0879	08
31	0011	10	12	12	21	00451	07.4	+07.0	0000	074.5	000.0	0006	0048	-00.11	02	01	0879	08
31	0012	10	12	12	21	00452	07.5	+07.2	0000	074.5	000.0	0005	0052	-00.08	02	01	0879	08
31	0013	10	12	12	21	00451	07.5	+07.1	0000	074.5	000.0	0005	0057	-00.08	02	01	0879	08
31	0014	10	12	12	21	00452	07.5	+07.2	0000	074.5	000.0	0005	0062	-00.07	02	01	0879	08
32	0001	10	12	12	22	00469	07.5	+07.1	0000	074.6	000.0	0000	0000	+00.00	02	00	0879	08
32	0002	10	12	12	22	00470	07.5	+07.2	0000	074.6	000.0	0000	0004	+00.00	02	00	0879	08
32	0003	10	12	12	22	00470	07.6	+07.2	0000	074.6	000.0	0000	0009	+00.00	02	00	0879	08
32	0004	10	12	12	22	00471	07.6	+07.3	0000	074.6	000.0	0001	0014	+00.11	02	00	0879	08
32	0005	10	12	12	22	00469	07.5	+07.1	0000	074.6	000.0	0000	0019	+00.00	02	00	0879	08
32	0006	10	12	12	22	00469	07.5	+07.1	0000	074.6	000.0	0000	0024	-00.02	02	01	0879	08
32	0007	10	12	12	23	00467	07.5	+07.1	0000	074.6	000.0	0002	0028	-00.06	02	01	0879	08
32	0008	10	12	12	23	00464	07.5	+07.1	0000	074.6	000.0	0004	0033	-00.11	02	01	0879	08
32	0009	10	12	12	23	00466	07.6	+07.3	0000	074.6	000.0	0005	0038	-00.11	02	01	0879	08
32	0010	10	12	12	23	00466	07.5	+07.1	0000	074.6	000.0	0005	0043	-00.10	02	01	0879	08
32	0011	10	12	12	23	00466	07.5	+07.1	0000	074.6	000.0	0005	0048	-00.09	02	01	0879	08
32	0012	10	12	12	23	00467	07.7	+07.3	0000	074.6	000.0	0005	0052	-00.07	02	01	0879	08
32	0013	10	12	12	23	00467	07.7	+07.3	0000	074.7	000.0	0004	0057	-00.06	02	01	0879	08
32	0014	10	12	12	23	00468	07.6	+07.2	0000	074.7	000.0	0003	0062	-00.05	02	01	0880	08
33	0001	10	12	12	24	00480	07.6	+07.2	0000	075.0	000.0	0000	0000	+00.00	02	00	0879	08
33	0002	10	12	12	24	00481	07.6	+07.2	0000	075.0	000.0	0000	0004	+00.00	02	00	0879	08
33	0003	10	12	12	24	00481	07.6	+07.2	0000	075.1	000.0	0000	0009	+00.00	02	00	0879	08
33	0004	10	12	12	24	00484	07.6	+07.3	0000	075.0	000.0	0002	0014	+00.16	02	00	0879	08
33	0005	10	12	12	24	00486	07.6	+07.2	0000	075.0	000.0	0005	0019	+00.24	02	00	0879	08
33	0006	10	12	12	24	00486	07.7	+07.4	0000	075.0	000.0	0006	0024	+00.22	02	00	0879	08
33	0007	10	12	12	24	00487	07.7	+07.4	0000	075.0	000.0	0007	0028	+00.21	02	00	0879	08
33	0008	10	12	12	24	00489	07.6	+07.3	0000	075.0	000.0	0008	0033	+00.21	02	00	0879	08
33	0009	10	12	12	25	00489	07.6	+07.2	0000	075.0	000.0	0009	0038	+00.19	02	00	0879	08
33	0010	10	12	12	25	00489	07.6	+07.2	0000	075.0	000.0	0009	0043	+00.18	02	00	0879	08
33	0011	10	12	12	25	00493	07.6	+07.3	0000	075.0	000.0	0011	0048	+00.19	02	00	0879	08
33	0012	10	12	12	25	00493	07.6	+07.2	0000	075.0	000.0	0012	0052	+00.20	02	00	0879	08
33	0013	10	12	12	25	00496	07.5	+07.2	0000	074.9	000.0	0014	0057	+00.21	02	00	0879	08
33	0014	10	12	12	25	00496	07.6	+07.3	0000	074.9	000.0	0016	0062	+00.21	02	00	0879	08
34	0001	10	12	12	51	00854	08.4	+09.8	0000	070.1	000.0	0000	0000	+00.00	02	00	0879	08
34	0002	10	12	12	51	00853	08.4	+09.8	0000	069.8	000.0	0000	0004	+00.00	02	00	0879	08
34	0003	10	12	12	52	00854	08.4	+09.8	0000	069.7	000.0	0000	0009	+00.00	02	00	0879	08
34	0004	10	12	12	52	00854	08.4	+09.8	0000	069.7	000.0	0000	0014	+00.04	02	00	0879	08
34	0005	10	12	12	52	00854	08.4	+09.8	0000	069.7	000.0	0000	0019	+00.02	02	00	0879	08
34	0006	10	12	12	52	00851	08.4	+09.8	0000	069.6	000.0	0001	0024	-00.05	02	01	0879	08
34	0007	10	12	12	52	00849	08.4	+09.8	0000	069.5	000.0	0003	0028	-00.10	02	01	0879	08
34	0008	10	12	12	52	00849	08.3	+09.8	0000	069.5	000.0	0005	0033	-00.12	02	01	0879	08
34	0009	10	12	12	52	00848	08.3	+09.8	0000	069.4	000.0	0006	0038	-00.14	02	01	0879	08
34	0010	10	12	12	52	00846	08.3	+09.8	0000	069.3	000.0	0008	0043	-00.15	02	01	0879	08
34	0011	10	12	12	52	00843	08.3	+09.8	0000	069.3	000.0	0010	0048	-00.18	02	01	0879	08
34	0012	10	12	12	52	00842	08.4	+09.9	0000	069.2	000.0	0012	0052	-00.19	02	01	0879	08
34	0013	10	12	12	52	00841	08.3	+09.7	0000	069.2	000.0	0014	0057	-00.20	02	01	0879	08
34	0014	10	12	12	52	00840	08.2	+09.7	0000	069.1	000.0	0015	0062	-00.20	02	01	0879	08
35	0014	10	12	12	55	00792	08.0	+09.6	0000	067.1	000.0	0000	0000	+00.00	02	00	0879	08
35	0015	10	12	12	55	00794	07.9	+09.5	0000	066.8	000.0	0000	0004	+00.00	02	00	0879	08
35	0016	10	12	12	55	00795	07.9	+09.6	0000	066.7	000.0	0000	0009	+00.00	02	00	0879	08
35	0017	10	12	12	56	00795	07.9	+09.6	0000	066.7	000.0	0003	0014	+00.18	02	00	0879	08
35	0018	10	12	12	56	00795	07.9	+09.5	0000	066.7	000.0	0003	0019	+00.13	02	00	0879	08
35	0019	10	12	12	56	00793	07.9	+09.6	0000	066.7	000.0	0000	0024	+00.03	02	00	0879	08
35	0020	10	12	12	56	00794	07.9	+09.5	0000	066.7	000.0	0000	0028	+00.01	02	00	0879	08
35	0021	10	12	12	56	00789	07.9	+09.6	0000	066.7	000.0	0002	0033	-00.05	02	01	0879	08
35	0022	10	12	12	56	00790	07.9	+09.6	0000	066.6	000.0	0003	0038	-00.07	02	01	0879	08
35	0023	10	12	12	56	00790	07.8	+09.5	0000	066.6	000.0	0004	0043	-00.08	02	01	0879	08
35	0024	10	12	12	56	00791	07.8	+09.5	0000	066.6	000.0	0004	0048	-00.07	02	01	0879	08
35	0025	10	12	12	56	00790	07.9	+09.6	0000	066.5	000.0	0004	0052	-00.07	02	01	0879	08
35	0026	10	12	12	56	00789	07.9	+09.6	0000	066.5	000.0	0005	0057	-00.08	02	01	0879	08
35	0027	10	12	12	56	00789	07.8	+09.5	0000	066.5	000.0	0006	0062	-00.08	02	01	0879	08
36	0001	10	12	12	58	00429	07.8	+09.3	0000	067.0	000.0	0000	0000	+00.00	02	00	0879	08
36	0002	10	12	12	58	00433	07.8	+09.3	0000	066.8	000.0	0000	0004	+00.00	02	00	0879	08
36	0003	10	12	12	58	00434	07.8	+09.2	0000	066.9	000.0	0000	0009	+00.00	02	00	0879	08
36	0004	10	12	12	58	00435	07.8	+09.3	0000	066.9	000.0	0005	0014	+00.32	02	00	0879	08
36	0005	10	12	12	58	00437	07.8	+09.3	0000	066.9	000.0	0007	0019	+00.31	02	00	0879	08
36	0006	10	12	12	58	00439	07.8	+09.2	0000	067.0	000.0	0009	0024	+00.32	02	00	0879	08
36	0007	10	12	12	58	00441	07.8	+09.3	0000	067.0	000.0	0010	0028	+00.31	02	00	0879	08
36	0008	10	12	12	59	00440	07.8	+09.2	0000	067.0	000.0	0011	0033	+00.28	02	00	0879	08
36	0009	10	12	12	59	00440	07.7	+09.1	0000	067.0	000.0	0011	0038	+00.24	02	00	0879	08
36	0010	10	12	12	59	00440	07.7	+09.2	0000	067.0	000.0	0011	0043	+00.21	02	00	0879	08
36	0011	10	12	12	59	00441	07.8	+09.2	0000	067.0	000.0	0010	0048	+00.19	02	00	0879	08
36	0012	10	12	12	59	00441	07.8	+09.2	0000	067.0	000.0	0010	0052	+00.17	02	00	0879	08
36	0013	10	12	12	59	00440	07.8	+09.2	0000	067.1	000.0	0010	0057	+00.14	02	00	0879	08
36	0014	10	12	12	59	00439	07.8	+09.2	0000	067.1	000.0	0009	0062	+00.12	02	00	0879	08
37	0001	10	12	13	00	00448	07.8	+09.1	0000	067.8	000.0	0000	0000	+00.00	02	00	0879	08
37	0002	10	12	13	00	00445	07.8	+09.2	0000	067.8	000.0	0000	0004	+00.00	02	00	0879	08
37	0003	10	12	13	00	00445	07.8	+09.1	0000	067.7	000.0	0000	0009	+00.00	02	00	0879	08
37	0004	10	12	13	00	00444	07.8	+09.1	0000	067.8	000.0	0002	0014	-00.16	02	01	0879	08
37	0005	10	12	13	00	00445	07.8	+09.1	0000	067.8	000.0	0002	0019	-00.11	02	01	0879	08
37	0006	10	12	13	00	00441	07.8	+09.0	0000	067.8	000.0	0004	0024	-00.16	02	01	0879	08
37	0007	10	12	13	00	00442	07.8	+09.0	0000	067.8	000.0	0005	0028	-00.15	02	01	0879	08
37	0008	10	12	13	01	00440	07.8	+09.1	0000	067.8	000.0	0006	0033	-00.16	02	01	0879	08
37	0009	10	12	13	01	00439	07.8	+09.0	0000	067.8	000.0	0007	0038	-00.16	02	01	0879	08
37	0010	10	12	13	01	00440	07.8	+09.0	0000	067.8	000.0	0007	0043	-00.14	02	01	0879	08
37	0011	10	12	13	01	00439	07.8	+09.2	0000	067.8	000.0	0008	0048	-00.13	02	01	0879	08
37	0012	10	12	13	01	00439	07.8	+09.0	0000	067.8	000.0	0008	0052	-00.12	02	01	0879	08
37	0013	10	12	13	01	00439	07.8	+08.9	0000	067.9	000.0	0008	0057	-00.11	02	01	0879	08
37	0014	10	12	13	01	00441	07.8	+08.9	0000	067.9	000.0	0007	0062	-00.10	02	01	0879	08
38	0001	10	12	13	02	00434	07.7	+08.8	0000	068.2	000.0	0000	0000	+00.00	02	00	0879	08
38	0002	10	12	13	02	00435	07.8	+08.9	0000	068.2	000.0	0000	0004	+00.00	02	00	0879	08
38	0003	10	12	13	02	00435	07.7	+08.8	0000	068.2	000.0	0000	0009	+00.00	02	00	0879	08
38	0004	10	12	13	02	00436	07.8	+08.9	0000	068.2	000.0	0001	0014	+00.07	02	00	0879	08
38	0005	10	12	13	02	00433	07.8	+08.9	0000	068.3	000.0	0000	0019	-00.02	02	01	0879	08
38	0006	10	12	13	02	00435	07.7	+08.8	0000	068.3	000.0	0000	0024	-00.00	02	01	0879	08
38	0007	10	12	13	02	00436	07.9	+09.0	0000	068.3	000.0	0000	0028	+00.01	02	00	0879	08
38	0008	10	12	13	02	00435	07.8	+08.9	0000	068.4	000.0	0000	0033	+00.00	02	00	0879	08
38	0009	10	12	13	03	00436	07.7	+08.8	0000	068.4	000.0	0000	0038	+00.01	02	00	0879	08
38	0010	10	12	13	03	00435	07.8	+08.9	0000	068.4	000.0	0000	0043	+00.01	02	00	0879	08
38	0011	10	12	13	03	00438	07.8	+08.9	0000	068.4	000.0	0002	0048	+00.03	02	00	0879	08
38	0012	10	12	13	03	00437	07.8	+08.9	0000	068.4	000.0	0002	0052	+00.03	02	00	0879	08
38	0013	10	12	13	03	00439	07.9	+09.0	0000	068.5	000.0	0003	0057	+00.05	02	00	0879	08
38	0014	10	12	13	03	00440	07.7	+08.8	0000	068.5	000.0	0004	0062	+00.06	02	00	0879	08
39	0001	10	12	13	04	00445	07.7	+08.7	0000	068.6	000.0	0000	0000	+00.00	02	00	0879	08
39	0002	10	12	13	04	00445	07.7	+08.8	0000	068.3	000.0	0000	0004	+00.00	02	00	0879	08
39	0003	10	12	13	04	00444	07.7	+08.8	0000	068.3	000.0	0000	0009	+00.00	02	00	0879	08
39	0004	10	12	13	04	00444	07.7	+08.8	0000	068.3	000.0	0001	0014	-00.07	02	01	0879	08
39	0005	10	12	13	04	00444	07.7	+08.7	0000	068.3	000.0	0001	0019	-00.07	02	01	0879	08
39	0006	10	12	13	04	00442	07.7	+08.7	0000	068.3	000.0	0002	0024	-00.10	02	01	0879	08
39	0007	10	12	13	04	00441	07.7	+08.8	0000	068.3	000.0	0004	0028	-00.11	02	01	0879	08
39	0008	10	12	13	04	00441	07.7	+08.8	0000	068.3	000.0	0004	0033	-00.11	02	01	0879	08
39	0009	10	12	13	05	00441	07.7	+08.8	0000	068.4	000.0	0004	0038	-00.10	02	01	0879	08
39	0010	10	12	13	05	00441	07.8	+08.9	0000	068.4	000.0	0004	0043	-00.09	02	01	0879	08
39	0011	10	12	13	05	00440	07.8	+08.8	0000	068.4	000.0	0005	0048	-00.09	02	01	0879	08
39	0012	10	12	13	05	00440	07.8	+08.8	0000	068.5	000.0	0005	0052	-00.09	02	01	0879	08
39	0013	10	12	13	05	00438	07.9	+09.0	0000	068.5	000.0	0006	0057	-00.09	02	01	0879	08
39	0014	10	12	13	05	00439	07.8	+08.8	0000	068.6	000.0	0006	0062	-00.09	02	01	0879	08
40	0001	10	12	13	07	00440	07.6	+08.5	0000	069.0	000.0	0000	0000	+00.00	02	00	0880	08
40	0002	10	12	13	07	00439	07.6	+08.5	0000	069.0	000.0	0000	0004	+00.00	02	00	0879	08
40	0003	10	12	13	08	00437	07.7	+08.6	0000	069.0	000.0	0000	0009	+00.00	02	00	0879	08
40	0004	10	12	13	08	00436	07.7	+08.6	0000	069.0	000.0	0003	0014	-00.21	02	01	0880	08
40	0005	10	12	13	08	00435	07.7	+08.6	0000	069.0	000.0	0004	0019	-00.21	02	01	0879	08
40	0006	10	12	13	08	00436	07.7	+08.6	0000	069.0	000.0	0004	0024	-00.16	02	01	0879	08
40	0007	10	12	13	08	00434	07.7	+08.6	0000	069.0	000.0	0005	0028	-00.15	02	01	0880	08
40	0008	10	12	13	08	00436	07.6	+08.5	0000	069.0	000.0	0004	0033	-00.11	02	01	0879	08
40	0009	10	12	13	08	00436	07.6	+08.5	0000	069.0	000.0	0004	0038	-00.09	02	01	0879	08
40	0010	10	12	13	08	00436	07.6	+08.5	0000	069.0	000.0	0003	0043	-00.07	02	01	0879	08
40	0011	10	12	13	08	00435	07.6	+08.5	0000	069.0	000.0	0004	0048	-00.07	02	01	0880	08
40	0012	10	12	13	08	00436	07.6	+08.5	0000	069.0	000.0	0003	0052	-00.05	02	01	0879	08
40	0013	10	12	13	08	00435	07.7	+08.6	0000	069.0	000.0	0003	0057	-00.05	02	01	0879	08
40	0014	10	12	13	08	00436	07.6	+08.4	0000	068.9	000.0	0003	0062	-00.04	02	01	0879	08
41	0001	10	12	13	10	00444	07.6	+08.4	0000	069.0	000.0	0000	0000	+00.00	02	00	0879	08
41	0002	10	12	13	10	00442	07.5	+08.3	0000	069.1	000.0	0000	0004	+00.00	02	00	0879	08
41	0003	10	12	13	10	00441	07.6	+08.3	0000	069.2	000.0	0000	0009	+00.00	02	00	0880	08
41	0004	10	12	13	10	00442	07.7	+08.5	0000	069.2	000.0	0002	0014	-00.11	02	01	0879	08
41	0005	10	12	13	10	00441	07.6	+08.4	0000	069.3	000.0	0002	0019	-00.11	02	01	0879	08
41	0006	10	12	13	10	00440	07.6	+08.4	0000	069.3	000.0	0003	0024	-00.11	02	01	0879	08
41	0007	10	12	13	10	00437	07.6	+08.4	0000	069.3	000.0	0005	0028	-00.15	02	01	0879	08
41	0008	10	12	13	10	00436	07.6	+08.4	0000	069.4	000.0	0006	0033	-00.17	02	01	0879	08
41	0009	10	12	13	11	00436	07.6	+08.4	0000	069.4	000.0	0007	0038	-00.17	02	01	0879	08
41	0010	10	12	13	11	00435	07.6	+08.4	0000	069.4	000.0	0008	0043	-00.16	02	01	0879	08
41	0011	10	12	13	11	00435	07.6	+08.4	0000	069.4	000.0	0009	0048	-00.16	02	01	0880	08
41	0012	10	12	13	11	00434	07.6	+08.4	0000	069.4	000.0	0009	0052	-00.15	02	01	0879	08
41	0013	10	12	13	11	00434	07.7	+08.4	0000	069.5	000.0	0010	0057	-00.15	02	01	0879	08
41	0014	10	12	13	11	00434	07.7	+08.4	0000	069.5	000.0	0010	0062	-00.14	02	01	0879	08
42	0001	10	12	13	12	00438	07.6	+08.2	0000	070.2	000.0	0000	0000	+00.00	02	00	0879	08
42	0002	10	12	13	12	00440	07.6	+08.2	0000	070.2	000.0	0000	0004	+00.00	02	00	0879	08
42	0003	10	12	13	12	00440	07.6	+08.2	0000	070.2	000.0	0000	0009	+00.00	02	00	0879	08
42	0004	10	12	13	12	00441	07.7	+08.4	0000	070.3	000.0	0001	0014	+00.11	02	00	0879	08
42	0005	10	12	13	12	00441	07.7	+08.4	0000	070.3	000.0	0002	0019	+00.11	02	00	0879	08
42	0006	10	12	13	13	00442	07.7	+08.3	0000	070.3	000.0	0003	0024	+00.11	02	00	0879	08
42	0007	10	12	13	13	00442	07.7	+08.4	0000	070.2	000.0	0003	0028	+00.09	02	00	0879	08
42	0008	10	12	13	13	00442	07.7	+08.3	0000	070.2	000.0	0003	0033	+00.09	02	00	0879	08
42	0009	10	12	13	13	00441	07.6	+08.4	0000	070.2	000.0	0002	0038	+00.06	02	00	0880	08
42	0010	10	12	13	13	00442	07.6	+08.2	0000	070.2	000.0	0002	0043	+00.05	02	00	0879	08
42	0011	10	12	13	13	00442	07.7	+08.4	0000	070.2	000.0	0002	0043	+00.05	02	00	0879	08
43	0001	10	12	13	14	00448	07.6	+08.4	0000	069.4	000.0	0000	0000	+00.00	02	00	0879	08
43	0002	10	12	13	14	00448	07.6	+08.3	0000	069.7	000.0	0000	0004	+00.00	02	00	0880	08
43	0003	10	12	13	14	00450	07.6	+08.3	0000	069.7	000.0	0000	0009	+00.00	02	00	0879	08
43	0004	10	12	13	14	00450	07.6	+08.3	0000	069.7	000.0	0002	0014	+00.13	02	00	0879	08
43	0005	10	12	13	14	00451	07.6	+08.3	0000	069.6	000.0	0003	0019	+00.13	02	00	0879	08
43	0006	10	12	13	14	00452	07.5	+08.2	0000	069.6	000.0	0004	0024	+00.14	02	00	0879	08
43	0007	10	12	13	14	00453	07.6	+08.4	0000	069.5	000.0	0005	0028	+00.15	02	00	0879	08
43	0008	10	12	13	14	00452	07.5	+08.3	0000	069.5	000.0	0005	0033	+00.13	02	00	0879	08
43	0009	10	12	13	14	00451	07.6	+08.3	0000	069.5	000.0	0004	0038	+00.09	02	00	0879	08
43	0010	10	12	13	14	00450	07.5	+08.2	0000	069.5	000.0	0003	0043	+00.06	02	00	0879	08
43	0011	10	12	13	14	00451	07.6	+08.3	0000	069.5	000.0	0003	0048	+00.05	02	00	0879	08
43	0012	10	12	13	15	00450	07.5	+08.2	0000	069.5	000.0	0002	0052	+00.04	02	00	0880	08
43	0013	10	12	13	15	00448	07.5	+08.2	0000	069.5	000.0	0001	0057	+00.02	02	00	0879	08
43	0014	10	12	13	15	00449	07.5	+08.2	0000	069.5	000.0	0000	0062	+00.00	02	00	0879	08
44	0001	10	12	13	16	00453	07.5	+08.1	0000	069.4	000.0	0000	0000	+00.00	02	00	0879	08
44	0002	10	12	13	16	00454	07.5	+08.2	0000	069.4	000.0	0000	0004	+00.00	02	00	0879	08
44	0003	10	12	13	16	00455	07.5	+08.1	0000	069.4	000.0	0000	0009	+00.00	02	00	0879	08
44	0004	10	12	13	16	00453	07.5	+08.2	0000	069.4	000.0	0000	0014	+00.04	02	00	0879	08
44	0005	10	12	13	16	00454	07.5	+08.2	0000	069.4	000.0	0000	0019	+00.03	02	00	0879	08
44	0006	10	12	13	16	00454	07.5	+08.2	0000	069.4	000.0	0000	0024	+00.02	02	00	0879	08
44	0007	10	12	13	16	00455	07.5	+08.2	0000	069.4	000.0	0001	0028	+00.03	02	00	0879	08
44	0008	10	12	13	16	00456	07.5	+08.2	0000	069.4	000.0	0002	0033	+00.05	02	00	0879	08
44	0009	10	12	13	16	00453	07.5	+08.2	0000	069.4	000.0	0001	0038	+00.02	02	00	0880	08
44	0010	10	12	13	16	00454	07.5	+08.2	0000	069.4	000.0	0000	0043	+00.01	02	00	0879	08
44	0011	10	12	13	16	00453	07.5	+08.2	0000	069.4	000.0	0000	0048	-00.00	02	01	0879	08
44	0012	10	12	13	16	00454	07.5	+08.2	0000	069.4	000.0	0000	0052	-00.00	02	01	0879	08
44	0013	10	12	13	16	00454	07.5	+08.2	0000	069.4	000.0	0000	0057	-00.00	02	01	0879	08
44	0014	10	12	13	17	00453	07.6	+08.2	0000	069.4	000.0	0000	0062	-00.00	02	01	0879	08
45	0001	10	12	13	18	00420	07.5	+08.1	0000	069.8	000.0	0000	0000	+00.00	02	00	0879	08
45	0002	10	12	13	18	00419	07.5	+08.1	0000	069.7	000.0	0000	0004	+00.00	02	00	0880	08
45	0003	10	12	13	18	00420	07.5	+08.0	0000	069.7	000.0	0000	0009	+00.00	02	00	0880	08
45	0004	10	12	13	18	00422	07.5	+08.1	0000	069.7	000.0	0002	0014	+00.13	02	00	0879	08
45	0005	10	12	13	18	00421	07.6	+08.2	0000	069.7	000.0	0002	0019	+00.09	02	00	0879	08
45	0006	10	12	13	18	00421	07.6	+08.2	0000	069.7	000.0	0002	0024	+00.07	02	00	0879	08
45	0007	10	12	13	18	00422	07.5	+08.1	0000	069.8	000.0	0002	0028	+00.06	02	00	0879	08
45	0008	10	12	13	18	00422	07.5	+08.2	0000	069.8	000.0	0002	0033	+00.05	02	00	0879	08
45	0009	10	12	13	18	00422	07.5	+08.1	0000	069.8	000.0	0002	0038	+00.04	02	00	0879	08
45	0010	10	12	13	18	00422	07.6	+08.2	0000	069.8	000.0	0002	0043	+00.04	02	00	0880	08
45	0011	10	12	13	19	00422	07.5	+08.2	0000	069.8	000.0	0002	0048	+00.04	02	00	0879	08
45	0012	10	12	13	19	00423	07.6	+08.2	0000	069.8	000.0	0002	0052	+00.04	02	00	0879	08
45	0013	10	12	13	19	00421	07.5	+08.1	0000	069.8	000.0	0001	0057	+00.02	02	00	0879	08
45	0014	10	12	13	19	00421	07.5	+08.0	0000	069.8	000.0	0001	0062	+00.02	02	00	0879	08
46	0001	10	12	13	21	00445	07.6	+08.0	0000	071.0	000.0	0000	0000	+00.00	02	00	0879	08
46	0002	10	12	13	22	00444	07.5	+08.0	0000	070.9	000.0	0000	0004	+00.00	02	00	0879	08
46	0003	10	12	13	22	00443	07.6	+08.0	0000	070.9	000.0	0000	0009	+00.00	02	00	0879	08
46	0004	10	12	13	22	00443	07.5	+07.9	0000	071.0	000.0	0002	0014	-00.14	02	01	0879	08
46	0005	10	12	13	22	00441	07.6	+08.0	0000	071.1	000.0	0004	0019	-00.18	02	01	0879	08
46	0006	10	12	13	22	00441	07.6	+08.0	0000	071.1	000.0	0004	0024	-00.14	02	01	0879	08
46	0007	10	12	13	22	00440	07.7	+08.1	0000	071.1	000.0	0004	0028	-00.14	02	01	0879	08
46	0008	10	12	13	22	00441	07.6	+08.0	0000	071.1	000.0	0004	0033	-00.12	02	01	0879	08
46	0009	10	12	13	22	00441	07.6	+08.0	0000	071.1	000.0	0004	0038	-00.09	02	01	0879	08
46	0010	10	12	13	22	00440	07.6	+08.0	0000	071.1	000.0	0004	0043	-00.09	02	01	0880	08
46	0011	10	12	13	22	00443	07.6	+08.0	0000	071.2	000.0	0003	0048	-00.06	02	01	0879	08
46	0012	10	12	13	22	00442	07.7	+08.0	0000	071.2	000.0	0003	0052	-00.04	02	01	0879	08
46	0013	10	12	13	22	00440	07.7	+08.2	0000	071.2	000.0	0003	0057	-00.04	02	01	0879	08
46	0014	10	12	13	23	00441	07.6	+08.0	0000	071.2	000.0	0002	0062	-00.03	02	01	0879	08
47	0001	10	12	13	24	00443	07.7	+07.9	0000	072.3	000.0	0000	0000	+00.00	02	00	0879	08
47	0002	10	12	13	24	00445	07.6	+07.9	0000	071.9	000.0	0000	0004	+00.00	02	00	0879	08
47	0003	10	12	13	24	00446	07.7	+08.0	0000	071.8	000.0	0000	0009	+00.00	02	00	0879	08
47	0004	10	12	13	24	00445	07.7	+08.0	0000	071.8	000.0	0002	0014	+00.15	02	00	0879	08
47	0005	10	12	13	24	00445	07.6	+08.0	0000	071.8	000.0	0002	0019	+00.10	02	00	0879	08
47	0006	10	12	13	24	00446	07.7	+08.0	0000	071.8	000.0	0002	0024	+00.09	02	00	0879	08
47	0007	10	12	13	24	00446	07.7	+08.1	0000	071.8	000.0	0002	0028	+00.07	02	00	0879	08
47	0008	10	12	13	24	00446	07.6	+08.0	0000	071.8	000.0	0002	0033	+00.06	02	00	0879	08
47	0009	10	12	13	24	00446	07.7	+08.0	0000	071.8	000.0	0002	0038	+00.05	02	00	0879	08
47	0010	10	12	13	24	00446	07.7	+08.0	0000	071.8	000.0	0002	0043	+00.04	02	00	0879	08
47	0011	10	12	13	24	00448	07.7	+08.0	0000	071.8	000.0	0003	0048	+00.05	02	00	0879	08
47	0012	10	12	13	24	00448	07.7	+08.0	0000	071.8	000.0	0003	0052	+00.05	02	00	0879	08
47	0013	10	12	13	24	00450	07.7	+08.0	0000	071.8	000.0	0004	0057	+00.06	02	00	0879	08
47	0014	10	12	13	25	00451	07.6	+08.0	0000	071.8	000.0	0006	0062	+00.08	02	00	0879	08
48	0001	10	12	13	25	00455	07.6	+08.1	0000	071.1	000.0	0000	0000	+00.00	02	00	0879	08
48	0002	10	12	13	25	00456	07.7	+08.1	0000	071.4	000.0	0000	0004	+00.00	02	00	0879	08
48	0003	10	12	13	25	00457	07.6	+08.0	0000	071.3	000.0	0000	0009	+00.00	02	00	0879	08
48	0004	10	12	13	26	00458	07.7	+08.1	0000	071.3	000.0	0002	0014	+00.17	02	00	0879	08
48	0005	10	12	13	26	00458	07.6	+08.1	0000	071.3	000.0	0003	0019	+00.14	02	00	0879	08
48	0006	10	12	13	26	00459	07.5	+07.9	0000	071.3	000.0	0004	0024	+00.14	02	00	0879	08
48	0007	10	12	13	26	00460	07.6	+08.0	0000	071.3	000.0	0005	0028	+00.15	02	00	0879	08
48	0008	10	12	13	26	00461	07.6	+08.0	0000	071.3	000.0	0005	0033	+00.14	02	00	0879	08
48	0009	10	12	13	26	00460	07.6	+08.0	0000	071.3	000.0	0005	0038	+00.13	02	00	0879	08
48	0010	10	12	13	26	00462	07.6	+08.0	0000	071.2	000.0	0006	0043	+00.12	02	00	0879	08
48	0011	10	12	13	26	00464	07.6	+08.0	0000	071.2	000.0	0007	0048	+00.13	02	00	0879	08
48	0012	10	12	13	26	00467	07.6	+08.0	0000	071.2	000.0	0009	0052	+00.15	02	00	0879	08
48	0013	10	12	13	26	00470	07.6	+08.1	0000	071.2	000.0	0012	0057	+00.18	02	00	0879	08
48	0014	10	12	13	26	00471	07.6	+08.0	0000	071.2	000.0	0014	0062	+00.19	02	00	0879	08
49	0001	10	12	13	28	00445	07.6	+08.0	0000	071.4	000.0	0000	0000	+00.00	02	00	0879	08
49	0002	10	12	13	28	00436	07.6	+08.0	0000	071.4	000.0	0000	0004	+00.00	02	00	0879	08
49	0003	10	12	13	28	00428	07.6	+08.0	0000	071.4	000.0	0000	0009	+00.00	02	00	0879	08
49	0004	10	12	13	28	00425	07.6	+08.0	0000	071.4	000.0	0019	0014	-01.16	02	01	0879	08
49	0005	10	12	13	28	00426	07.7	+08.0	0000	071.5	000.0	0019	0019	-00.85	02	01	0879	08
49	0006	10	12	13	28	00429	07.6	+08.0	0000	071.5	000.0	0015	0024	-00.54	02	01	0879	08
49	0007	10	12	13	28	00432	07.7	+08.0	0000	071.6	000.0	0011	0028	-00.32	02	01	0879	08
49	0008	10	12	13	28	00438	07.7	+08.0	0000	071.6	000.0	0005	0033	-00.12	02	01	0879	08
49	0009	10	12	13	29	00442	07.7	+08.0	0000	071.6	000.0	0001	0038	+00.02	02	00	0879	08
49	0010	10	12	13	29	00445	07.7	+08.0	0000	071.7	000.0	0006	0043	+00.13	02	00	0880	08
49	0011	10	12	13	29	00452	07.6	+07.9	0000	071.7	000.0	0013	0048	+00.23	02	00	0879	08
49	0012	10	12	13	29	00456	07.7	+08.0	0000	071.7	000.0	0019	0052	+00.31	02	00	0879	08
49	0013	10	12	13	29	00458	07.7	+08.0	0000	071.7	000.0	0024	0057	+00.36	02	00	0879	08
49	0014	10	12	13	29	00463	07.7	+08.0	0000	071.8	000.0	0030	0062	+00.40	02	00	0879	08
50	0001	10	12	13	30	00457	07.7	+07.9	0000	072.7	000.0	0000	0000	+00.00	02	00	0879	08
50	0002	10	12	13	30	00457	07.7	+07.9	0000	072.5	000.0	0000	0004	+00.00	02	00	0879	08
50	0003	10	12	13	30	00456	07.7	+07.9	0000	072.5	000.0	0000	0009	+00.00	02	00	0879	08
50	0004	10	12	13	30	00457	07.8	+08.0	0000	072.4	000.0	0000	0014	-00.03	02	01	0879	08
50	0005	10	12	13	30	00453	07.7	+08.0	0000	072.5	000.0	0003	0019	-00.13	02	01	0879	08
50	0006	10	12	13	30	00452	07.7	+08.0	0000	072.5	000.0	0005	0024	-00.18	02	01	0879	08
50	0007	10	12	13	30	00451	07.8	+08.0	0000	072.6	000.0	0007	0028	-00.20	02	01	0879	08
50	0008	10	12	13	30	00451	07.7	+08.0	0000	072.6	000.0	0007	0033	-00.18	02	01	0879	08
50	0009	10	12	13	30	00453	07.9	+08.2	0000	072.6	000.0	0006	0038	-00.14	02	01	0879	08
50	0010	10	12	13	31	00456	07.7	+08.0	0000	072.6	000.0	0004	0043	-00.08	02	01	0879	08
50	0011	10	12	13	31	00460	07.8	+08.1	0000	072.6	000.0	0000	0048	-00.01	02	01	0879	08
50	0012	10	12	13	31	00463	07.8	+08.0	0000	072.6	000.0	0002	0052	+00.04	02	00	0879	08
50	0013	10	12	13	31	00465	07.7	+07.9	0000	072.7	000.0	0006	0057	+00.09	02	00	0879	08
50	0014	10	12	13	31	00466	07.8	+08.0	0000	072.7	000.0	0008	0062	+00.12	02	00	0880	08
51	0001	10	12	13	32	00475	07.8	+08.0	0000	073.1	000.0	0000	0000	+00.00	02	00	0879	08
51	0002	10	12	13	32	00477	07.8	+08.0	0000	073.1	000.0	0000	0004	+00.00	02	00	0879	08
51	0003	10	12	13	32	00477	07.9	+08.1	0000	073.2	000.0	0000	0009	+00.00	02	00	0879	08
51	0004	10	12	13	32	00475	07.9	+08.1	0000	073.2	000.0	0000	0014	-00.01	02	01	0879	08
51	0005	10	12	13	32	00476	07.8	+08.0	0000	073.1	000.0	0000	0019	-00.02	02	01	0879	08
51	0006	10	12	13	32	00473	07.8	+08.0	0000	073.1	000.0	0002	0024	-00.07	02	01	0879	08
51	0007	10	12	13	32	00470	07.9	+08.1	0000	073.1	000.0	0004	0028	-00.14	02	01	0879	08
51	0008	10	12	13	32	00469	07.8	+08.0	0000	073.1	000.0	0007	0033	-00.18	02	01	0879	08
51	0009	10	12	13	33	00467	07.9	+08.0	0000	073.2	000.0	0009	0038	-00.20	02	01	0879	08
51	0010	10	12	13	33	00462	07.8	+08.0	0000	073.2	000.0	0013	0043	-00.25	02	01	0879	08
51	0011	10	12	13	33	00460	07.8	+08.0	0000	073.2	000.0	0016	0048	-00.28	02	01	0879	08
51	0012	10	12	13	33	00461	07.8	+08.0	0000	073.2	000.0	0018	0052	-00.28	02	01	0879	08
51	0013	10	12	13	33	00460	07.8	+08.0	0000	073.2	000.0	0019	0057	-00.28	02	01	0879	08
51	0014	10	12	13	33	00461	07.8	+08.0	0000	073.1	000.0	0020	0062	-00.26	02	01	0879	08
52	0001	10	12	13	41	00475	07.8	+08.0	0000	073.1	000.0	0000	0000	+00.00	02	00	0879	08
52	0002	10	12	13	41	00476	07.8	+08.0	0000	073.1	000.0	0000	0004	+00.00	02	00	0879	08
52	0003	10	12	13	41	00476	07.9	+08.0	0000	073.3	000.0	0000	0009	+00.00	02	00	0879	08
52	0004	10	12	13	41	00477	07.9	+08.1	0000	073.2	000.0	0001	0014	+00.09	02	00	0879	08
52	0005	10	12	13	41	00479	07.9	+08.2	0000	073.2	000.0	0003	0019	+00.14	02	00	0879	08
52	0006	10	12	13	41	00476	07.8	+08.0	0000	073.2	000.0	0001	0024	+00.06	02	00	0879	08
52	0007	10	12	13	41	00478	07.9	+08.1	0000	073.2	000.0	0002	0028	+00.06	02	00	0879	08
52	0008	10	12	13	41	00479	07.9	+08.1	0000	073.2	000.0	0003	0033	+00.08	02	00	0879	08
52	0009	10	12	13	41	00479	07.9	+08.1	0000	073.1	000.0	0003	0038	+00.07	02	00	0879	08
52	0010	10	12	13	41	00481	07.8	+08.0	0000	073.1	000.0	0004	0043	+00.09	02	00	0879	08
52	0011	10	12	13	41	00483	07.8	+08.0	0000	073.1	000.0	0006	0048	+00.11	02	00	0879	08
52	0012	10	12	13	41	00481	07.8	+08.0	0000	073.0	000.0	0006	0052	+00.10	02	00	0879	08
52	0013	10	12	13	42	00481	07.8	+08.0	0000	073.0	000.0	0006	0057	+00.09	02	00	0879	08
52	0014	10	12	13	42	00481	07.7	+08.0	0000	073.0	000.0	0006	0062	+00.09	02	00	0879	08
53	0001	10	12	13	43	00484	07.7	+08.0	0000	072.3	000.0	0000	0000	+00.00	02	00	0879	08
53	0002	10	12	13	43	00485	07.7	+08.0	0000	072.3	000.0	0000	0004	+00.00	02	00	0879	08
53	0003	10	12	13	43	00484	07.8	+08.1	0000	072.3	000.0	0000	0009	+00.00	02	00	0879	08
53	0004	10	12	13	43	00484	07.8	+08.1	0000	072.3	000.0	0000	0014	-00.00	02	01	0879	08
53	0005	10	12	13	43	00484	07.7	+07.9	0000	072.3	000.0	0000	0019	-00.02	02	01	0879	08
53	0006	10	12	13	43	00486	07.7	+08.0	0000	072.2	000.0	0000	0024	+00.01	02	00	0879	08
53	0007	10	12	13	43	00487	07.7	+08.0	0000	072.2	000.0	0002	0028	+00.06	02	00	0879	08
53	0008	10	12	13	43	00487	07.7	+08.0	0000	072.2	000.0	0002	0033	+00.06	02	00	0879	08
53	0009	10	12	13	43	00488	07.7	+08.0	0000	072.2	000.0	0003	0038	+00.07	02	00	0879	08
53	0010	10	12	13	43	00488	07.7	+08.0	0000	072.2	000.0	0004	0043	+00.08	02	00	0879	08
53	0011	10	12	13	43	00489	07.8	+08.2	0000	072.2	000.0	0005	0048	+00.09	02	00	0879	08
53	0012	10	12	13	44	00487	07.7	+08.0	0000	072.2	000.0	0004	0052	+00.07	02	00	0879	08
53	0013	10	12	13	44	00484	07.8	+08.2	0000	072.2	000.0	0003	0057	+00.04	02	00	0879	08
53	0014	10	12	13	44	00484	07.7	+08.0	0000	072.2	000.0	0002	0062	+00.02	02	00	0879	08
54	0001	10	12	13	46	00427	07.7	+08.0	0000	071.9	000.0	0000	0000	+00.00	02	00	0879	08
54	0002	10	12	13	46	00427	07.7	+08.0	0000	072.2	000.0	0000	0004	+00.00	02	00	0879	08
54	0003	10	12	13	46	00429	07.7	+08.0	0000	072.1	000.0	0000	0009	+00.00	02	00	0879	08
54	0004	10	12	13	46	00429	07.8	+08.2	0000	072.1	000.0	0001	0014	+00.11	02	00	0879	08
54	0005	10	12	13	46	00429	07.7	+08.0	0000	072.1	000.0	0001	0019	+00.07	02	00	0879	08
54	0006	10	12	13	46	00430	07.8	+08.1	0000	072.2	000.0	0002	0024	+00.08	02	00	0879	08
54	0007	10	12	13	46	00432	07.7	+08.0	0000	072.1	000.0	0004	0028	+00.12	02	00	0879	08
54	0008	10	12	13	46	00433	07.7	+08.0	0000	072.1	000.0	0005	0033	+00.14	02	00	0879	08
54	0009	10	12	13	46	00435	07.7	+08.0	0000	072.1	000.0	0007	0038	+00.16	02	00	0879	08
54	0010	10	12	13	46	00434	07.7	+08.0	0000	072.1	000.0	0008	0043	+00.15	02	00	0879	08
54	0011	10	12	13	46	00435	07.7	+08.0	0000	072.1	000.0	0008	0048	+00.15	02	00	0879	08
54	0012	10	12	13	46	00435	07.7	+08.0	0000	072.0	000.0	0009	0052	+00.14	02	00	0879	08
54	0013	10	12	13	46	00439	07.7	+08.1	0000	072.0	000.0	0010	0057	+00.15	02	00	0879	08
54	0014	10	12	13	47	00439	07.7	+08.0	0000	072.0	000.0	0011	0062	+00.15	02	00	0879	08
55	0001	10	12	13	48	00435	07.7	+08.0	0000	071.5	000.0	0000	0000	+00.00	02	00	0879	08
55	0002	10	12	13	48	00434	07.7	+08.1	0000	071.6	000.0	0000	0004	+00.00	02	00	0879	08
55	0003	10	12	13	48	00436	07.6	+08.0	0000	071.5	000.0	0000	0009	+00.00	02	00	0879	08
55	0004	10	12	13	48	00438	07.6	+08.0	0000	071.5	000.0	0003	0014	+00.18	02	00	0879	08
55	0005	10	12	13	48	00439	07.6	+08.0	0000	071.5	000.0	0004	0019	+00.20	02	00	0879	08
55	0006	10	12	13	48	00441	07.6	+07.9	0000	071.5	000.0	0006	0024	+00.24	02	00	0879	08
55	0007	10	12	13	48	00441	07.7	+08.0	0000	071.5	000.0	0007	0028	+00.22	02	00	0879	08
55	0008	10	12	13	48	00441	07.6	+08.0	0000	071.5	000.0	0008	0033	+00.20	02	00	0879	08
55	0009	10	12	13	48	00441	07.6	+08.0	0000	071.5	000.0	0008	0038	+00.18	02	00	0879	08
55	0010	10	12	13	48	00441	07.6	+08.0	0000	071.5	000.0	0008	0043	+00.15	02	00	0879	08
55	0011	10	12	13	48	00442	07.6	+08.0	0000	071.5	000.0	0008	0048	+00.14	02	00	0879	08
55	0012	10	12	13	48	00444	07.6	+08.0	0000	071.5	000.0	0009	0052	+00.14	02	00	0879	08
55	0013	10	12	13	48	00444	07.6	+08.0	0000	071.5	000.0	0009	0057	+00.14	02	00	0879	08
55	0014	10	12	13	49	00442	07.7	+08.2	0000	071.5	000.0	0009	0062	+00.12	02	00	0879	08
56	0001	10	12	13	49	00444	07.7	+08.0	0000	071.9	000.0	0000	0000	+00.00	02	00	0879	08
56	0002	10	12	13	49	00444	07.7	+08.0	0000	071.9	000.0	0000	0004	+00.00	02	00	0879	08
56	0003	10	12	13	49	00443	07.7	+08.1	0000	071.8	000.0	0000	0009	+00.00	02	00	0879	08
56	0004	10	12	13	50	00444	07.6	+08.0	0000	071.8	000.0	0000	0014	+00.02	02	00	0879	08
56	0005	10	12	13	50	00444	07.7	+08.1	0000	071.7	000.0	0000	0019	+00.04	02	00	0879	08
56	0006	10	12	13	50	00446	07.7	+08.0	0000	071.8	000.0	0002	0024	+00.07	02	00	0879	08
56	0007	10	12	13	50	00446	07.7	+08.0	0000	071.8	000.0	0002	0028	+00.08	02	00	0879	08
56	0008	10	12	13	50	00447	07.7	+08.0	0000	071.8	000.0	0003	0033	+00.09	02	00	0879	08
56	0009	10	12	13	50	00446	07.6	+07.9	0000	071.8	000.0	0003	0038	+00.08	02	00	0879	08
56	0010	10	12	13	50	00447	07.7	+08.0	0000	071.8	000.0	0004	0043	+00.07	02	00	0879	08
56	0011	10	12	13	50	00444	07.6	+07.9	0000	071.8	000.0	0003	0048	+00.05	02	00	0879	08
56	0012	10	12	13	50	00443	07.7	+08.0	0000	071.8	000.0	0001	0052	+00.02	02	00	0879	08
56	0013	10	12	13	50	00442	07.7	+08.1	0000	071.8	000.0	0000	0057	+00.00	02	00	0879	08
56	0014	10	12	13	50	00444	07.7	+08.0	0000	071.8	000.0	0000	0062	+00.00	02	00	0879	08
57	0001	10	12	13	51	00442	07.7	+07.9	0000	072.3	000.0	0000	0000	+00.00	02	00	0879	08
57	0002	10	12	13	51	00442	07.7	+08.0	0000	072.2	000.0	0000	0004	+00.00	02	00	0879	08
57	0003	10	12	13	51	00443	07.8	+08.1	0000	072.2	000.0	0000	0009	+00.00	02	00	0879	08
57	0004	10	12	13	51	00446	07.7	+08.0	0000	072.2	000.0	0003	0014	+00.21	02	00	0879	08
57	0005	10	12	13	51	00445	07.7	+08.0	0000	072.2	000.0	0004	0019	+00.19	02	00	0879	08
57	0006	10	12	13	52	00446	07.8	+08.1	0000	072.2	000.0	0004	0024	+00.17	02	00	0879	08
57	0007	10	12	13	52	00446	07.7	+08.0	0000	072.2	000.0	0005	0028	+00.15	02	00	0879	08
57	0008	10	12	13	52	00447	07.7	+08.0	0000	072.2	000.0	0005	0033	+00.13	02	00	0879	08
57	0009	10	12	13	52	00448	07.7	+08.0	0000	072.2	000.0	0006	0038	+00.13	02	00	0879	08
57	0010	10	12	13	52	00447	07.7	+08.0	0000	072.2	000.0	0005	0043	+00.11	02	00	0879	08
57	0011	10	12	13	52	00445	07.7	+08.0	0000	072.2	000.0	0005	0048	+00.08	02	00	0879	08
57	0012	10	12	13	52	00444	07.7	+08.0	0000	072.2	000.0	0003	0052	+00.06	02	00	0879	08
57	0013	10	12	13	52	00444	07.7	+08.0	0000	072.2	000.0	0002	0057	+00.04	02	00	0879	08
57	0014	10	12	13	52	00444	07.7	+08.0	0000	072.2	000.0	0001	0062	+00.02	02	00	0879	08
58	0001	10	12	13	55	00447	07.8	+07.9	0000	073.1	000.0	0000	0000	+00.00	02	00	0878	08
58	0002	10	12	13	55	00447	07.8	+08.0	0000	073.1	000.0	0000	0004	+00.00	02	00	0878	08
58	0003	10	12	13	56	00448	07.9	+08.1	0000	073.1	000.0	0000	0009	+00.00	02	00	0879	08
58	0004	10	12	13	56	00447	07.8	+08.0	0000	073.1	000.0	0000	0014	+00.03	02	00	0878	08
58	0005	10	12	13	56	00448	07.9	+08.2	0000	073.1	000.0	0001	0019	+00.06	02	00	0878	08
58	0006	10	12	13	56	00449	07.8	+08.0	0000	073.1	000.0	0001	0024	+00.06	02	00	0878	08
58	0007	10	12	13	56	00450	07.8	+08.0	0000	073.1	000.0	0003	0028	+00.09	02	00	0878	08
58	0008	10	12	13	56	00451	07.8	+08.0	0000	073.2	000.0	0003	0033	+00.10	02	00	0879	08
58	0009	10	12	13	56	00452	07.8	+08.0	0000	073.2	000.0	0005	0038	+00.11	02	00	0878	08
58	0010	10	12	13	56	00452	07.9	+08.0	0000	073.2	000.0	0005	0043	+00.11	02	00	0879	08
58	0011	10	12	13	56	00455	07.9	+08.1	0000	073.2	000.0	0007	0048	+00.13	02	00	0878	08
58	0012	10	12	13	56	00455	07.8	+08.0	0000	073.2	000.0	0008	0052	+00.13	02	00	0878	08
58	0013	10	12	13	56	00456	07.8	+08.0	0000	073.2	000.0	0009	0057	+00.14	02	00	0878	08
58	0014	10	12	13	56	00456	07.8	+08.0	0000	073.2	000.0	0010	0062	+00.13	02	00	0878	08
59	0001	10	12	13	58	00445	07.9	+08.0	0000	073.9	000.0	0000	0000	+00.00	02	00	0879	08
59	0002	10	12	13	58	00448	07.9	+08.0	0000	073.6	000.0	0000	0004	+00.00	02	00	0878	08
59	0003	10	12	13	58	00450	07.9	+08.0	0000	073.8	000.0	0000	0009	+00.00	02	00	0879	08
59	0004	10	12	13	58	00452	07.8	+08.0	0000	073.7	000.0	0006	0014	+00.39	02	00	0878	08
59	0005	10	12	13	58	00452	07.9	+08.0	0000	073.7	000.0	0007	0019	+00.31	02	00	0878	08
59	0006	10	12	13	58	00453	07.9	+08.0	0000	073.7	000.0	0008	0024	+00.27	02	00	0878	08
59	0007	10	12	13	58	00453	07.9	+08.0	0000	073.7	000.0	0007	0028	+00.23	02	00	0879	08
59	0008	10	12	13	58	00454	07.9	+08.0	0000	073.7	000.0	0008	0033	+00.21	02	00	0878	08
59	0009	10	12	13	58	00456	07.9	+08.0	0000	073.7	000.0	0009	0038	+00.20	02	00	0878	08
59	0010	10	12	13	58	00456	07.9	+08.0	0000	073.7	000.0	0010	0043	+00.19	02	00	0878	08
59	0011	10	12	13	58	00456	07.9	+08.0	0000	073.7	000.0	0010	0048	+00.18	02	00	0878	08
59	0012	10	12	13	58	00455	07.9	+08.0	0000	073.7	000.0	0010	0052	+00.16	02	00	0878	08
59	0013	10	12	13	59	00456	07.9	+08.0	0000	073.7	000.0	0010	0057	+00.14	02	00	0878	08
;Received 1000 record(s)