;EGM-4 Data
;SoftwareVersion=1.05
;Plot	RecNo	Day	Month	Hour	Min	CO2 Ref	mb Ref	mbR Temp	Input A	Input B	Input C	Input D	Input E	Input F	Input G	Input H	ATMP	Probe Type
01	0001	28	07	09	12	00703	18.6	+24.6	0000	059.9	000.0	0000	0000	+00.00	00	00	0895	08
01	0002	28	07	09	12	00717	18.6	+24.6	0000	059.9	000.0	0000	0004	+00.00	00	00	0895	08
01	0003	28	07	09	12	00735	18.6	+24.7	0000	059.9	000.0	0000	0009	+00.00	00	00	0895	08
01	0004	28	07	09	12	00748	18.6	+24.7	0000	059.9	000.0	0045	0014	+02.71	02	00	0895	08
01	0005	28	07	09	13	00764	18.6	+24.7	0000	059.9	000.0	0061	0019	+02.73	02	00	0897	08
01	0006	28	07	09	13	00782	18.5	+24.7	0000	059.8	000.0	0078	0024	+02.80	02	00	0895	08
01	0007	28	07	09	13	00800	18.5	+24.7	0000	059.8	000.0	0096	0028	+02.86	02	00	0895	08
01	0008	28	07	09	13	00809	18.5	+24.7	0000	059.7	000.0	0109	0033	+02.78	02	00	0895	08
02	0001	28	07	09	15	00883	18.6	+24.9	0000	059.0	000.0	0000	0000	+00.00	02	00	0897	08
02	0002	28	07	09	15	00898	18.5	+24.8	0000	059.0	000.0	0000	0004	+00.00	02	00	0895	08
02	0003	28	07	09	15	00903	18.5	+24.8	0000	059.0	000.0	0000	0009	+00.00	02	00	0897	08
02	0004	28	07	09	15	00915	18.6	+24.9	0000	059.0	000.0	0030	0014	+01.81	02	00	0895	08
02	0005	28	07	09	15	00927	18.6	+24.9	0000	059.0	000.0	0042	0019	+01.88	02	00	0897	08
02	0006	28	07	09	15	00934	18.6	+24.9	0000	059.0	000.0	0050	0024	+01.81	02	00	0895	08
02	0007	28	07	09	15	00951	18.6	+24.9	0000	059.0	000.0	0064	0028	+01.91	02	00	0897	08
02	0008	28	07	09	16	00954	18.8	+24.9	0000	059.1	000.0	0072	0033	+01.84	02	00	0897	08
02	0009	28	07	09	16	00970	18.6	+24.9	0000	059.1	000.0	0084	0038	+01.88	02	00	0895	08
02	0010	28	07	09	16	00980	18.6	+24.9	0000	059.1	000.0	0095	0043	+01.88	02	00	0897	08
02	0011	28	07	09	16	00988	18.6	+24.9	0000	059.1	000.0	0105	0048	+01.87	02	00	0897	08
03	0001	28	07	09	17	01082	18.6	+25.0	0000	058.5	000.0	0000	0000	+00.00	02	00	0895	08
03	0002	28	07	09	18	01090	18.5	+25.0	0000	058.5	000.0	0000	0004	+00.00	02	00	0897	08
03	0003	28	07	09	18	01104	18.6	+25.1	0000	058.5	000.0	0000	0009	+00.00	02	00	0895	08
03	0004	28	07	09	18	01116	18.8	+25.1	0000	058.6	000.0	0035	0014	+02.09	02	00	0897	08
03	0005	28	07	09	18	01129	18.8	+25.1	0000	058.7	000.0	0048	0019	+02.17	02	00	0895	08
03	0006	28	07	09	18	01144	18.8	+25.1	0000	058.8	000.0	0062	0024	+02.24	02	00	0895	08
03	0007	28	07	09	18	01161	18.9	+25.1	0000	058.9	000.0	0079	0028	+02.35	02	00	0895	08
03	0008	28	07	09	18	01170	18.9	+25.1	0000	059.0	000.0	0091	0033	+02.34	02	00	0895	08
03	0009	28	07	09	19	01189	18.9	+25.1	0000	059.0	000.0	0107	0038	+02.41	02	00	0895	08
04	0001	28	07	09	20	01207	19.0	+25.2	0000	059.5	000.0	0000	0000	+00.00	02	00	0895	08
04	0002	28	07	09	20	01221	19.1	+25.2	0000	059.5	000.0	0000	0004	+00.00	02	00	0897	08
04	0003	28	07	09	20	01222	19.1	+25.2	0000	059.5	000.0	0000	0009	+00.00	02	00	0897	08
04	0004	28	07	09	20	01237	19.1	+25.2	0000	059.5	000.0	0027	0014	+01.62	02	00	0895	08
04	0005	28	07	09	21	01240	19.1	+25.2	0000	059.5	000.0	0032	0019	+01.46	02	00	0895	08
04	0006	28	07	09	21	01245	19.1	+25.2	0000	059.5	000.0	0037	0024	+01.34	02	00	0895	08
04	0007	28	07	09	21	01258	19.0	+25.2	0000	059.5	000.0	0046	0028	+01.39	02	00	0897	08
04	0008	28	07	09	21	01261	19.0	+25.2	0000	059.4	000.0	0052	0033	+01.34	02	00	0895	08
04	0009	28	07	09	21	01276	19.0	+25.2	0000	059.4	000.0	0063	0038	+01.41	02	00	0895	08
04	0010	28	07	09	21	01288	19.0	+25.3	0000	059.3	000.0	0075	0043	+01.49	02	00	0895	08
04	0011	28	07	09	22	01293	19.0	+25.2	0000	059.3	000.0	0084	0048	+01.50	02	00	0897	08
04	0012	28	07	09	22	01303	19.0	+25.3	0000	059.3	000.0	0094	0052	+01.52	02	00	0895	08
04	0013	28	07	09	22	01307	19.0	+25.3	0000	059.3	000.0	0101	0057	+01.50	02	00	0897	08
05	0001	28	07	09	25	00460	19.1	+25.4	0000	058.6	000.0	0000	0000	+00.00	02	00	0897	08
05	0002	28	07	09	25	00467	19.1	+25.4	0000	058.6	000.0	0000	0004	+00.00	02	00	0897	08
05	0003	28	07	09	26	00473	19.1	+25.4	0000	058.6	000.0	0000	0009	+00.00	02	00	0897	08
05	0004	28	07	09	26	00480	19.1	+25.4	0000	058.6	000.0	0019	0014	+01.15	02	00	0897	08
05	0005	28	07	09	26	00486	19.1	+25.4	0000	058.6	000.0	0025	0019	+01.14	02	00	0897	08
05	0006	28	07	09	26	00497	19.1	+25.4	0000	058.6	000.0	0035	0024	+01.24	02	00	0897	08
05	0007	28	07	09	26	00504	19.1	+25.5	0000	058.6	000.0	0043	0028	+01.28	02	00	0895	08
05	0008	28	07	09	26	00518	19.1	+25.5	0000	058.6	000.0	0055	0033	+01.40	02	00	0897	08
05	0009	28	07	09	26	00522	19.1	+25.5	0000	058.6	000.0	0063	0038	+01.40	02	00	0897	08
05	0010	28	07	09	27	00529	19.1	+25.5	0000	058.6	000.0	0070	0043	+01.40	02	00	0897	08
05	0011	28	07	09	27	00535	19.1	+25.5	0000	058.6	000.0	0077	0048	+01.38	02	00	0895	08
05	0012	28	07	09	27	00544	19.1	+25.5	0000	058.6	000.0	0085	0052	+01.38	02	00	0895	08
05	0013	28	07	09	27	00550	19.3	+25.5	0000	058.6	000.0	0092	0057	+01.37	02	00	0897	08
05	0014	28	07	09	27	00557	19.3	+25.5	0000	058.6	000.0	0099	0062	+01.36	02	00	0895	08
06	0001	28	07	09	29	00548	19.4	+25.6	0000	059.1	000.0	0000	0000	+00.00	02	00	0897	08
06	0002	28	07	09	29	00556	19.2	+25.6	0000	058.9	000.0	0000	0004	+00.00	02	00	0897	08
06	0003	28	07	09	29	00566	19.2	+25.6	0000	058.8	000.0	0000	0009	+00.00	02	00	0895	08
06	0004	28	07	09	29	00567	19.2	+25.6	0000	058.8	000.0	0019	0014	+01.17	02	00	0895	08
06	0005	28	07	09	29	00578	19.3	+25.6	0000	058.7	000.0	0027	0019	+01.23	02	00	0897	08
06	0006	28	07	09	30	00580	19.3	+25.6	0000	058.7	000.0	0032	0024	+01.15	02	00	0897	08
06	0007	28	07	09	30	00590	19.5	+25.6	0000	058.8	000.0	0040	0028	+01.18	02	00	0895	08
06	0008	28	07	09	30	00594	19.5	+25.6	0000	058.8	000.0	0045	0033	+01.16	02	00	0897	08
06	0009	28	07	09	30	00603	19.6	+25.6	0000	058.9	000.0	0052	0038	+01.17	02	00	0895	08
06	0010	28	07	09	30	00609	19.7	+25.7	0000	059.0	000.0	0059	0043	+01.18	02	00	0897	08
06	0011	28	07	09	30	00619	19.7	+25.7	0000	059.0	000.0	0067	0048	+01.21	02	00	0897	08
06	0012	28	07	09	30	00626	19.7	+25.7	0000	059.1	000.0	0075	0052	+01.22	02	00	0897	08
06	0013	28	07	09	31	00630	19.7	+25.7	0000	059.1	000.0	0082	0057	+01.21	02	00	0897	08
06	0014	28	07	09	31	00643	19.7	+25.7	0000	059.1	000.0	0091	0062	+01.24	02	00	0897	08
07	0001	28	07	09	37	00669	19.5	+26.2	0000	057.2	000.0	0000	0000	+00.00	02	00	0897	08
07	0002	28	07	09	37	00678	19.6	+26.3	0000	057.2	000.0	0000	0004	+00.00	02	00	0897	08
07	0003	28	07	09	37	00686	19.5	+26.2	0000	057.2	000.0	0000	0009	+00.00	02	00	0897	08
07	0004	28	07	09	37	00691	19.6	+26.3	0000	057.2	000.0	0022	0014	+01.34	02	00	0897	08
07	0005	28	07	09	37	00703	19.6	+26.3	0000	057.2	000.0	0032	0019	+01.43	02	00	0897	08
07	0006	28	07	09	37	00711	19.6	+26.3	0000	057.2	000.0	0040	0024	+01.46	02	00	0897	08
07	0007	28	07	09	38	00722	19.6	+26.3	0000	057.2	000.0	0051	0028	+01.53	02	00	0897	08
07	0008	28	07	09	38	00732	19.6	+26.3	0000	057.2	000.0	0061	0033	+01.57	02	00	0895	08
07	0009	28	07	09	38	00737	19.6	+26.3	0000	057.2	000.0	0069	0038	+01.55	02	00	0897	08
07	0010	28	07	09	38	00750	19.6	+26.3	0000	057.2	000.0	0080	0043	+01.58	02	00	0897	08
07	0011	28	07	09	38	00758	19.6	+26.3	0000	057.3	000.0	0089	0048	+01.59	02	00	0897	08
07	0012	28	07	09	38	00766	19.7	+26.4	0000	057.3	000.0	0098	0052	+01.59	02	00	0897	08
07	0013	28	07	09	38	00774	19.6	+26.3	0000	057.3	000.0	0106	0057	+01.58	02	00	0897	08
08	0001	28	07	09	41	00717	19.5	+26.4	0000	056.8	000.0	0000	0000	+00.00	02	00	0897	08
08	0002	28	07	09	41	00723	19.5	+26.4	0000	056.8	000.0	0000	0004	+00.00	02	00	0895	08
08	0003	28	07	09	41	00722	19.6	+26.3	0000	056.8	000.0	0000	0009	+00.00	02	00	0897	08
08	0004	28	07	09	41	00730	19.7	+26.4	0000	056.9	000.0	0011	0014	+00.69	02	00	0897	08
08	0005	28	07	09	41	00733	19.7	+26.4	0000	056.9	000.0	0016	0019	+00.72	02	00	0897	08
08	0006	28	07	09	41	00732	19.7	+26.4	0000	057.0	000.0	0016	0024	+00.58	02	00	0897	08
08	0007	28	07	09	42	00737	19.8	+26.4	0000	057.1	000.0	0019	0028	+00.57	02	00	0897	08
08	0008	28	07	09	42	00738	19.8	+26.4	0000	057.2	000.0	0020	0033	+00.53	02	00	0897	08
08	0009	28	07	09	42	00744	19.8	+26.4	0000	057.2	000.0	0024	0038	+00.56	02	00	0897	08
08	0010	28	07	09	42	00748	19.8	+26.4	0000	057.3	000.0	0028	0043	+00.57	02	00	0895	08
08	0011	28	07	09	42	00755	19.8	+26.4	0000	057.3	000.0	0034	0048	+00.61	02	00	0897	08
08	0012	28	07	09	42	00750	19.8	+26.4	0000	057.4	000.0	0035	0052	+00.57	02	00	0897	08
08	0013	28	07	09	42	00756	19.8	+26.4	0000	057.4	000.0	0038	0057	+00.57	02	00	0897	08
08	0014	28	07	09	43	00761	19.8	+26.4	0000	057.4	000.0	0041	0062	+00.57	02	00	0897	08
09	0001	28	07	09	44	00768	19.8	+26.4	0000	057.7	000.0	0000	0000	+00.00	02	00	0895	08
09	0002	28	07	09	44	00767	19.8	+26.4	0000	057.7	000.0	0000	0004	+00.00	02	00	0895	08
09	0003	28	07	09	44	00775	19.8	+26.4	0000	057.7	000.0	0000	0009	+00.00	02	00	0897	08
09	0004	28	07	09	45	00781	19.8	+26.4	0000	057.7	000.0	0014	0014	+00.83	02	00	0895	08
09	0005	28	07	09	45	00784	19.8	+26.4	0000	057.7	000.0	0018	0019	+00.83	02	00	0897	08
09	0006	28	07	09	45	00788	19.8	+26.4	0000	057.7	000.0	0022	0024	+00.80	02	00	0897	08
09	0007	28	07	09	45	00792	19.8	+26.3	0000	057.7	000.0	0026	0028	+00.78	02	00	0897	08
09	0008	28	07	09	45	00801	19.8	+26.4	0000	057.7	000.0	0033	0033	+00.84	02	00	0897	08
09	0009	28	07	09	45	00807	19.8	+26.4	0000	057.7	000.0	0040	0038	+00.89	02	00	0897	08
09	0010	28	07	09	45	00810	19.8	+26.3	0000	057.7	000.0	0045	0043	+00.89	02	00	0897	08
09	0011	28	07	09	46	00817	19.8	+26.3	0000	057.7	000.0	0051	0048	+00.90	02	00	0897	08
09	0012	28	07	09	46	00824	19.8	+26.4	0000	057.7	000.0	0057	0052	+00.93	02	00	0897	08
09	0013	28	07	09	46	00827	19.8	+26.3	0000	057.7	000.0	0063	0057	+00.93	02	00	0897	08
09	0014	28	07	09	46	00836	19.7	+26.3	0000	057.7	000.0	0069	0062	+00.95	02	00	0897	08
10	0001	28	07	09	48	00805	19.9	+26.3	0000	058.2	000.0	0000	0000	+00.00	02	00	0897	08
10	0002	28	07	09	48	00807	19.9	+26.3	0000	058.5	000.0	0000	0004	+00.00	02	00	0897	08
10	0003	28	07	09	48	00808	19.9	+26.3	0000	058.4	000.0	0000	0009	+00.00	02	00	0897	08
10	0004	28	07	09	48	00814	19.9	+26.3	0000	058.3	000.0	0008	0014	+00.51	02	00	0897	08
10	0005	28	07	09	49	00812	19.9	+26.3	0000	058.3	000.0	0008	0019	+00.38	02	00	0897	08
10	0006	28	07	09	49	00819	19.9	+26.3	0000	058.3	000.0	0013	0024	+00.47	02	00	0895	08
10	0007	28	07	09	49	00816	19.9	+26.3	0000	058.3	000.0	0013	0028	+00.39	02	00	0897	08
10	0008	28	07	09	49	00821	19.9	+26.3	0000	058.3	000.0	0015	0033	+00.40	02	00	0897	08
10	0009	28	07	09	49	00825	19.9	+26.3	0000	058.3	000.0	0019	0038	+00.42	02	00	0897	08
10	0010	28	07	09	49	00828	19.9	+26.3	0000	058.3	000.0	0022	0043	+00.44	02	00	0897	08
10	0011	28	07	09	49	00827	19.9	+26.3	0000	058.3	000.0	0023	0048	+00.42	02	00	0897	08
10	0012	28	07	09	50	00833	19.9	+26.3	0000	058.3	000.0	0027	0052	+00.43	02	00	0897	08
10	0013	28	07	09	50	00833	19.7	+26.3	0000	058.2	000.0	0029	0057	+00.43	02	00	0897	08
10	0014	28	07	09	50	00833	19.9	+26.3	0000	058.2	000.0	0030	0062	+00.41	02	00	0897	08
11	0001	28	07	09	51	00835	19.7	+26.3	0000	057.7	000.0	0000	0000	+00.00	02	00	0897	08
11	0002	28	07	09	51	00840	19.7	+26.3	0000	057.7	000.0	0000	0004	+00.00	02	00	0897	08
11	0003	28	07	09	52	00850	19.7	+26.3	0000	057.7	000.0	0000	0009	+00.00	02	00	0897	08
11	0004	28	07	09	52	00855	19.7	+26.3	0000	057.7	000.0	0021	0014	+01.28	02	00	0897	08
11	0005	28	07	09	52	00861	19.7	+26.3	0000	057.7	000.0	0027	0019	+01.21	02	00	0897	08
11	0006	28	07	09	52	00871	19.7	+26.3	0000	057.7	000.0	0035	0024	+01.26	02	00	0897	08
11	0007	28	07	09	52	00877	19.7	+26.2	0000	057.7	000.0	0043	0028	+01.28	02	00	0897	08
11	0008	28	07	09	52	00883	19.7	+26.3	0000	057.7	000.0	0049	0033	+01.26	02	00	0897	08
11	0009	28	07	09	52	00895	19.9	+26.3	0000	057.8	000.0	0058	0038	+01.31	02	00	0895	08
11	0010	28	07	09	53	00896	19.9	+26.3	0000	057.8	000.0	0064	0043	+01.27	02	00	0897	08
11	0011	28	07	09	53	00905	19.9	+26.3	0000	057.8	000.0	0070	0048	+01.26	02	00	0897	08
11	0012	28	07	09	53	00911	19.9	+26.3	0000	057.9	000.0	0077	0052	+01.25	02	00	0897	08
11	0013	28	07	09	53	00918	19.9	+26.3	0000	057.9	000.0	0084	0057	+01.25	02	00	0897	08
11	0014	28	07	09	53	00927	20.1	+26.3	0000	057.9	000.0	0091	0062	+01.26	02	00	0897	08
12	0001	28	07	09	55	00887	20.1	+26.3	0000	058.7	000.0	0000	0000	+00.00	02	00	0897	08
12	0002	28	07	09	55	00892	19.9	+26.3	0000	058.6	000.0	0000	0004	+00.00	02	00	0897	08
12	0003	28	07	09	55	00897	19.9	+26.3	0000	058.5	000.0	0000	0009	+00.00	02	00	0897	08
12	0004	28	07	09	55	00907	19.9	+26.3	0000	058.4	000.0	0019	0014	+01.13	02	00	0897	08
12	0005	28	07	09	55	00914	19.9	+26.3	0000	058.4	000.0	0027	0019	+01.23	02	00	0897	08
12	0006	28	07	09	56	00918	20.1	+26.3	0000	058.4	000.0	0033	0024	+01.18	02	00	0897	08
12	0007	28	07	09	56	00923	20.1	+26.3	0000	058.5	000.0	0038	0028	+01.13	02	00	0897	08
12	0008	28	07	09	56	00930	20.1	+26.3	0000	058.5	000.0	0044	0033	+01.12	02	00	0897	08
12	0009	28	07	09	56	00937	20.1	+26.3	0000	058.5	000.0	0050	0038	+01.12	02	00	0897	08
12	0010	28	07	09	56	00948	20.1	+26.3	0000	058.5	000.0	0059	0043	+01.17	02	00	0897	08
12	0011	28	07	09	56	00956	20.1	+26.3	0000	058.6	000.0	0067	0048	+01.20	02	00	0897	08
12	0012	28	07	09	56	00952	20.2	+26.3	0000	058.6	000.0	0071	0052	+01.15	02	00	0897	08
12	0013	28	07	09	57	00962	20.2	+26.2	0000	058.6	000.0	0077	0057	+01.14	02	00	0897	08
12	0014	28	07	09	57	00972	20.4	+26.2	0000	058.7	000.0	0084	0062	+01.15	02	00	0897	08
13	0001	28	07	10	00	00923	20.2	+26.3	0000	059.2	000.0	0000	0000	+00.00	02	00	0897	08
13	0002	28	07	10	00	00926	20.3	+26.3	0000	059.2	000.0	0000	0004	+00.00	02	00	0897	08
13	0003	28	07	10	00	00932	20.2	+26.3	0000	059.2	000.0	0000	0009	+00.00	02	00	0897	08
13	0004	28	07	10	00	00935	20.1	+26.3	0000	059.1	000.0	0012	0014	+00.74	02	00	0897	08
13	0005	28	07	10	00	00941	20.2	+26.4	0000	059.0	000.0	0017	0019	+00.79	02	00	0897	08
13	0006	28	07	10	01	00944	20.1	+26.3	0000	058.9	000.0	0021	0024	+00.77	02	00	0897	08
13	0007	28	07	10	01	00948	20.1	+26.3	0000	058.9	000.0	0025	0028	+00.76	02	00	0897	08
13	0008	28	07	10	01	00954	20.2	+26.4	0000	058.9	000.0	0030	0033	+00.77	02	00	0897	08
13	0009	28	07	10	01	00961	20.2	+26.4	0000	058.9	000.0	0036	0038	+00.82	02	00	0897	08
13	0010	28	07	10	01	00966	20.1	+26.3	0000	058.8	000.0	0042	0043	+00.84	02	00	0897	08
13	0011	28	07	10	01	00971	20.2	+26.4	0000	058.8	000.0	0048	0048	+00.86	02	00	0897	08
13	0012	28	07	10	02	00975	20.2	+26.4	0000	058.8	000.0	0053	0052	+00.86	02	00	0897	08
13	0013	28	07	10	02	00980	20.2	+26.4	0000	058.8	000.0	0058	0057	+00.86	02	00	0897	08
13	0014	28	07	10	02	00982	20.2	+26.4	0000	058.8	000.0	0062	0062	+00.85	02	00	0897	08
14	0001	28	07	10	06	00431	19.7	+26.5	0000	056.8	000.0	0000	0000	+00.00	02	00	0897	08
14	0002	28	07	10	06	00431	19.7	+26.5	0000	056.9	000.0	0000	0004	+00.00	02	00	0897	08
14	0003	28	07	10	06	00433	19.7	+26.5	0000	056.8	000.0	0000	0009	+00.00	02	00	0897	08
14	0004	28	07	10	06	00435	19.7	+26.5	0000	056.8	000.0	0003	0014	+00.23	02	00	0897	08
14	0005	28	07	10	06	00433	19.7	+26.5	0000	056.8	000.0	0002	0019	+00.12	02	00	0897	08
14	0006	28	07	10	07	00436	19.7	+26.5	0000	056.8	000.0	0004	0024	+00.15	02	00	0897	08
14	0007	28	07	10	07	00435	19.9	+26.5	0000	056.8	000.0	0004	0028	+00.13	02	00	0897	08
14	0008	28	07	10	07	00434	19.7	+26.5	0000	056.8	000.0	0003	0033	+00.10	02	00	0897	08
14	0009	28	07	10	07	00438	19.7	+26.5	0000	056.8	000.0	0005	0038	+00.12	02	00	0897	08
14	0010	28	07	10	07	00438	19.7	+26.6	0000	056.8	000.0	0006	0043	+00.13	02	00	0897	08
14	0011	28	07	10	07	00439	19.7	+26.6	0000	056.8	000.0	0007	0048	+00.13	02	00	0897	08
14	0012	28	07	10	07	00439	19.7	+26.6	0000	056.8	000.0	0008	0052	+00.13	02	00	0897	08
14	0013	28	07	10	08	00440	19.7	+26.5	0000	056.8	000.0	0008	0057	+00.13	02	00	0897	08
14	0014	28	07	10	08	00441	19.9	+26.6	0000	056.8	000.0	0009	0062	+00.13	02	00	0897	08
15	0001	28	07	10	11	00483	19.8	+26.6	0000	056.8	000.0	0000	0000	+00.00	02	00	0897	08
15	0002	28	07	10	11	00485	19.8	+26.6	0000	056.8	000.0	0000	0004	+00.00	02	00	0897	08
15	0003	28	07	10	11	00486	19.8	+26.6	0000	056.8	000.0	0000	0009	+00.00	02	00	0897	08
15	0004	28	07	10	12	00493	19.8	+26.6	0000	056.8	000.0	0009	0014	+00.54	02	00	0897	08
15	0005	28	07	10	12	00498	19.8	+26.6	0000	056.8	000.0	0015	0019	+00.68	02	00	0897	08
15	0006	28	07	10	12	00504	19.8	+26.6	0000	056.8	000.0	0021	0024	+00.77	02	00	0897	08
15	0007	28	07	10	12	00507	19.8	+26.6	0000	056.8	000.0	0026	0028	+00.78	02	00	0897	08
15	0008	28	07	10	12	00512	19.8	+26.6	0000	056.8	000.0	0031	0033	+00.79	02	00	0897	08
15	0009	28	07	10	12	00516	19.7	+26.6	0000	056.8	000.0	0035	0038	+00.79	02	00	0897	08
15	0010	28	07	10	12	00523	19.8	+26.6	0000	056.8	000.0	0041	0043	+00.81	02	00	0897	08
15	0011	28	07	10	13	00526	19.8	+26.6	0000	056.8	000.0	0045	0048	+00.81	02	00	0897	08
15	0012	28	07	10	13	00532	19.8	+26.6	0000	056.8	000.0	0051	0052	+00.82	02	00	0897	08
15	0013	28	07	10	13	00534	19.8	+26.6	0000	056.8	000.0	0055	0057	+00.81	02	00	0897	08
15	0014	28	07	10	13	00541	20.0	+26.6	0000	056.8	000.0	0060	0062	+00.82	02	00	0897	08
16	0001	28	07	10	15	00470	19.8	+26.6	0000	056.8	000.0	0000	0000	+00.00	02	00	0897	08
16	0002	28	07	10	15	00468	19.8	+26.6	0000	056.8	000.0	0000	0004	+00.00	02	00	0897	08
16	0003	28	07	10	16	00467	19.7	+26.6	0000	056.8	000.0	0000	0009	+00.00	02	00	0897	08
16	0004	28	07	10	16	00471	19.7	+26.6	0000	056.8	000.0	0001	0014	+00.07	02	00	0897	08
16	0005	28	07	10	16	00471	20.0	+26.6	0000	056.8	000.0	0002	0019	+00.11	02	00	0897	08
16	0006	28	07	10	16	00472	19.8	+26.6	0000	056.8	000.0	0003	0024	+00.12	02	00	0897	08
16	0007	28	07	10	16	00473	20.0	+26.6	0000	056.9	000.0	0005	0028	+00.15	02	00	0897	08
16	0008	28	07	10	16	00472	20.0	+26.6	0000	057.0	000.0	0004	0033	+00.12	02	00	0897	08
16	0009	28	07	10	16	00477	20.0	+26.6	0000	057.0	000.0	0007	0038	+00.17	02	00	0897	08
16	0010	28	07	10	17	00477	19.9	+26.6	0000	057.0	000.0	0008	0043	+00.17	02	00	0897	08
16	0011	28	07	10	17	00474	19.8	+26.6	0000	057.0	000.0	0008	0048	+00.14	02	00	0897	08
16	0012	28	07	10	17	00476	19.8	+26.6	0000	057.0	000.0	0008	0052	+00.13	02	00	0897	08
16	0013	28	07	10	17	00482	19.8	+26.6	0000	057.0	000.0	0010	0057	+00.16	02	00	0897	08
16	0014	28	07	10	17	00480	19.8	+26.6	0000	057.0	000.0	0012	0062	+00.16	02	00	0897	08
17	0001	28	07	10	19	00487	19.8	+26.6	0000	056.8	000.0	0000	0000	+00.00	02	00	0897	08
17	0002	28	07	10	19	00494	19.8	+26.6	0000	056.8	000.0	0000	0004	+00.00	02	00	0897	08
17	0003	28	07	10	19	00502	19.8	+26.6	0000	056.8	000.0	0000	0009	+00.00	02	00	0897	08
17	0004	28	07	10	20	00509	19.8	+26.6	0000	056.8	000.0	0022	0014	+01.32	02	00	0897	08
17	0005	28	07	10	20	00516	19.8	+26.6	0000	056.8	000.0	0029	0019	+01.31	02	00	0897	08
17	0006	28	07	10	20	00521	19.8	+26.6	0000	056.8	000.0	0035	0024	+01.24	02	00	0897	08
17	0007	28	07	10	20	00530	19.8	+26.6	0000	056.8	000.0	0042	0028	+01.26	02	00	0897	08
17	0008	28	07	10	20	00537	19.8	+26.6	0000	056.8	000.0	0049	0033	+01.26	02	00	0897	08
17	0009	28	07	10	20	00547	20.0	+26.6	0000	056.8	000.0	0058	0038	+01.29	02	00	0897	08
17	0010	28	07	10	21	00553	20.0	+26.6	0000	056.9	000.0	0065	0043	+01.30	02	00	0897	08
17	0011	28	07	10	21	00559	20.0	+26.6	0000	056.9	000.0	0072	0048	+01.29	02	00	0897	08
17	0012	28	07	10	21	00566	20.0	+26.6	0000	057.0	000.0	0079	0052	+01.28	02	00	0897	08
17	0013	28	07	10	21	00576	20.0	+26.6	0000	057.0	000.0	0087	0057	+01.29	02	00	0897	08
17	0014	28	07	10	21	00587	20.0	+26.6	0000	057.0	000.0	0096	0062	+01.32	02	00	0897	08
18	0001	28	07	10	24	00490	19.8	+26.6	0000	056.8	000.0	0000	0000	+00.00	02	00	0897	08
18	0002	28	07	10	24	00493	19.8	+26.6	0000	056.8	000.0	0000	0004	+00.00	02	00	0897	08
18	0003	28	07	10	24	00494	19.8	+26.6	0000	056.8	000.0	0000	0009	+00.00	02	00	0897	08
18	0004	28	07	10	24	00499	19.8	+26.6	0000	056.8	000.0	0008	0014	+00.53	02	00	0897	08
18	0005	28	07	10	24	00499	19.8	+26.6	0000	056.8	000.0	0010	0019	+00.45	02	00	0897	08
18	0006	28	07	10	25	00504	19.8	+26.6	0000	056.8	000.0	0013	0024	+00.49	02	00	0897	08
18	0007	28	07	10	25	00506	19.9	+26.7	0000	056.8	000.0	0016	0028	+00.48	02	00	0897	08
18	0008	28	07	10	25	00504	19.9	+26.7	0000	056.8	000.0	0016	0033	+00.42	02	00	0897	08
18	0009	28	07	10	25	00506	20.0	+26.6	0000	056.8	000.0	0017	0038	+00.39	02	00	0897	08
18	0010	28	07	10	25	00510	20.0	+26.7	0000	056.9	000.0	0019	0043	+00.39	02	00	0897	08
18	0011	28	07	10	25	00518	20.0	+26.7	0000	056.9	000.0	0024	0048	+00.43	02	00	0897	08
18	0012	28	07	10	25	00518	20.2	+26.7	0000	057.0	000.0	0027	0052	+00.44	02	00	0897	08
18	0013	28	07	10	26	00520	20.2	+26.7	0000	057.1	000.0	0030	0057	+00.44	02	00	0897	08
18	0014	28	07	10	26	00524	20.2	+26.7	0000	057.1	000.0	0033	0062	+00.46	02	00	0897	08
19	0001	28	07	10	28	00577	20.2	+26.6	0000	057.8	000.0	0000	0000	+00.00	02	00	0897	08
19	0002	28	07	10	29	00582	20.2	+26.6	0000	057.8	000.0	0000	0004	+00.00	02	00	0897	08
19	0003	28	07	10	29	00583	20.2	+26.6	0000	057.8	000.0	0000	0009	+00.00	02	00	0897	08
19	0004	28	07	10	29	00588	20.2	+26.6	0000	057.8	000.0	0010	0014	+00.60	02	00	0897	08
19	0005	28	07	10	29	00595	20.0	+26.7	0000	057.7	000.0	0016	0019	+00.74	02	00	0897	08
19	0006	28	07	10	29	00601	20.0	+26.6	0000	057.6	000.0	0023	0024	+00.83	02	00	0897	08
19	0007	28	07	10	29	00609	20.0	+26.6	0000	057.6	000.0	0031	0028	+00.92	02	00	0897	08
19	0008	28	07	10	29	00616	20.0	+26.6	0000	057.5	000.0	0038	0033	+00.99	02	00	0897	08
19	0009	28	07	10	30	00620	20.0	+26.6	0000	057.5	000.0	0044	0038	+00.99	02	00	0897	08
19	0010	28	07	10	30	00627	20.0	+26.7	0000	057.5	000.0	0051	0043	+01.02	02	00	0897	08
19	0011	28	07	10	30	00631	20.0	+26.6	0000	057.4	000.0	0057	0048	+01.01	02	00	0897	08
19	0012	28	07	10	30	00635	20.0	+26.6	0000	057.4	000.0	0062	0052	+01.00	02	00	0897	08
19	0013	28	07	10	30	00640	20.0	+26.6	0000	057.4	000.0	0066	0057	+00.99	02	00	0897	08
19	0014	28	07	10	30	00649	20.0	+26.6	0000	057.4	000.0	0072	0062	+01.00	02	00	0897	08
20	0001	28	07	10	32	00544	20.2	+26.6	0000	057.8	000.0	0000	0000	+00.00	02	00	0897	08
20	0002	28	07	10	33	00543	20.2	+26.6	0000	057.8	000.0	0000	0004	+00.00	02	00	0897	08
20	0003	28	07	10	33	00545	20.2	+26.6	0000	057.8	000.0	0000	0009	+00.00	02	00	0897	08
20	0004	28	07	10	33	00546	20.2	+26.7	0000	057.8	000.0	0002	0014	+00.17	02	00	0897	08
20	0005	28	07	10	33	00547	20.2	+26.7	0000	057.8	000.0	0003	0019	+00.17	02	00	0897	08
20	0006	28	07	10	33	00546	20.2	+26.7	0000	057.8	000.0	0003	0024	+00.12	02	00	0897	08
20	0007	28	07	10	33	00548	20.2	+26.7	0000	057.8	000.0	0004	0028	+00.13	02	00	0897	08
20	0008	28	07	10	34	00548	20.2	+26.6	0000	057.8	000.0	0004	0033	+00.12	02	00	0897	08
20	0009	28	07	10	34	00551	20.2	+26.7	0000	057.8	000.0	0006	0038	+00.14	02	00	0897	08
20	0010	28	07	10	34	00550	20.2	+26.6	0000	057.8	000.0	0007	0043	+00.14	02	00	0897	08
20	0011	28	07	10	34	00552	20.2	+26.6	0000	057.8	000.0	0008	0048	+00.15	02	00	0897	08
20	0012	28	07	10	34	00557	20.2	+26.7	0000	057.8	000.0	0011	0052	+00.18	02	00	0897	08
20	0013	28	07	10	34	00560	20.2	+26.7	0000	057.8	000.0	0014	0057	+00.21	02	00	0897	08
20	0014	28	07	10	34	00561	20.2	+26.7	0000	057.8	000.0	0017	0062	+00.23	02	00	0897	08
21	0001	28	07	10	35	00594	20.3	+26.6	0000	058.3	000.0	0000	0000	+00.00	02	00	0897	08
21	0002	28	07	10	36	00602	20.4	+26.7	0000	058.2	000.0	0000	0004	+00.00	02	00	0895	08
21	0003	28	07	10	36	00608	20.4	+26.7	0000	058.2	000.0	0000	0009	+00.00	02	00	0897	08
21	0004	28	07	10	36	00613	20.4	+26.7	0000	058.2	000.0	0018	0014	+01.12	02	00	0897	08
21	0005	28	07	10	36	00618	20.4	+26.7	0000	058.2	000.0	0023	0019	+01.03	02	00	0897	08
21	0006	28	07	10	36	00619	20.4	+26.7	0000	058.3	000.0	0024	0024	+00.88	02	00	0897	08
21	0007	28	07	10	36	00623	20.4	+26.7	0000	058.3	000.0	0027	0028	+00.82	02	00	0897	08
21	0008	28	07	10	36	00631	20.4	+26.7	0000	058.3	000.0	0033	0033	+00.84	02	00	0897	08
21	0009	28	07	10	37	00633	20.4	+26.7	0000	058.3	000.0	0036	0038	+00.81	02	00	0897	08
21	0010	28	07	10	37	00638	20.4	+26.7	0000	058.3	000.0	0041	0043	+00.81	02	00	0897	08
21	0011	28	07	10	37	00642	20.4	+26.7	0000	058.3	000.0	0045	0048	+00.80	02	00	0897	08
21	0012	28	07	10	37	00644	20.4	+26.7	0000	058.3	000.0	0048	0052	+00.78	02	00	0897	08
21	0013	28	07	10	37	00654	20.6	+26.7	0000	058.3	000.0	0054	0057	+00.80	02	00	0897	08
21	0014	28	07	10	37	00656	20.6	+26.7	0000	058.3	000.0	0058	0062	+00.80	02	00	0897	08
22	0001	28	07	10	39	00714	20.6	+26.7	0000	058.8	000.0	0000	0000	+00.00	02	00	0897	08
22	0002	28	07	10	40	00712	20.7	+26.7	0000	059.0	000.0	0000	0004	+00.00	02	00	0897	08
22	0003	28	07	10	40	00713	20.7	+26.7	0000	059.1	000.0	0000	0009	+00.00	02	00	0897	08
22	0004	28	07	10	40	00715	20.7	+26.7	0000	059.1	000.0	0001	0014	+00.07	02	00	0897	08
22	0005	28	07	10	40	00714	20.7	+26.7	0000	059.2	000.0	0001	0019	+00.05	02	00	0897	08
22	0006	28	07	10	40	00715	20.6	+26.7	0000	059.1	000.0	0001	0024	+00.06	02	00	0897	08
22	0007	28	07	10	40	00723	20.6	+26.7	0000	059.0	000.0	0007	0028	+00.21	02	00	0897	08
22	0008	28	07	10	40	00719	20.6	+26.7	0000	059.0	000.0	0007	0033	+00.19	02	00	0897	08
22	0009	28	07	10	41	00721	20.6	+26.7	0000	059.0	000.0	0009	0038	+00.20	02	00	0895	08
22	0010	28	07	10	41	00723	20.6	+26.7	0000	059.0	000.0	0011	0043	+00.21	02	00	0897	08
22	0011	28	07	10	41	00724	20.6	+26.7	0000	058.9	000.0	0012	0048	+00.22	02	00	0897	08
22	0012	28	07	10	41	00722	20.6	+26.7	0000	058.9	000.0	0012	0052	+00.20	02	00	0897	08
22	0013	28	07	10	41	00728	20.6	+26.7	0000	058.9	000.0	0014	0057	+00.21	02	00	0897	08
22	0014	28	07	10	41	00730	20.6	+26.7	0000	058.9	000.0	0017	0062	+00.23	02	00	0897	08
23	0001	28	07	10	43	00603	20.6	+26.7	0000	058.8	000.0	0000	0000	+00.00	02	00	0897	08
23	0002	28	07	10	43	00621	20.6	+26.7	0000	058.8	000.0	0000	0004	+00.00	02	00	0897	08
23	0003	28	07	10	43	00636	20.6	+26.7	0000	058.8	000.0	0000	0009	+00.00	02	00	0897	08
23	0004	28	07	10	43	00649	20.6	+26.7	0000	058.8	000.0	0045	0014	+02.71	02	00	0897	08
23	0005	28	07	10	43	00664	20.6	+26.7	0000	058.8	000.0	0059	0019	+02.66	02	00	0897	08
23	0006	28	07	10	44	00677	20.7	+26.7	0000	058.9	000.0	0073	0024	+02.62	02	00	0897	08
23	0007	28	07	10	44	00692	20.7	+26.7	0000	058.9	000.0	0087	0028	+02.60	02	00	0897	08
23	0008	28	07	10	44	00705	20.7	+26.7	0000	059.0	000.0	0100	0033	+02.56	02	00	0897	08
24	0001	28	07	10	45	00611	20.7	+26.7	0000	059.3	000.0	0000	0000	+00.00	02	00	0897	08
24	0002	28	07	10	45	00614	20.7	+26.7	0000	059.3	000.0	0000	0004	+00.00	02	00	0897	08
24	0003	28	07	10	45	00625	20.7	+26.7	0000	059.3	000.0	0000	0009	+00.00	02	00	0897	08
24	0004	28	07	10	46	00628	20.7	+26.7	0000	059.3	000.0	0018	0014	+01.07	02	00	0897	08
24	0005	28	07	10	46	00632	20.6	+26.7	0000	059.2	000.0	0021	0019	+00.96	02	00	0897	08
24	0006	28	07	10	46	00638	20.7	+26.7	0000	059.2	000.0	0026	0024	+00.95	02	00	0897	08
24	0007	28	07	10	46	00641	20.7	+26.7	0000	059.2	000.0	0030	0028	+00.91	02	00	0897	08
24	0008	28	07	10	46	00645	20.8	+26.7	0000	059.2	000.0	0034	0033	+00.88	02	00	0897	08
24	0009	28	07	10	46	00652	20.7	+26.7	0000	059.2	000.0	0039	0038	+00.88	02	00	0897	08
24	0010	28	07	10	46	00653	20.7	+26.7	0000	059.2	000.0	0042	0043	+00.85	02	00	0897	08
24	0011	28	07	10	47	00658	20.8	+26.7	0000	059.2	000.0	0046	0048	+00.83	02	00	0897	08
24	0012	28	07	10	47	00666	20.7	+26.7	0000	059.2	000.0	0052	0052	+00.85	02	00	0897	08
24	0013	28	07	10	47	00671	20.7	+26.7	0000	059.2	000.0	0057	0057	+00.85	02	00	0897	08
24	0014	28	07	10	47	00678	20.8	+26.7	0000	059.2	000.0	0063	0062	+00.87	02	00	0897	08
25	0001	28	07	10	49	00574	21.0	+26.7	0000	059.8	000.0	0000	0000	+00.00	02	00	0897	08
25	0002	28	07	10	49	00574	20.8	+26.7	0000	059.5	000.0	0000	0004	+00.00	02	00	0897	08
25	0003	28	07	10	50	00580	20.8	+26.8	0000	059.4	000.0	0000	0009	+00.00	02	00	0897	08
25	0004	28	07	10	50	00583	20.8	+26.7	0000	059.4	000.0	0009	0014	+00.56	02	00	0897	08
25	0005	28	07	10	50	00586	20.8	+26.8	0000	059.4	000.0	0012	0019	+00.56	02	00	0897	08
25	0006	28	07	10	50	00591	20.8	+26.8	0000	059.3	000.0	0017	0024	+00.61	02	00	0897	08
25	0007	28	07	10	50	00593	20.8	+26.8	0000	059.3	000.0	0020	0028	+00.61	02	00	0897	08
25	0008	28	07	10	50	00597	20.8	+26.8	0000	059.3	000.0	0024	0033	+00.61	02	00	0897	08
25	0009	28	07	10	51	00601	20.8	+26.8	0000	059.3	000.0	0028	0038	+00.62	02	00	0897	08
25	0010	28	07	10	51	00603	20.8	+26.8	0000	059.3	000.0	0031	0043	+00.61	02	00	0897	08
25	0011	28	07	10	51	00610	20.8	+26.8	0000	059.3	000.0	0035	0048	+00.63	02	00	0897	08
25	0012	28	07	10	51	00615	20.8	+26.8	0000	059.3	000.0	0040	0052	+00.66	02	00	0897	08
25	0013	28	07	10	51	00617	21.0	+26.8	0000	059.3	000.0	0044	0057	+00.66	02	00	0897	08
25	0014	28	07	10	51	00620	21.1	+26.8	0000	059.3	000.0	0048	0062	+00.66	02	00	0897	08
26	0001	28	07	10	54	00588	20.9	+26.8	0000	059.3	000.0	0000	0000	+00.00	02	00	0897	08
26	0002	28	07	10	54	00593	20.8	+26.8	0000	058.9	000.0	0000	0004	+00.00	02	00	0897	08
26	0003	28	07	10	54	00600	20.8	+26.8	0000	058.9	000.0	0000	0009	+00.00	02	00	0897	08
26	0004	28	07	10	54	00606	20.8	+26.8	0000	058.9	000.0	0018	0014	+01.09	02	00	0897	08
26	0005	28	07	10	54	00610	20.8	+26.8	0000	058.9	000.0	0022	0019	+01.00	02	00	0897	08
26	0006	28	07	10	54	00618	20.8	+26.9	0000	058.9	000.0	0029	0024	+01.05	02	00	0897	08
26	0007	28	07	10	55	00625	20.8	+26.9	0000	058.9	000.0	0036	0028	+01.09	02	00	0897	08
26	0008	28	07	10	55	00627	20.8	+26.9	0000	058.8	000.0	0041	0033	+01.04	02	00	0897	08
26	0009	28	07	10	55	00628	20.8	+26.8	0000	058.8	000.0	0043	0038	+00.96	02	00	0897	08
26	0010	28	07	10	55	00632	20.8	+26.9	0000	058.8	000.0	0046	0043	+00.91	02	00	0897	08
26	0011	28	07	10	55	00637	20.8	+26.8	0000	058.8	000.0	0049	0048	+00.87	02	00	0897	08
26	0012	28	07	10	55	00640	20.8	+26.9	0000	058.8	000.0	0052	0052	+00.84	02	00	0897	08
26	0013	28	07	10	55	00643	20.8	+26.9	0000	058.8	000.0	0055	0057	+00.81	02	00	0897	08
26	0014	28	07	10	56	00643	20.8	+26.9	0000	058.8	000.0	0056	0062	+00.77	02	00	0897	08
27	0001	28	07	10	57	00433	20.8	+26.9	0000	058.8	000.0	0000	0000	+00.00	02	00	0897	08
27	0002	28	07	10	57	00436	20.8	+26.9	0000	058.8	000.0	0000	0004	+00.00	02	00	0897	08
27	0003	28	07	10	57	00437	20.8	+26.9	0000	058.8	000.0	0000	0009	+00.00	02	00	0897	08
27	0004	28	07	10	58	00436	20.8	+26.8	0000	058.8	000.0	0003	0014	+00.18	02	00	0897	08
27	0005	28	07	10	58	00439	20.8	+26.9	0000	058.8	000.0	0005	0019	+00.22	02	00	0897	08
27	0006	28	07	10	58	00440	20.9	+26.8	0000	058.9	000.0	0006	0024	+00.22	02	00	0897	08
27	0007	28	07	10	58	00442	20.8	+26.8	0000	058.9	000.0	0008	0028	+00.24	02	00	0897	08
27	0008	28	07	10	58	00443	20.8	+26.8	0000	058.8	000.0	0009	0033	+00.24	02	00	0897	08
27	0009	28	07	10	58	00447	21.0	+26.9	0000	058.9	000.0	0012	0038	+00.27	02	00	0897	08
27	0010	28	07	10	59	00449	20.9	+26.8	0000	058.9	000.0	0015	0043	+00.30	02	00	0897	08
27	0011	28	07	10	59	00450	20.9	+26.8	0000	058.9	000.0	0017	0048	+00.30	02	00	0897	08
27	0012	28	07	10	59	00453	20.9	+26.8	0000	058.9	000.0	0019	0052	+00.31	02	00	0897	08
27	0013	28	07	10	59	00453	21.0	+26.9	0000	059.0	000.0	0020	0057	+00.30	02	00	0897	08
27	0014	28	07	10	59	00456	21.2	+26.9	0000	059.0	000.0	0022	0062	+00.31	02	00	0897	08
28	0001	28	07	11	01	00408	21.0	+26.9	0000	059.3	000.0	0000	0000	+00.00	02	00	0897	08
28	0002	28	07	11	01	00404	21.0	+26.9	0000	059.3	000.0	0000	0004	+00.00	02	00	0897	08
28	0003	28	07	11	01	00406	21.0	+26.9	0000	059.3	000.0	0000	0009	+00.00	02	00	0897	08
28	0004	28	07	11	01	00409	20.9	+26.8	0000	059.3	000.0	0001	0014	+00.08	02	00	0897	08
28	0005	28	07	11	01	00408	21.0	+26.9	0000	059.3	000.0	0001	0019	+00.08	02	00	0897	08
28	0006	28	07	11	02	00409	21.0	+26.9	0000	059.3	000.0	0003	0024	+00.10	02	00	0897	08
28	0007	28	07	11	02	00412	21.0	+26.9	0000	059.3	000.0	0005	0028	+00.16	02	00	0897	08
28	0008	28	07	11	02	00409	20.9	+26.8	0000	059.3	000.0	0005	0033	+00.13	02	00	0897	08
28	0009	28	07	11	02	00409	21.0	+26.9	0000	059.3	000.0	0004	0038	+00.09	02	00	0897	08
28	0010	28	07	11	02	00409	20.9	+26.8	0000	059.3	000.0	0004	0043	+00.08	02	00	0897	08
28	0011	28	07	11	02	00411	21.0	+26.9	0000	059.3	000.0	0004	0048	+00.08	02	00	0897	08
28	0012	28	07	11	02	00409	21.0	+26.9	0000	059.3	000.0	0003	0052	+00.06	02	00	0897	08
28	0013	28	07	11	03	00412	21.0	+26.9	0000	059.3	000.0	0004	0057	+00.07	02	00	0897	08
28	0014	28	07	11	03	00415	21.0	+26.9	0000	059.3	000.0	0006	0062	+00.08	02	00	0897	08
29	0001	28	07	11	05	00419	20.9	+26.9	0000	058.8	000.0	0000	0000	+00.00	02	00	0897	08
29	0002	28	07	11	05	00420	20.9	+26.9	0000	058.8	000.0	0000	0004	+00.00	02	00	0897	08
29	0003	28	07	11	05	00421	20.9	+26.9	0000	058.8	000.0	0000	0009	+00.00	02	00	0897	08
29	0004	28	07	11	05	00423	20.9	+26.9	0000	058.8	000.0	0003	0014	+00.22	02	00	0897	08
29	0005	28	07	11	05	00423	20.9	+26.9	0000	058.8	000.0	0004	0019	+00.19	02	00	0897	08
29	0006	28	07	11	05	00426	21.0	+26.9	0000	058.9	000.0	0006	0024	+00.22	02	00	0897	08
29	0007	28	07	11	06	00424	20.9	+26.9	0000	058.9	000.0	0005	0028	+00.17	02	00	0897	08
29	0008	28	07	11	06	00424	20.9	+26.9	0000	058.9	000.0	0005	0033	+00.14	02	00	0897	08
29	0009	28	07	11	06	00426	20.9	+27.0	0000	058.9	000.0	0006	0038	+00.14	02	00	0897	08
29	0010	28	07	11	06	00426	20.9	+27.0	0000	058.9	000.0	0006	0043	+00.13	02	00	0897	08
29	0011	28	07	11	06	00429	20.9	+27.0	0000	058.9	000.0	0008	0048	+00.14	02	00	0897	08
29	0012	28	07	11	06	00425	20.9	+27.0	0000	058.9	000.0	0007	0052	+00.11	02	00	0897	08
29	0013	28	07	11	06	00429	20.9	+27.0	0000	058.9	000.0	0008	0057	+00.12	02	00	0897	08
29	0014	28	07	11	07	00428	20.9	+27.0	0000	058.9	000.0	0008	0062	+00.11	02	00	0897	08
30	0001	28	07	11	08	00454	20.8	+27.0	0000	058.3	000.0	0000	0000	+00.00	02	00	0897	08
30	0002	28	07	11	08	00464	20.8	+27.0	0000	058.3	000.0	0000	0004	+00.00	02	00	0897	08
30	0003	28	07	11	08	00474	20.8	+27.0	0000	058.3	000.0	0000	0009	+00.00	02	00	0897	08
30	0004	28	07	11	09	00482	20.8	+27.0	0000	058.3	000.0	0028	0014	+01.69	02	00	0897	08
30	0005	28	07	11	09	00490	20.8	+27.0	0000	058.3	000.0	0035	0019	+01.60	02	00	0897	08
30	0006	28	07	11	09	00500	20.8	+27.0	0000	058.3	000.0	0044	0024	+01.59	02	00	0897	08
30	0007	28	07	11	09	00506	20.6	+27.0	0000	058.2	000.0	0051	0028	+01.53	02	00	0897	08
30	0008	28	07	11	09	00514	20.7	+26.9	0000	058.2	000.0	0059	0033	+01.50	02	00	0897	08
30	0009	28	07	11	09	00521	20.7	+26.9	0000	058.2	000.0	0066	0038	+01.47	02	00	0897	08
30	0010	28	07	11	09	00527	20.8	+27.0	0000	058.2	000.0	0072	0043	+01.44	02	00	0897	08
30	0011	28	07	11	10	00537	20.8	+27.0	0000	058.2	000.0	0080	0048	+01.43	02	00	0897	08
30	0012	28	07	11	10	00548	20.9	+27.0	0000	058.3	000.0	0089	0052	+01.45	02	00	0897	08
30	0013	28	07	11	10	00555	20.9	+27.0	0000	058.3	000.0	0098	0057	+01.46	02	00	0897	08
30	0014	28	07	11	10	00567	20.9	+26.9	0000	058.4	000.0	0108	0062	+01.48	02	00	0897	08
31	0001	28	07	11	11	00486	20.9	+26.9	0000	058.8	000.0	0000	0000	+00.00	02	00	0897	08
31	0002	28	07	11	12	00491	20.9	+26.9	0000	058.8	000.0	0000	0004	+00.00	02	00	0897	08
31	0003	28	07	11	12	00497	20.9	+27.0	0000	058.8	000.0	0000	0009	+00.00	02	00	0897	08
31	0004	28	07	11	12	00500	20.9	+26.9	0000	058.8	000.0	0014	0014	+00.84	02	00	0897	08
31	0005	28	07	11	12	00507	20.9	+27.0	0000	058.8	000.0	0020	0019	+00.89	02	00	0897	08
31	0006	28	07	11	12	00512	20.7	+26.9	0000	058.7	000.0	0025	0024	+00.90	02	00	0897	08
31	0007	28	07	11	12	00515	20.9	+26.9	0000	058.7	000.0	0029	0028	+00.87	02	00	0897	08
31	0008	28	07	11	12	00520	20.9	+26.9	0000	058.7	000.0	0033	0033	+00.85	02	00	0897	08
31	0009	28	07	11	13	00525	20.9	+26.9	0000	058.7	000.0	0038	0038	+00.84	02	00	0897	08
31	0010	28	07	11	13	00527	20.9	+27.0	0000	058.7	000.0	0041	0043	+00.82	02	00	0897	08
31	0011	28	07	11	13	00530	20.9	+26.9	0000	058.7	000.0	0044	0048	+00.79	02	00	0897	08
31	0012	28	07	11	13	00536	20.9	+26.9	0000	058.7	000.0	0048	0052	+00.78	02	00	0897	08
31	0013	28	07	11	13	00541	20.9	+26.9	0000	058.7	000.0	0052	0057	+00.78	02	00	0897	08
31	0014	28	07	11	13	00544	21.0	+26.9	0000	058.8	000.0	0056	0062	+00.77	02	00	0897	08
;Received 412 record(s)
