;Plot	RecNo	Day	Month	Hour	Min	CO2 Ref	mb Ref	mbR Temp	Input A	Input B	Input C	Input D	Input E	Input F	Input G	Input H	ATMP	Probe Type
70	0001	08	12	15	44	01577	05.7	+04.9	0000	066.6	000.0	0000	0000	+00.00	02	00	0895	08
70	0002	08	12	15	45	01724	05.8	+04.8	0000	067.0	000.0	0000	0004	+00.00	02	00	0897	08
70	0003	08	12	15	45	01918	05.8	+04.8	0000	067.2	000.0	0000	0009	+00.00	02	00	0895	08
70	0004	08	12	15	45	02098	05.8	+04.8	0000	067.4	000.0	0527	0014	+31.24	02	00	0895	08
65	0013	28	10	15	21	00430	07.0	+13.5	0000	045.3	000.0	0001	0057	-00.02	02	01	0900	08
65	0014	28	10	15	21	00431	07.0	+13.4	0000	045.3	000.0	0001	0062	-00.01	02	01	0900	08
66	0001	28	10	15	22	00417	07.0	+13.4	0000	045.5	000.0	0000	0000	+00.00	02	00	0900	08
66	0002	28	10	15	22	00416	07.0	+13.4	0000	045.3	000.0	0000	0004	+00.00	02	00	0900	08
66	0003	28	10	15	22	00416	07.0	+13.4	0000	045.4	000.0	0000	0009	+00.00	02	00	0900	08
66	0004	28	10	15	22	00419	07.0	+13.5	0000	045.4	000.0	0001	0014	+00.08	02	00	0900	08
66	0005	28	10	15	22	00416	07.0	+13.4	0000	045.4	000.0	0000	0019	+00.01	02	00	0900	08
66	0006	28	10	15	23	00418	07.0	+13.4	0000	045.4	000.0	0001	0024	+00.03	02	00	0900	08
66	0007	28	10	15	23	00418	07.0	+13.5	0000	045.4	000.0	0001	0028	+00.04	02	00	0900	08
66	0008	28	10	15	23	00421	06.9	+13.4	0000	045.4	000.0	0003	0033	+00.08	02	00	0900	08
66	0009	28	10	15	23	00419	06.9	+13.5	0000	045.4	000.0	0003	0038	+00.08	02	00	0900	08
66	0010	28	10	15	23	00422	07.0	+13.4	0000	045.4	000.0	0005	0043	+00.10	02	00	0900	08
66	0011	28	10	15	23	00423	06.9	+13.4	0000	045.4	000.0	0006	0048	+00.11	02	00	0900	08
66	0012	28	10	15	23	00423	07.0	+13.4	0000	045.4	000.0	0007	0052	+00.11	02	00	0900	08
66	0013	28	10	15	24	00423	07.0	+13.4	0000	045.4	000.0	0007	0057	+00.11	02	00	0900	08
66	0014	28	10	15	24	00425	07.0	+13.4	0000	045.4	000.0	0008	0062	+00.12	02	00	0900	08
67	0027	28	10	15	43	00466	07.4	+13.2	0000	049.0	000.0	0000	0000	+00.00	02	00	0900	08
67	0028	28	10	15	43	00461	07.4	+13.2	0000	049.0	000.0	0000	0004	+00.00	02	00	0900	08
67	0029	28	10	15	43	00459	07.4	+13.2	0000	049.0	000.0	0000	0009	+00.00	02	00	0900	08
67	0030	28	10	15	44	00460	07.4	+13.2	0000	049.0	000.0	0006	0014	-00.36	02	01	0900	08
67	0031	28	10	15	44	00454	07.4	+13.2	0000	049.0	000.0	0010	0019	-00.45	02	01	0900	08
67	0032	28	10	15	44	00455	07.4	+13.2	0000	049.0	000.0	0010	0024	-00.38	02	01	0900	08
67	0033	28	10	15	44	00454	07.4	+13.2	0000	048.9	000.0	0011	0028	-00.32	02	01	0900	08
67	0034	28	10	15	44	00452	07.3	+13.2	0000	048.8	000.0	0012	0033	-00.30	02	01	0900	08
67	0035	28	10	15	44	00450	07.3	+13.2	0000	048.8	000.0	0013	0038	-00.30	02	01	0900	08
67	0036	28	10	15	45	00454	07.3	+13.2	0000	048.8	000.0	0012	0043	-00.24	02	01	0900	08
67	0037	28	10	15	45	00456	07.2	+13.2	0000	048.7	000.0	0010	0048	-00.18	02	01	0900	08
67	0038	28	10	15	45	00456	07.3	+13.2	0000	048.7	000.0	0009	0052	-00.14	02	01	0900	08
67	0039	28	10	15	45	00455	07.3	+13.2	0000	048.7	000.0	0008	0057	-00.12	02	01	0900	08
67	0040	28	10	15	45	00455	07.3	+13.2	0000	048.7	000.0	0007	0062	-00.10	02	01	0900	08
68	0001	28	10	15	46	00433	07.3	+13.2	0000	048.5	000.0	0000	0000	+00.00	02	00	0900	08
68	0002	28	10	15	46	00430	07.3	+13.2	0000	048.2	000.0	0000	0004	+00.00	02	00	0900	08
68	0003	28	10	15	46	00428	07.3	+13.2	0000	048.3	000.0	0000	0009	+00.00	02	00	0900	08
68	0004	28	10	15	47	00430	07.3	+13.2	0000	048.2	000.0	0003	0014	-00.18	02	01	0900	08
68	0005	28	10	15	47	00428	07.3	+13.2	0000	048.1	000.0	0003	0019	-00.15	02	01	0900	08
68	0006	28	10	15	47	00429	07.3	+13.2	0000	048.1	000.0	0003	0024	-00.11	02	01	0900	08
68	0007	28	10	15	47	00433	07.3	+13.2	0000	048.1	000.0	0000	0028	-00.01	02	01	0900	08
68	0008	28	10	15	47	00431	07.3	+13.2	0000	048.1	000.0	0000	0028	-00.01	02	01	0900	08
68	0009	28	10	15	48	00432	07.2	+13.2	0000	047.5	000.0	0000	0000	+00.00	02	00	0900	08
68	0010	28	10	15	48	00433	07.3	+13.2	0000	047.9	000.0	0000	0004	+00.00	02	00	0900	08
68	0011	28	10	15	48	00435	07.2	+13.2	0000	047.9	000.0	0000	0009	+00.00	02	00	0900	08
68	0012	28	10	15	48	00434	07.3	+13.2	0000	047.9	000.0	0001	0014	+00.10	02	00	0900	08
68	0013	28	10	15	49	00438	07.3	+13.2	0000	047.9	000.0	0004	0019	+00.20	02	00	0900	08
68	0014	28	10	15	49	00438	07.3	+13.2	0000	047.9	000.0	0005	0024	+00.19	02	00	0900	08
68	0015	28	10	15	49	00439	07.3	+13.3	0000	047.9	000.0	0006	0028	+00.20	02	00	0900	08
68	0016	28	10	15	49	00443	07.2	+13.2	0000	048.0	000.0	0009	0033	+00.24	02	00	0900	08
68	0017	28	10	15	49	00446	07.2	+13.2	0000	047.9	000.0	0012	0038	+00.28	02	00	0900	08
68	0018	28	10	15	49	00445	07.2	+13.2	0000	047.9	000.0	0014	0043	+00.28	02	00	0900	08
68	0019	28	10	15	49	00443	07.2	+13.2	0000	047.8	000.0	0014	0048	+00.25	02	00	0900	08
68	0020	28	10	15	50	00444	07.2	+13.2	0000	047.8	000.0	0014	0052	+00.22	02	00	0900	08
68	0021	28	10	15	50	00447	07.2	+13.2	0000	047.8	000.0	0015	0057	+00.22	02	00	0900	08
68	0022	28	10	15	50	00446	07.1	+13.2	0000	047.7	000.0	0015	0062	+00.21	02	00	0900	08
69	0001	28	10	15	51	00440	07.2	+13.2	0000	048.0	000.0	0000	0000	+00.00	02	00	0900	08
69	0002	28	10	15	51	00441	07.2	+13.2	0000	048.0	000.0	0000	0004	+00.00	02	00	0900	08
69	0003	28	10	15	51	00438	07.2	+13.2	0000	048.0	000.0	0000	0009	+00.00	02	00	0900	08
69	0004	28	10	15	51	00441	07.2	+13.2	0000	048.0	000.0	0000	0014	-00.00	02	01	0901	08
69	0005	28	10	15	52	00439	07.2	+13.2	0000	048.0	000.0	0000	0019	-00.02	02	01	0900	08
69	0006	28	10	15	52	00440	07.2	+13.2	0000	048.0	000.0	0000	0024	-00.01	02	01	0900	08
69	0007	28	10	15	52	00440	07.2	+13.2	0000	048.0	000.0	0000	0028	-00.00	02	01	0900	08
69	0008	28	10	15	52	00442	07.2	+13.1	0000	048.0	000.0	0000	0033	+00.02	02	00	0900	08
69	0009	28	10	15	52	00448	07.2	+13.1	0000	048.0	000.0	0005	0038	+00.11	02	00	0900	08
69	0010	28	10	15	52	00447	07.2	+13.1	0000	048.0	000.0	0006	0043	+00.13	02	00	0900	08
69	0011	28	10	15	52	00449	07.2	+13.1	0000	048.0	000.0	0009	0048	+00.16	02	00	0900	08
69	0012	28	10	15	53	00450	07.3	+13.1	0000	048.0	000.0	0010	0052	+00.17	02	00	0900	08
69	0013	28	10	15	53	00450	07.3	+13.1	0000	048.0	000.0	0012	0057	+00.18	02	00	0900	08
69	0014	28	10	15	53	00451	07.3	+13.1	0000	048.0	000.0	0013	0062	+00.18	02	00	0900	08
70	0010	28	10	15	56	00449	07.3	+13.1	0000	049.0	000.0	0000	0000	+00.00	02	00	0900	08
70	0011	28	10	15	56	00453	07.3	+13.0	0000	048.9	000.0	0000	0004	+00.00	02	00	0900	08
70	0012	28	10	15	56	00455	07.3	+13.0	0000	048.9	000.0	0000	0009	+00.00	02	00	0900	08
70	0013	28	10	15	57	00454	07.3	+13.0	0000	048.9	000.0	0005	0014	+00.31	02	00	0900	08
70	0014	28	10	15	57	00454	07.3	+13.0	0000	048.9	000.0	0004	0019	+00.21	02	00	0900	08
70	0015	28	10	15	57	00457	07.3	+13.0	0000	048.9	000.0	0006	0024	+00.22	02	00	0900	08
70	0016	28	10	15	57	00463	07.3	+13.1	0000	048.9	000.0	0010	0028	+00.31	02	00	0900	08
70	0017	28	10	15	57	00463	07.3	+13.1	0000	048.9	000.0	0012	0033	+00.33	02	00	0900	08
70	0018	28	10	15	57	00467	07.3	+13.0	0000	048.9	000.0	0016	0038	+00.36	02	00	0900	08
70	0019	28	10	15	58	00467	07.3	+13.1	0000	048.9	000.0	0018	0043	+00.36	02	00	0900	08
70	0020	28	10	15	58	00472	07.3	+13.1	0000	048.9	000.0	0021	0048	+00.38	02	00	0900	08
70	0021	28	10	15	58	00478	07.3	+13.1	0000	048.9	000.0	0026	0052	+00.42	02	00	0900	08
70	0022	28	10	15	58	00481	07.3	+13.1	0000	048.8	000.0	0030	0057	+00.44	02	00	0900	08
70	0023	28	10	15	58	00484	07.3	+13.1	0000	048.8	000.0	0034	0062	+00.46	02	00	0900	08
71	0012	28	10	16	05	00491	07.4	+13.1	0000	049.0	000.0	0000	0000	+00.00	02	00	0900	08
71	0013	28	10	16	05	00505	07.4	+13.2	0000	049.0	000.0	0000	0004	+00.00	02	00	0900	08
72	0014	07	12	11	54	01581	14.6	+24.0	0000	048.8	000.0	0000	0000	+00.00	02	00	0947	08
72	0015	07	12	11	54	01595	14.6	+24.1	0000	048.8	000.0	0000	0004	+00.00	02	00	0947	08
72	0016	07	12	11	54	01605	14.6	+24.0	0000	048.8	000.0	0000	0009	+00.00	02	00	0947	08
72	0017	07	12	11	54	01617	14.6	+24.1	0000	048.8	000.0	0034	0014	+02.19	02	00	0947	08
72	0018	07	12	11	54	01625	14.6	+24.0	0000	048.8	000.0	0043	0019	+02.06	02	00	0947	08
72	0019	07	12	11	54	01632	14.7	+24.1	0000	048.8	000.0	0050	0024	+01.90	02	00	0947	08
72	0020	07	12	11	54	01635	14.7	+24.1	0000	048.8	000.0	0054	0028	+01.71	02	00	0947	08
72	0021	07	12	11	54	01639	14.6	+24.1	0000	048.8	000.0	0057	0033	+01.54	02	00	0947	08
72	0022	07	12	11	54	01646	14.5	+24.1	0000	048.8	000.0	0061	0038	+01.45	02	00	0947	08
72	0023	07	12	11	54	01642	14.5	+24.1	0000	048.7	000.0	0061	0043	+01.28	02	00	0948	08
72	0024	07	12	11	54	01646	14.5	+24.1	0000	048.7	000.0	0062	0048	+01.17	02	00	0948	08
72	0025	07	12	11	55	01651	14.5	+24.1	0000	048.6	000.0	0064	0052	+01.10	02	00	0947	08
72	0026	07	12	11	55	01652	14.5	+24.1	0000	048.6	000.0	0065	0057	+01.02	02	00	0948	08
01	0001	08	12	10	21	01323	06.0	+08.8	0000	053.7	000.0	0000	0000	+00.00	00	00	0897	08
01	0002	08	12	10	21	01331	06.1	+08.9	0000	053.7	000.0	0000	0004	+00.00	00	00	0897	08
01	0003	08	12	10	21	01342	06.0	+08.7	0000	053.7	000.0	0000	0009	+00.00	00	00	0897	08
01	0004	08	12	10	21	01351	06.2	+08.9	0000	053.8	000.0	0028	0014	+01.67	02	00	0897	08
01	0005	08	12	10	22	01361	06.0	+08.7	0000	053.8	000.0	0038	0019	+01.69	02	00	0897	08
01	0006	08	12	10	22	01373	06.1	+08.7	0000	053.9	000.0	0049	0024	+01.77	02	00	0897	08
01	0007	08	12	10	22	01392	06.0	+08.6	0000	053.9	000.0	0066	0028	+01.97	02	00	0897	08
01	0008	08	12	10	22	01406	06.1	+08.8	0000	054.0	000.0	0082	0033	+02.09	02	00	0897	08
01	0009	08	12	10	22	01418	06.1	+08.7	0000	054.0	000.0	0096	0038	+02.15	02	00	0897	08
01	0010	08	12	10	22	01433	06.0	+08.6	0000	054.0	000.0	0111	0043	+02.21	02	00	0897	08
01	0011	08	12	10	22	01448	06.1	+08.7	0000	054.0	000.0	0127	0048	+02.27	02	00	0897	08
01	0012	08	12	10	22	01465	06.0	+08.6	0000	054.0	000.0	0143	0052	+02.32	02	00	0897	08
01	0013	08	12	10	22	01481	06.1	+08.8	0000	054.1	000.0	0160	0057	+02.38	02	00	0897	08
01	0014	08	12	10	22	01498	06.2	+08.8	0000	054.1	000.0	0177	0062	+02.43	02	00	0897	08
01	0015	08	12	10	24	00567	06.2	+08.8	0000	055.1	000.0	0000	0000	+00.00	02	00	0897	08
01	0016	08	12	10	24	00577	06.2	+08.7	0000	055.1	000.0	0000	0004	+00.00	02	00	0897	08
01	0017	08	12	10	24	00584	06.2	+08.8	0000	055.1	000.0	0000	0009	+00.00	02	00	0897	08
01	0018	08	12	10	25	00594	06.2	+08.8	0000	055.1	000.0	0026	0014	+01.58	02	00	0897	08
01	0019	08	12	10	25	00604	06.2	+08.8	0000	055.1	000.0	0036	0019	+01.61	02	00	0897	08
01	0020	08	12	10	25	00613	06.2	+08.8	0000	055.1	000.0	0046	0024	+01.64	02	00	0897	08
01	0021	08	12	10	25	00624	06.2	+08.7	0000	055.1	000.0	0056	0028	+01.67	02	00	0897	08
01	0022	08	12	10	25	00633	06.1	+08.6	0000	055.1	000.0	0066	0033	+01.68	02	00	0897	08
01	0023	08	12	10	25	00641	06.2	+08.8	0000	055.1	000.0	0074	0038	+01.66	02	00	0897	08
01	0024	08	12	10	25	00651	06.1	+08.6	0000	055.1	000.0	0084	0043	+01.66	02	00	0897	08
01	0025	08	12	10	25	00661	06.2	+08.7	0000	055.1	000.0	0093	0048	+01.66	02	00	0897	08
01	0026	08	12	10	25	00671	06.2	+08.7	0000	055.1	000.0	0103	0052	+01.67	02	00	0897	08
01	0027	08	12	10	25	00680	06.2	+08.8	0000	055.1	000.0	0113	0057	+01.67	02	00	0897	08
01	0028	08	12	10	25	00689	06.1	+08.6	0000	055.1	000.0	0122	0062	+01.67	02	00	0897	08
02	0001	08	12	10	27	00899	06.2	+08.8	0000	055.1	000.0	0000	0000	+00.00	02	00	0897	08
02	0002	08	12	10	27	00909	06.1	+08.5	0000	055.1	000.0	0000	0004	+00.00	02	00	0897	08
02	0003	08	12	10	27	00917	06.1	+08.6	0000	055.1	000.0	0000	0009	+00.00	02	00	0897	08
02	0004	08	12	10	27	00927	06.2	+08.7	0000	055.2	000.0	0027	0014	+01.61	02	00	0897	08
02	0005	08	12	10	28	00934	06.2	+08.7	0000	055.3	000.0	0034	0019	+01.55	02	00	0897	08
02	0006	08	12	10	28	00942	06.2	+08.7	0000	055.3	000.0	0042	0024	+01.52	02	00	0897	08
02	0007	08	12	10	28	00952	06.2	+08.6	0000	055.4	000.0	0051	0028	+01.53	02	00	0897	08
02	0008	08	12	10	28	00962	06.2	+08.5	0000	055.4	000.0	0061	0033	+01.55	02	00	0897	08
02	0009	08	12	10	28	00969	06.2	+08.6	0000	055.5	000.0	0069	0038	+01.54	02	00	0897	08
02	0010	08	12	10	28	00976	06.2	+08.5	0000	055.6	000.0	0077	0043	+01.52	02	00	0897	08
02	0011	08	12	10	28	00983	06.2	+08.6	0000	055.6	000.0	0084	0048	+01.50	02	00	0897	08
02	0012	08	12	10	28	00992	06.2	+08.6	0000	055.7	000.0	0092	0052	+01.50	02	00	0897	08
02	0013	08	12	10	28	01001	06.2	+08.6	0000	055.7	000.0	0100	0057	+01.49	02	00	0897	08
02	0014	08	12	10	28	01008	06.2	+08.5	0000	055.7	000.0	0108	0062	+01.48	02	00	0897	08
03	0001	08	12	10	30	01400	06.2	+08.5	0000	056.0	000.0	0000	0000	+00.00	02	00	0897	08
03	0002	08	12	10	30	01434	06.2	+08.4	0000	056.0	000.0	0000	0004	+00.00	02	00	0897	08
03	0003	08	12	10	30	01404	06.1	+08.4	0000	056.0	000.0	0000	0009	+00.00	02	00	0897	08
03	0004	08	12	10	30	01379	06.1	+08.4	0000	056.0	000.0	0027	0014	-01.65	02	01	0897	08
03	0005	08	12	10	30	01380	06.1	+08.3	0000	056.0	000.0	0037	0019	-01.68	02	01	0897	08
03	0006	08	12	10	30	01379	06.1	+08.4	0000	055.9	000.0	0041	0024	-01.48	02	01	0897	08
03	0007	08	12	10	30	01364	06.1	+08.3	0000	055.9	000.0	0051	0028	-01.54	02	01	0897	08
03	0008	08	12	10	31	01326	06.0	+08.2	0000	055.8	000.0	0078	0033	-01.99	02	01	0897	08
03	0009	08	12	10	31	01337	06.1	+08.4	0000	055.7	000.0	0087	0038	-01.94	02	01	0897	08
03	0010	08	12	10	31	01344	06.0	+08.2	0000	055.6	000.0	0088	0043	-01.74	02	01	0897	08
03	0011	08	12	10	31	01351	06.0	+08.4	0000	055.6	000.0	0084	0048	-01.50	02	01	0897	08
03	0012	08	12	10	31	01361	06.1	+08.4	0000	055.5	000.0	0075	0052	-01.23	02	01	0897	08
03	0013	08	12	10	31	01368	06.0	+08.3	0000	055.5	000.0	0066	0057	-00.98	02	01	0897	08
03	0014	08	12	10	31	01372	06.1	+08.4	0000	055.5	000.0	0057	0062	-00.78	02	01	0897	08
04	0001	08	12	10	32	00493	06.0	+08.3	0000	055.1	000.0	0000	0000	+00.00	02	00	0897	08
04	0002	08	12	10	32	00494	05.9	+08.2	0000	054.9	000.0	0000	0004	+00.00	02	00	0897	08
04	0003	08	12	10	32	00498	05.9	+08.2	0000	054.9	000.0	0000	0009	+00.00	02	00	0897	08
04	0004	08	12	10	33	00501	05.9	+08.2	0000	054.8	000.0	0007	0014	+00.43	02	00	0897	08
04	0005	08	12	10	33	00506	05.9	+08.2	0000	054.7	000.0	0012	0019	+00.56	02	00	0897	08
04	0006	08	12	10	33	00517	05.9	+08.4	0000	054.6	000.0	0022	0024	+00.78	02	00	0897	08
04	0007	08	12	10	33	00521	05.9	+08.3	0000	054.5	000.0	0029	0028	+00.86	02	00	0897	08
04	0008	08	12	10	33	00530	05.8	+08.1	0000	054.4	000.0	0037	0033	+00.95	02	00	0897	08
04	0009	08	12	10	33	00538	05.8	+08.2	0000	054.4	000.0	0046	0038	+01.02	02	00	0897	08
04	0010	08	12	10	33	00535	05.8	+08.1	0000	054.4	000.0	0049	0043	+00.98	02	00	0897	08
04	0011	08	12	10	33	00527	05.9	+08.2	0000	054.3	000.0	0047	0048	+00.84	02	00	0897	08
04	0012	08	12	10	33	00526	05.9	+08.2	0000	054.3	000.0	0044	0052	+00.72	02	00	0897	08
04	0013	08	12	10	33	00527	05.8	+08.1	0000	054.3	000.0	0043	0057	+00.64	02	00	0897	08
04	0014	08	12	10	33	00539	05.9	+08.1	0000	054.3	000.0	0045	0062	+00.62	02	00	0897	08
05	0001	08	12	10	34	00612	05.8	+07.9	0000	055.0	000.0	0000	0000	+00.00	02	00	0897	08
05	0002	08	12	10	35	00622	05.9	+08.0	0000	055.0	000.0	0000	0004	+00.00	02	00	0897	08
05	0003	08	12	10	35	00631	05.8	+07.9	0000	054.9	000.0	0000	0009	+00.00	02	00	0897	08
05	0004	08	12	10	35	00638	05.8	+07.8	0000	054.9	000.0	0025	0014	+01.53	02	00	0897	08
05	0005	08	12	10	35	00641	05.8	+07.9	0000	054.8	000.0	0029	0019	+01.31	02	00	0897	08
05	0006	08	12	10	35	00646	05.8	+07.9	0000	054.9	000.0	0033	0024	+01.18	02	00	0897	08
05	0007	08	12	10	35	00653	05.9	+08.0	0000	054.9	000.0	0038	0028	+01.14	02	00	0897	08
05	0008	08	12	10	35	00657	05.8	+07.9	0000	054.9	000.0	0043	0033	+01.09	02	00	0897	08
05	0009	08	12	10	35	00663	05.8	+07.8	0000	054.9	000.0	0048	0038	+01.07	02	00	0897	08
05	0010	08	12	10	35	00669	05.8	+07.8	0000	054.9	000.0	0053	0043	+01.05	02	00	0897	08
05	0011	08	12	10	35	00671	05.8	+07.9	0000	054.9	000.0	0057	0048	+01.01	02	00	0897	08
05	0012	08	12	10	35	00675	05.8	+07.9	0000	054.9	000.0	0060	0052	+00.98	02	00	0897	08
05	0013	08	12	10	35	00679	05.8	+07.9	0000	054.9	000.0	0063	0057	+00.94	02	00	0897	08
05	0014	08	12	10	35	00679	05.8	+07.8	0000	055.0	000.0	0066	0062	+00.90	02	00	0897	08
06	0001	08	12	10	37	00747	05.8	+07.6	0000	055.9	000.0	0000	0000	+00.00	02	00	0897	08
06	0002	08	12	10	37	00751	05.8	+07.5	0000	055.9	000.0	0000	0004	+00.00	02	00	0897	08
06	0003	08	12	10	37	00756	05.8	+07.5	0000	055.9	000.0	0000	0009	+00.00	02	00	0897	08
06	0004	08	12	10	37	00757	05.8	+07.5	0000	055.9	000.0	0010	0014	+00.63	02	00	0897	08
06	0005	08	12	10	37	00762	05.8	+07.4	0000	055.9	000.0	0014	0019	+00.64	02	00	0897	08
06	0006	08	12	10	37	00765	05.8	+07.5	0000	056.0	000.0	0018	0024	+00.64	02	00	0897	08
06	0007	08	12	10	37	00768	05.7	+07.3	0000	056.0	000.0	0020	0028	+00.62	02	00	0897	08
06	0008	08	12	10	37	00773	05.8	+07.6	0000	056.0	000.0	0025	0033	+00.64	02	00	0897	08
06	0009	08	12	10	37	00778	05.7	+07.3	0000	056.1	000.0	0029	0038	+00.65	02	00	0897	08
06	0010	08	12	10	37	00780	05.8	+07.4	0000	056.1	000.0	0033	0043	+00.65	02	00	0897	08
06	0011	08	12	10	38	00783	05.8	+07.5	0000	056.1	000.0	0036	0048	+00.64	02	00	0897	08
06	0012	08	12	10	38	00787	05.8	+07.5	0000	056.1	000.0	0039	0052	+00.64	02	00	0897	08
06	0013	08	12	10	38	00790	05.8	+07.4	0000	056.2	000.0	0043	0057	+00.64	02	00	0897	08
06	0014	08	12	10	38	00794	05.7	+07.3	0000	056.2	000.0	0046	0062	+00.64	02	00	0897	08
07	0001	08	12	10	39	00826	05.7	+07.2	0000	056.8	000.0	0000	0000	+00.00	02	00	0897	08
07	0002	08	12	10	39	00831	05.7	+07.2	0000	056.8	000.0	0000	0004	+00.00	02	00	0897	08
07	0003	08	12	10	39	00831	05.7	+07.2	0000	056.8	000.0	0000	0009	+00.00	02	00	0897	08
07	0004	08	12	10	39	00833	05.8	+07.3	0000	056.8	000.0	0006	0014	+00.37	02	00	0897	08
07	0005	08	12	10	39	00832	05.8	+07.3	0000	056.8	000.0	0005	0019	+00.25	02	00	0897	08
07	0006	08	12	10	39	00834	05.8	+07.2	0000	056.8	000.0	0006	0024	+00.22	02	00	0897	08
07	0007	08	12	10	39	00834	05.7	+07.2	0000	056.8	000.0	0006	0028	+00.19	02	00	0897	08
07	0008	08	12	10	39	00839	05.7	+07.1	0000	056.9	000.0	0009	0033	+00.23	02	00	0897	08
07	0009	08	12	10	39	00848	05.7	+07.1	0000	056.9	000.0	0015	0038	+00.34	02	00	0897	08
07	0010	08	12	10	39	00856	05.8	+07.2	0000	056.9	000.0	0023	0043	+00.46	02	00	0897	08
07	0011	08	12	10	39	00865	05.8	+07.2	0000	057.0	000.0	0032	0048	+00.58	02	00	0897	08
07	0012	08	12	10	39	00872	05.8	+07.2	0000	057.0	000.0	0041	0052	+00.66	02	00	0897	08
07	0013	08	12	10	39	00877	05.8	+07.2	0000	057.0	000.0	0049	0057	+00.73	02	00	0897	08
07	0014	08	12	10	40	00881	05.7	+07.1	0000	057.0	000.0	0056	0062	+00.77	02	00	0897	08
08	0001	08	12	10	41	00921	05.8	+06.9	0000	058.1	000.0	0000	0000	+00.00	02	00	0897	08
08	0002	08	12	10	41	00924	05.8	+07.0	0000	058.1	000.0	0000	0004	+00.00	02	00	0897	08
08	0003	08	12	10	41	00927	05.7	+06.9	0000	058.1	000.0	0000	0009	+00.00	02	00	0897	08
08	0004	08	12	10	41	00933	05.7	+06.9	0000	058.1	000.0	0011	0014	+00.69	02	00	0897	08
08	0005	08	12	10	41	00936	05.8	+07.1	0000	058.1	000.0	0015	0019	+00.70	02	00	0897	08
08	0006	08	12	10	41	00938	05.7	+06.8	0000	058.1	000.0	0018	0024	+00.65	02	00	0897	08
08	0007	08	12	10	41	00942	05.8	+07.1	0000	058.1	000.0	0021	0028	+00.63	02	00	0897	08
08	0008	08	12	10	41	00946	05.7	+06.8	0000	058.1	000.0	0025	0033	+00.63	02	00	0897	08
08	0009	08	12	10	41	00949	05.8	+06.9	0000	058.1	000.0	0028	0038	+00.63	02	00	0897	08
08	0010	08	12	10	41	00954	05.8	+06.8	0000	058.1	000.0	0032	0043	+00.63	02	00	0897	08
08	0011	08	12	10	41	00959	05.9	+07.0	0000	058.2	000.0	0036	0048	+00.65	02	00	0897	08
08	0012	08	12	10	41	00960	05.8	+07.0	0000	058.2	000.0	0040	0052	+00.64	02	00	0897	08
08	0013	08	12	10	41	00960	05.8	+06.8	0000	058.2	000.0	0042	0057	+00.62	02	00	0897	08
08	0014	08	12	10	42	00961	05.8	+07.0	0000	058.2	000.0	0043	0062	+00.59	02	00	0897	08
09	0001	08	12	10	43	00967	05.8	+06.6	0000	059.9	000.0	0000	0000	+00.00	02	00	0897	08
09	0002	08	12	10	43	00969	05.9	+06.8	0000	059.9	000.0	0000	0004	+00.00	02	00	0897	08
09	0003	08	12	10	43	00974	05.9	+06.7	0000	059.9	000.0	0000	0009	+00.00	02	00	0897	08
09	0004	08	12	10	43	00980	05.9	+06.7	0000	059.9	000.0	0013	0014	+00.79	02	00	0897	08
09	0005	08	12	10	43	00996	05.9	+06.7	0000	059.9	000.0	0027	0019	+01.20	02	00	0897	08
09	0006	08	12	10	43	01007	05.8	+06.7	0000	059.9	000.0	0040	0024	+01.43	02	00	0897	08
09	0007	08	12	10	43	01019	05.8	+06.7	0000	059.9	000.0	0053	0028	+01.59	02	00	0897	08
09	0008	08	12	10	43	01029	05.8	+06.7	0000	059.9	000.0	0066	0033	+01.68	02	00	0897	08
09	0009	08	12	10	43	01038	05.9	+06.8	0000	059.9	000.0	0077	0038	+01.72	02	00	0897	08
09	0010	08	12	10	43	01049	05.8	+06.7	0000	059.9	000.0	0088	0043	+01.75	02	00	0897	08
09	0011	08	12	10	43	01056	05.8	+06.7	0000	059.9	000.0	0097	0048	+01.74	02	00	0897	08
09	0012	08	12	10	43	01066	05.8	+06.7	0000	059.9	000.0	0107	0052	+01.73	02	00	0897	08
09	0013	08	12	10	44	01075	05.8	+06.7	0000	059.8	000.0	0116	0057	+01.72	02	00	0897	08
09	0014	08	12	10	44	01082	05.9	+06.9	0000	059.8	000.0	0125	0062	+01.71	02	00	0897	08
10	0001	08	12	10	46	01215	05.9	+06.8	0000	059.9	000.0	0000	0000	+00.00	02	00	0897	08
10	0002	08	12	10	46	01221	05.9	+06.8	0000	059.9	000.0	0000	0004	+00.00	02	00	0897	08
10	0003	08	12	10	46	01223	05.8	+06.7	0000	059.9	000.0	0000	0009	+00.00	02	00	0897	08
10	0004	08	12	10	46	01228	05.8	+06.7	0000	059.9	000.0	0012	0014	+00.71	02	00	0897	08
10	0005	08	12	10	46	01234	05.9	+06.8	0000	059.9	000.0	0017	0019	+00.77	02	00	0897	08
10	0006	08	12	10	47	01238	05.8	+06.6	0000	059.9	000.0	0022	0024	+00.80	02	00	0897	08
10	0007	08	12	10	47	01245	05.8	+06.7	0000	059.9	000.0	0028	0028	+00.84	02	00	0897	08
10	0008	08	12	10	47	01245	05.8	+06.5	0000	059.9	000.0	0031	0033	+00.79	02	00	0897	08
10	0009	08	12	10	47	01248	05.8	+06.5	0000	059.9	000.0	0033	0038	+00.75	02	00	0897	08
10	0010	08	12	10	47	01249	05.8	+06.6	0000	059.9	000.0	0035	0043	+00.70	02	00	0897	08
10	0011	08	12	10	47	01252	05.8	+06.5	0000	059.9	000.0	0037	0048	+00.66	02	00	0897	08
10	0012	08	12	10	47	01255	05.8	+06.5	0000	059.9	000.0	0039	0052	+00.64	02	00	0897	08
10	0013	08	12	10	47	01260	05.8	+06.6	0000	059.9	000.0	0042	0057	+00.63	02	00	0897	08
10	0014	08	12	10	47	01261	05.8	+06.7	0000	059.9	000.0	0045	0062	+00.61	02	00	0897	08
11	0001	08	12	10	51	00467	05.5	+06.1	0000	059.3	000.0	0000	0000	+00.00	02	00	0897	08
11	0002	08	12	10	51	00470	05.6	+06.2	0000	059.4	000.0	0000	0004	+00.00	02	00	0897	08
11	0003	08	12	10	51	00472	05.6	+06.2	0000	059.4	000.0	0000	0009	+00.00	02	00	0897	08
11	0004	08	12	10	51	00474	05.6	+06.2	0000	059.4	000.0	0006	0014	+00.40	02	00	0897	08
11	0005	08	12	10	51	00475	05.5	+06.0	0000	059.4	000.0	0007	0019	+00.34	02	00	0897	08
11	0006	08	12	10	51	00476	05.6	+06.2	0000	059.4	000.0	0008	0024	+00.31	02	00	0898	08
11	0007	08	12	10	51	00479	05.6	+06.0	0000	059.5	000.0	0010	0028	+00.32	02	00	0897	08
11	0008	08	12	10	51	00482	05.6	+06.0	0000	059.5	000.0	0013	0033	+00.35	02	00	0897	08
11	0009	08	12	10	51	00483	05.6	+06.1	0000	059.5	000.0	0015	0038	+00.34	02	00	0897	08
11	0010	08	12	10	51	00485	05.5	+06.0	0000	059.5	000.0	0017	0043	+00.35	02	00	0897	08
11	0011	08	12	10	51	00486	05.6	+06.2	0000	059.6	000.0	0019	0048	+00.34	02	00	0897	08
11	0012	08	12	10	52	00489	05.6	+06.1	0000	059.6	000.0	0021	0052	+00.34	02	00	0897	08
11	0013	08	12	10	52	00492	05.5	+06.0	0000	059.6	000.0	0023	0057	+00.35	02	00	0897	08
11	0014	08	12	10	52	00494	05.6	+06.1	0000	059.6	000.0	0026	0062	+00.35	02	00	0897	08
12	0001	08	12	10	53	00538	05.6	+06.0	0000	060.2	000.0	0000	0000	+00.00	02	00	0897	08
12	0002	08	12	10	53	00540	05.6	+05.9	0000	060.2	000.0	0000	0004	+00.00	02	00	0897	08
12	0003	08	12	10	53	00541	05.6	+06.0	0000	060.2	000.0	0000	0009	+00.00	02	00	0897	08
12	0004	08	12	10	53	00543	05.5	+05.8	0000	060.2	000.0	0004	0014	+00.28	02	00	0897	08
12	0005	08	12	10	53	00544	05.6	+05.9	0000	060.3	000.0	0006	0019	+00.28	02	00	0897	08
12	0006	08	12	10	53	00542	05.6	+05.9	0000	060.3	000.0	0005	0024	+00.18	02	00	0898	08
12	0007	08	12	10	53	00546	05.6	+05.8	0000	060.4	000.0	0006	0028	+00.19	02	00	0897	08
12	0008	08	12	10	53	00546	05.6	+06.0	0000	060.4	000.0	0007	0033	+00.19	02	00	0897	08
12	0009	08	12	10	53	00550	05.6	+05.8	0000	060.5	000.0	0010	0038	+00.22	02	00	0897	08
12	0010	08	12	10	53	00551	05.6	+06.0	0000	060.5	000.0	0012	0043	+00.24	02	00	0897	08
12	0011	08	12	10	54	00554	05.6	+05.8	0000	060.5	000.0	0014	0048	+00.25	02	00	0897	08
12	0012	08	12	10	54	00556	05.6	+05.7	0000	060.6	000.0	0016	0052	+00.27	02	00	0897	08
12	0013	08	12	10	54	00559	05.7	+06.0	0000	060.6	000.0	0019	0057	+00.29	02	00	0897	08
12	0014	08	12	10	54	00561	05.6	+05.9	0000	060.6	000.0	0022	0062	+00.30	02	00	0897	08
13	0001	08	12	10	55	00574	05.6	+05.7	0000	061.5	000.0	0000	0000	+00.00	02	00	0897	08
13	0002	08	12	10	55	00576	05.6	+05.8	0000	061.5	000.0	0000	0004	+00.00	02	00	0897	08
13	0003	08	12	10	55	00581	05.6	+05.7	0000	061.5	000.0	0000	0009	+00.00	02	00	0897	08
13	0004	08	12	10	55	00587	05.6	+05.8	0000	061.6	000.0	0013	0014	+00.78	02	00	0897	08
13	0005	08	12	10	55	00589	05.6	+05.7	0000	061.6	000.0	0016	0019	+00.74	02	00	0898	08
13	0006	08	12	10	55	00593	05.6	+05.7	0000	061.6	000.0	0020	0024	+00.71	02	00	0898	08
13	0007	08	12	10	55	00596	05.7	+05.9	0000	061.6	000.0	0022	0028	+00.68	02	00	0898	08
13	0008	08	12	10	55	00600	05.6	+05.8	0000	061.6	000.0	0026	0033	+00.66	02	00	0897	08
13	0009	08	12	10	56	00599	05.6	+05.8	0000	061.6	000.0	0027	0038	+00.60	02	00	0897	08
13	0010	08	12	10	56	00598	05.6	+05.8	0000	061.6	000.0	0027	0043	+00.54	02	00	0897	08
13	0011	08	12	10	56	00597	05.6	+05.7	0000	061.6	000.0	0026	0048	+00.46	02	00	0898	08
13	0012	08	12	10	56	00598	05.6	+05.7	0000	061.6	000.0	0025	0052	+00.41	02	00	0897	08
13	0013	08	12	10	56	00601	05.6	+05.8	0000	061.5	000.0	0026	0057	+00.39	02	00	0897	08
13	0014	08	12	10	56	00605	05.7	+05.8	0000	061.5	000.0	0027	0062	+00.38	02	00	0897	08
14	0001	08	12	10	58	00655	05.7	+05.9	0000	062.0	000.0	0000	0000	+00.00	02	00	0897	08
14	0002	08	12	10	58	00654	05.7	+05.8	0000	062.0	000.0	0000	0004	+00.00	02	00	0897	08
14	0003	08	12	10	58	00656	05.7	+05.9	0000	062.0	000.0	0000	0009	+00.00	02	00	0897	08
14	0004	08	12	10	58	00657	05.7	+05.8	0000	062.0	000.0	0002	0014	+00.15	02	00	0897	08
14	0005	08	12	10	58	00660	05.7	+05.8	0000	062.0	000.0	0005	0019	+00.24	02	00	0897	08
14	0006	08	12	10	58	00662	05.7	+05.7	0000	062.0	000.0	0007	0024	+00.26	02	00	0897	08
14	0007	08	12	10	58	00662	05.7	+05.7	0000	062.0	000.0	0008	0028	+00.26	02	00	0897	08
14	0008	08	12	10	58	00664	05.7	+05.8	0000	062.0	000.0	0010	0033	+00.26	02	00	0897	08
14	0009	08	12	10	58	00667	05.7	+05.7	0000	062.0	000.0	0012	0038	+00.27	02	00	0897	08
14	0010	08	12	10	58	00666	05.7	+05.8	0000	062.0	000.0	0013	0043	+00.26	02	00	0897	08
14	0011	08	12	10	58	00665	05.7	+05.9	0000	062.0	000.0	0013	0048	+00.23	02	00	0897	08
14	0012	08	12	10	58	00667	05.7	+05.7	0000	062.0	000.0	0013	0052	+00.22	02	00	0897	08
14	0013	08	12	10	59	00667	05.7	+05.8	0000	062.0	000.0	0014	0057	+00.21	02	00	0897	08
14	0014	08	12	10	59	00671	05.8	+05.9	0000	062.1	000.0	0015	0062	+00.21	02	00	0897	08
16	0001	08	12	11	02	00766	05.8	+05.9	0000	062.9	000.0	0000	0000	+00.00	02	00	0897	08
16	0002	08	12	11	02	00769	05.8	+06.0	0000	062.7	000.0	0000	0004	+00.00	02	00	0898	08
16	0003	08	12	11	02	00771	05.7	+05.8	0000	062.6	000.0	0000	0009	+00.00	02	00	0897	08
16	0004	08	12	11	02	00772	05.7	+05.7	0000	062.6	000.0	0005	0014	+00.35	02	00	0897	08
16	0005	08	12	11	03	00773	05.7	+05.8	0000	062.6	000.0	0007	0019	+00.31	02	00	0897	08
16	0006	08	12	11	03	00779	05.8	+05.9	0000	062.5	000.0	0011	0024	+00.40	02	00	0897	08
16	0007	08	12	11	03	00785	05.7	+05.8	0000	062.5	000.0	0016	0028	+00.50	02	00	0897	08
16	0008	08	12	11	03	00793	05.7	+05.8	0000	062.5	000.0	0024	0033	+00.61	02	00	0897	08
16	0009	08	12	11	03	00797	05.7	+05.8	0000	062.5	000.0	0030	0038	+00.67	02	00	0897	08
16	0010	08	12	11	03	00798	05.7	+05.8	0000	062.5	000.0	0034	0043	+00.68	02	00	0897	08
16	0011	08	12	11	03	00802	05.8	+06.0	0000	062.5	000.0	0038	0048	+00.69	02	00	0897	08
16	0012	08	12	11	03	00801	05.7	+05.8	0000	062.5	000.0	0041	0052	+00.66	02	00	0897	08
16	0013	08	12	11	03	00804	05.7	+05.8	0000	062.5	000.0	0043	0057	+00.64	02	00	0897	08
16	0014	08	12	11	03	00806	05.7	+05.8	0000	062.4	000.0	0045	0062	+00.62	02	00	0897	08
17	0009	08	12	11	10	00967	05.6	+05.2	0000	063.2	000.0	0000	0000	+00.00	02	00	0898	08
17	0010	08	12	11	10	00969	05.6	+05.2	0000	063.0	000.0	0000	0004	+00.00	02	00	0898	08
17	0011	08	12	11	10	00973	05.5	+05.2	0000	063.0	000.0	0000	0009	+00.00	02	00	0898	08
17	0012	08	12	11	10	00979	05.5	+05.2	0000	063.1	000.0	0011	0014	+00.71	02	00	0898	08
17	0013	08	12	11	10	00986	05.5	+05.2	0000	063.1	000.0	0018	0019	+00.84	02	00	0898	08
17	0014	08	12	11	10	00994	05.6	+05.3	0000	063.1	000.0	0026	0024	+00.96	02	00	0898	08
17	0015	08	12	11	10	01002	05.5	+05.1	0000	063.1	000.0	0035	0028	+01.06	02	00	0898	08
17	0016	08	12	11	10	01009	05.6	+05.3	0000	063.1	000.0	0043	0033	+01.10	02	00	0898	08
17	0017	08	12	11	10	01012	05.5	+05.1	0000	063.1	000.0	0049	0038	+01.10	02	00	0898	08
17	0018	08	12	11	10	01012	05.5	+05.2	0000	063.1	000.0	0052	0043	+01.04	02	00	0898	08
17	0019	08	12	11	11	01013	05.5	+05.2	0000	063.1	000.0	0054	0048	+00.96	02	00	0898	08
17	0020	08	12	11	11	01012	05.5	+05.2	0000	063.1	000.0	0054	0052	+00.87	02	00	0898	08
17	0021	08	12	11	11	01011	05.5	+05.1	0000	063.1	000.0	0052	0057	+00.78	02	00	0898	08
17	0022	08	12	11	11	01012	05.5	+05.1	0000	063.1	000.0	0052	0062	+00.71	02	00	0898	08
18	0001	08	12	11	12	00973	05.5	+04.9	0000	063.6	000.0	0000	0000	+00.00	02	00	0898	08
18	0002	08	12	11	12	00973	05.5	+05.0	0000	063.6	000.0	0000	0004	+00.00	02	00	0898	08
18	0003	08	12	11	12	00974	05.5	+05.0	0000	063.6	000.0	0000	0009	+00.00	02	00	0898	08
18	0004	08	12	11	12	00978	05.5	+05.0	0000	063.6	000.0	0004	0014	+00.25	02	00	0898	08
18	0005	08	12	11	12	00978	05.5	+04.9	0000	063.6	000.0	0006	0019	+00.27	02	00	0898	08
18	0006	08	12	11	12	00983	05.5	+04.9	0000	063.6	000.0	0009	0024	+00.34	02	00	0898	08
18	0007	08	12	11	12	00984	05.5	+05.0	0000	063.7	000.0	0012	0028	+00.36	02	00	0898	08
18	0008	08	12	11	12	00989	05.6	+05.1	0000	063.7	000.0	0015	0033	+00.40	02	00	0898	08
18	0009	08	12	11	13	00990	05.5	+04.9	0000	063.8	000.0	0018	0038	+00.41	02	00	0898	08
18	0010	08	12	11	13	00989	05.6	+05.0	0000	063.8	000.0	0019	0043	+00.38	02	00	0898	08
18	0011	08	12	11	13	00989	05.5	+04.9	0000	063.8	000.0	0019	0048	+00.34	02	00	0898	08
18	0012	08	12	11	13	00992	05.6	+05.1	0000	063.8	000.0	0020	0052	+00.33	02	00	0898	08
18	0013	08	12	11	13	00992	05.6	+05.1	0000	063.9	000.0	0021	0057	+00.32	02	00	0898	08
18	0014	08	12	11	13	00993	05.5	+04.8	0000	063.9	000.0	0022	0062	+00.30	02	00	0898	08
19	0001	08	12	11	18	00440	05.8	+05.1	0000	066.7	000.0	0000	0000	+00.00	02	00	0898	08
19	0002	08	12	11	18	00446	05.8	+05.0	0000	066.7	000.0	0000	0004	+00.00	02	00	0898	08
19	0003	08	12	11	19	00452	05.9	+05.2	0000	066.7	000.0	0000	0009	+00.00	02	00	0898	08
19	0004	08	12	11	19	00459	05.8	+05.0	0000	066.8	000.0	0019	0014	+01.13	02	00	0898	08
19	0005	08	12	11	19	00466	05.9	+05.2	0000	066.9	000.0	0026	0019	+01.17	02	00	0898	08
19	0006	08	12	11	19	00472	05.8	+05.0	0000	066.9	000.0	0032	0024	+01.15	02	00	0898	08
19	0007	08	12	11	19	00479	05.9	+05.2	0000	066.9	000.0	0039	0028	+01.17	02	00	0898	08
19	0008	08	12	11	19	00483	05.9	+05.1	0000	066.9	000.0	0044	0033	+01.13	02	00	0898	08
19	0009	08	12	11	19	00488	05.9	+05.1	0000	067.0	000.0	0049	0038	+01.10	02	00	0898	08
19	0010	08	12	11	19	00492	05.8	+05.0	0000	067.0	000.0	0054	0043	+01.07	02	00	0898	08
19	0011	08	12	11	19	00494	05.9	+05.1	0000	067.0	000.0	0057	0048	+01.01	02	00	0898	08
19	0012	08	12	11	19	00498	05.8	+05.0	0000	067.0	000.0	0060	0052	+00.97	02	00	0898	08
19	0013	08	12	11	19	00503	05.9	+05.2	0000	067.0	000.0	0063	0057	+00.94	02	00	0898	08
19	0014	08	12	11	19	00507	05.8	+05.0	0000	067.0	000.0	0067	0062	+00.92	02	00	0898	08
20	0001	08	12	11	21	00494	05.8	+05.1	0000	066.2	000.0	0000	0000	+00.00	02	00	0898	08
20	0002	08	12	11	21	00498	05.8	+05.1	0000	066.4	000.0	0000	0004	+00.00	02	00	0898	08
20	0003	08	12	11	21	00506	05.8	+05.0	0000	066.4	000.0	0000	0009	+00.00	02	00	0898	08
20	0004	08	12	11	21	00514	05.9	+05.3	0000	066.4	000.0	0019	0014	+01.19	02	00	0898	08
20	0005	08	12	11	21	00519	05.8	+05.1	0000	066.4	000.0	0026	0019	+01.17	02	00	0898	08
20	0006	08	12	11	21	00524	05.8	+05.2	0000	066.4	000.0	0030	0024	+01.10	02	00	0898	08
20	0007	08	12	11	21	00525	05.8	+05.2	0000	066.3	000.0	0033	0028	+00.99	02	00	0898	08
20	0008	08	12	11	21	00530	05.8	+05.1	0000	066.3	000.0	0036	0033	+00.93	02	00	0898	08
20	0009	08	12	11	21	00533	05.8	+05.2	0000	066.3	000.0	0039	0038	+00.88	02	00	0898	08
20	0010	08	12	11	21	00536	05.8	+05.2	0000	066.3	000.0	0042	0043	+00.84	02	00	0898	08
20	0011	08	12	11	21	00539	05.8	+05.2	0000	066.3	000.0	0045	0048	+00.80	02	00	0898	08
20	0012	08	12	11	21	00538	05.9	+05.3	0000	066.3	000.0	0045	0052	+00.74	02	00	0898	08
20	0013	08	12	11	22	00539	05.8	+05.2	0000	066.3	000.0	0046	0057	+00.69	02	00	0898	08
20	0014	08	12	11	22	00540	05.8	+05.2	0000	066.3	000.0	0046	0062	+00.64	02	00	0898	08
21	0001	08	12	11	23	00550	05.8	+05.2	0000	066.3	000.0	0000	0000	+00.00	02	00	0898	08
21	0002	08	12	11	23	00551	05.8	+05.2	0000	066.3	000.0	0000	0004	+00.00	02	00	0898	08
21	0003	08	12	11	23	00550	05.8	+05.2	0000	066.3	000.0	0000	0009	+00.00	02	00	0898	08
21	0004	08	12	11	23	00549	05.9	+05.4	0000	066.3	000.0	0001	0014	-00.06	02	01	0898	08
21	0005	08	12	11	23	00549	05.9	+05.3	0000	066.3	000.0	0001	0019	-00.06	02	01	0898	08
21	0006	08	12	11	23	00547	05.9	+05.3	0000	066.3	000.0	0002	0024	-00.10	02	01	0898	08
21	0007	08	12	11	23	00548	05.8	+05.3	0000	066.3	000.0	0003	0028	-00.09	02	01	0898	08
21	0008	08	12	11	23	00547	05.8	+05.2	0000	066.2	000.0	0003	0033	-00.09	02	01	0898	08
21	0009	08	12	11	24	00546	05.9	+05.4	0000	066.2	000.0	0004	0038	-00.10	02	01	0898	08
21	0010	08	12	11	24	00547	05.8	+05.2	0000	066.2	000.0	0004	0043	-00.09	02	01	0898	08
21	0011	08	12	11	24	00546	05.8	+05.2	0000	066.2	000.0	0005	0048	-00.09	02	01	0898	08
21	0012	08	12	11	24	00548	05.9	+05.4	0000	066.2	000.0	0004	0052	-00.07	02	01	0898	08
21	0013	08	12	11	24	00546	05.9	+05.4	0000	066.2	000.0	0004	0057	-00.06	02	01	0898	08
21	0014	08	12	11	24	00547	05.8	+05.3	0000	066.2	000.0	0004	0062	-00.06	02	01	0898	08
22	0001	08	12	11	25	00559	05.9	+05.6	0000	065.9	000.0	0000	0000	+00.00	02	00	0898	08
22	0002	08	12	11	25	00565	05.9	+05.5	0000	065.9	000.0	0000	0004	+00.00	02	00	0898	08
22	0003	08	12	11	25	00570	05.8	+05.3	0000	065.9	000.0	0000	0009	+00.00	02	00	0898	08
22	0004	08	12	11	25	00577	05.9	+05.6	0000	065.9	000.0	0018	0014	+01.09	02	00	0898	08
22	0005	08	12	11	26	00583	05.9	+05.6	0000	065.9	000.0	0024	0019	+01.09	02	00	0898	08
22	0006	08	12	11	26	00588	05.9	+05.5	0000	065.9	000.0	0030	0024	+01.07	02	00	0898	08
22	0007	08	12	11	26	00594	05.9	+05.6	0000	065.9	000.0	0035	0028	+01.06	02	00	0898	08
22	0008	08	12	11	26	00601	05.9	+05.6	0000	065.9	000.0	0041	0033	+01.06	02	00	0898	08
22	0009	08	12	11	26	00602	05.9	+05.6	0000	065.8	000.0	0045	0038	+01.01	02	00	0898	08
22	0010	08	12	11	26	00605	05.9	+05.4	0000	065.8	000.0	0048	0043	+00.95	02	00	0898	08
22	0011	08	12	11	26	00607	05.9	+05.5	0000	065.8	000.0	0050	0048	+00.89	02	00	0898	08
22	0012	08	12	11	26	00609	05.9	+05.6	0000	065.8	000.0	0051	0052	+00.84	02	00	0898	08
22	0013	08	12	11	26	00610	05.9	+05.4	0000	065.7	000.0	0053	0057	+00.78	02	00	0898	08
22	0014	08	12	11	26	00611	05.9	+05.5	0000	065.7	000.0	0053	0062	+00.73	02	00	0898	08
23	0009	08	12	11	37	00719	05.7	+04.8	0000	066.6	000.0	0000	0000	+00.00	02	00	0897	08
23	0010	08	12	11	37	00726	05.6	+04.7	0000	066.6	000.0	0000	0004	+00.00	02	00	0895	08
23	0011	08	12	11	37	00726	05.6	+04.6	0000	066.6	000.0	0000	0009	+00.00	02	00	0897	08
23	0012	08	12	11	37	00730	05.7	+04.8	0000	066.6	000.0	0010	0014	+00.59	02	00	0895	08
23	0013	08	12	11	37	00727	05.6	+04.6	0000	066.6	000.0	0008	0019	+00.35	02	00	0897	08
23	0014	08	12	11	37	00728	05.7	+04.7	0000	066.6	000.0	0007	0024	+00.25	02	00	0897	08
23	0015	08	12	11	37	00729	05.7	+04.8	0000	066.6	000.0	0007	0028	+00.21	02	00	0897	08
23	0016	08	12	11	37	00730	05.7	+04.8	0000	066.6	000.0	0007	0033	+00.19	02	00	0897	08
23	0017	08	12	11	37	00732	05.7	+04.8	0000	066.6	000.0	0008	0038	+00.19	02	00	0897	08
23	0018	08	12	11	37	00731	05.6	+04.7	0000	066.6	000.0	0009	0043	+00.17	02	00	0897	08
23	0019	08	12	11	38	00735	05.6	+04.7	0000	066.6	000.0	0010	0048	+00.19	02	00	0897	08
23	0020	08	12	11	38	00737	05.7	+04.8	0000	066.6	000.0	0012	0052	+00.20	02	00	0897	08
23	0021	08	12	11	38	00741	05.7	+04.8	0000	066.6	000.0	0015	0057	+00.22	02	00	0895	08
23	0022	08	12	11	38	00739	05.6	+04.7	0000	066.6	000.0	0016	0062	+00.22	02	00	0895	08
24	0001	08	12	11	39	00735	05.6	+04.6	0000	066.6	000.0	0000	0000	+00.00	02	00	0897	08
24	0002	08	12	11	39	00736	05.7	+04.8	0000	066.6	000.0	0000	0004	+00.00	02	00	0897	08
24	0003	08	12	11	39	00741	05.6	+04.7	0000	066.6	000.0	0000	0009	+00.00	02	00	0897	08
24	0004	08	12	11	39	00747	05.7	+04.8	0000	066.6	000.0	0012	0014	+00.72	02	00	0895	08
24	0005	08	12	11	39	00746	05.6	+04.6	0000	066.6	000.0	0013	0019	+00.58	02	00	0897	08
24	0006	08	12	11	39	00746	05.7	+04.7	0000	066.6	000.0	0012	0024	+00.45	02	00	0897	08
24	0007	08	12	11	39	00744	05.6	+04.6	0000	066.6	000.0	0011	0028	+00.33	02	00	0897	08
24	0008	08	12	11	39	00744	05.6	+04.6	0000	066.6	000.0	0009	0033	+00.25	02	00	0897	08
24	0009	08	12	11	39	00745	05.6	+04.6	0000	066.6	000.0	0009	0038	+00.20	02	00	0897	08
24	0010	08	12	11	39	00742	05.7	+04.8	0000	066.6	000.0	0007	0043	+00.14	02	00	0897	08
24	0011	08	12	11	40	00739	05.7	+04.8	0000	066.6	000.0	0004	0048	+00.08	02	00	0897	08
24	0012	08	12	11	40	00742	05.7	+04.8	0000	066.6	000.0	0003	0052	+00.06	02	00	0895	08
24	0013	08	12	11	40	00739	05.7	+04.8	0000	066.6	000.0	0001	0057	+00.02	02	00	0897	08
24	0014	08	12	11	40	00738	05.7	+04.8	0000	066.6	000.0	0000	0062	+00.00	02	00	0897	08
25	0001	08	12	11	41	00757	05.6	+04.8	0000	065.8	000.0	0000	0000	+00.00	02	00	0897	08
25	0002	08	12	11	41	00758	05.5	+04.6	0000	065.4	000.0	0000	0004	+00.00	02	00	0897	08
25	0003	08	12	11	41	00759	05.6	+04.8	0000	065.5	000.0	0000	0009	+00.00	02	00	0897	08
25	0004	08	12	11	41	00761	05.6	+04.8	0000	065.4	000.0	0003	0014	+00.22	02	00	0897	08
25	0005	08	12	11	41	00763	05.5	+04.6	0000	065.4	000.0	0006	0019	+00.27	02	00	0897	08
25	0006	08	12	11	41	00764	05.6	+04.8	0000	065.4	000.0	0007	0024	+00.26	02	00	0897	08
25	0007	08	12	11	41	00768	05.6	+04.7	0000	065.4	000.0	0010	0028	+00.31	02	00	0895	08
25	0008	08	12	11	41	00770	05.5	+04.5	0000	065.4	000.0	0013	0033	+00.33	02	00	0895	08
25	0009	08	12	11	42	00767	05.5	+04.6	0000	065.4	000.0	0013	0038	+00.29	02	00	0895	08
25	0010	08	12	11	42	00768	05.5	+04.6	0000	065.4	000.0	0013	0043	+00.25	02	00	0895	08
25	0011	08	12	11	42	00766	05.6	+04.7	0000	065.4	000.0	0011	0048	+00.21	02	00	0897	08
25	0012	08	12	11	42	00768	05.5	+04.6	0000	065.4	000.0	0011	0052	+00.19	02	00	0897	08
25	0013	08	12	11	42	00771	05.6	+04.6	0000	065.4	000.0	0012	0057	+00.19	02	00	0897	08
25	0014	08	12	11	42	00769	05.6	+04.6	0000	065.4	000.0	0012	0062	+00.17	02	00	0897	08
26	0001	08	12	11	43	00769	05.6	+04.5	0000	067.0	000.0	0000	0000	+00.00	02	00	0897	08
26	0002	08	12	11	43	00769	05.6	+04.5	0000	066.9	000.0	0000	0004	+00.00	02	00	0897	08
26	0003	08	12	11	43	00772	05.6	+04.5	0000	066.9	000.0	0000	0009	+00.00	02	00	0897	08
26	0004	08	12	11	43	00781	05.7	+04.7	0000	067.0	000.0	0010	0014	+00.65	02	00	0895	08
26	0005	08	12	11	43	00783	05.6	+04.5	0000	067.0	000.0	0015	0019	+00.69	02	00	0897	08
26	0006	08	12	11	43	00787	05.7	+04.6	0000	067.0	000.0	0019	0024	+00.69	02	00	0897	08
26	0007	08	12	11	43	00789	05.7	+04.6	0000	067.0	000.0	0022	0028	+00.66	02	00	0897	08
26	0008	08	12	11	43	00797	05.6	+04.4	0000	067.0	000.0	0028	0033	+00.72	02	00	0895	08
26	0009	08	12	11	44	00800	05.6	+04.5	0000	067.0	000.0	0032	0038	+00.73	02	00	0897	08
26	0010	08	12	11	44	00805	05.6	+04.4	0000	067.0	000.0	0037	0043	+00.74	02	00	0895	08
26	0011	08	12	11	44	00800	05.6	+04.4	0000	067.0	000.0	0038	0048	+00.67	02	00	0897	08
26	0012	08	12	11	44	00801	05.6	+04.5	0000	067.0	000.0	0038	0052	+00.62	02	00	0897	08
26	0013	08	12	11	44	00807	05.6	+04.5	0000	067.0	000.0	0040	0057	+00.60	02	00	0897	08
26	0014	08	12	11	44	00816	05.6	+04.6	0000	067.0	000.0	0045	0062	+00.61	02	00	0895	08
27	0001	08	12	11	46	00413	05.6	+04.4	0000	067.8	000.0	0000	0000	+00.00	02	00	0895	08
27	0002	08	12	11	46	00413	05.7	+04.6	0000	067.8	000.0	0000	0004	+00.00	02	00	0897	08
27	0003	08	12	11	46	00416	05.6	+04.4	0000	067.9	000.0	0000	0009	+00.00	02	00	0897	08
27	0004	08	12	11	47	00417	05.7	+04.6	0000	067.9	000.0	0005	0014	+00.31	02	00	0897	08
27	0005	08	12	11	47	00421	05.8	+04.6	0000	068.0	000.0	0008	0019	+00.37	02	00	0897	08
27	0006	08	12	11	47	00423	05.7	+04.4	0000	068.1	000.0	0010	0024	+00.39	02	00	0897	08
27	0007	08	12	11	47	00429	05.7	+04.4	0000	068.1	000.0	0015	0028	+00.46	02	00	0897	08
27	0008	08	12	11	47	00432	05.8	+04.6	0000	068.1	000.0	0020	0033	+00.51	02	00	0897	08
27	0009	08	12	11	47	00436	05.7	+04.4	0000	068.1	000.0	0024	0038	+00.54	02	00	0897	08
27	0010	08	12	11	47	00437	05.7	+04.5	0000	068.1	000.0	0027	0043	+00.54	02	00	0897	08
27	0011	08	12	11	47	00445	05.7	+04.5	0000	068.2	000.0	0032	0048	+00.57	02	00	0895	08
27	0012	08	12	11	47	00445	05.7	+04.4	0000	068.2	000.0	0035	0052	+00.57	02	00	0895	08
27	0013	08	12	11	47	00449	05.7	+04.4	0000	068.2	000.0	0038	0057	+00.57	02	00	0895	08
27	0014	08	12	11	47	00448	05.8	+04.6	0000	068.2	000.0	0040	0062	+00.55	02	00	0897	08
28	0001	08	12	11	48	00466	05.8	+04.6	0000	068.3	000.0	0000	0000	+00.00	02	00	0897	08
28	0002	08	12	11	48	00464	05.7	+04.4	0000	068.3	000.0	0000	0004	+00.00	02	00	0897	08
28	0003	08	12	11	49	00466	05.8	+04.6	0000	068.3	000.0	0000	0009	+00.00	02	00	0897	08
28	0004	08	12	11	49	00467	05.8	+04.6	0000	068.3	000.0	0001	0014	+00.10	02	00	0895	08
28	0005	08	12	11	49	00466	05.7	+04.4	0000	068.3	000.0	0000	0019	+00.04	02	00	0895	08
28	0006	08	12	11	49	00466	05.7	+04.4	0000	068.3	000.0	0001	0024	+00.03	02	00	0895	08
28	0007	08	12	11	49	00465	05.7	+04.4	0000	068.3	000.0	0000	0028	+00.01	02	00	0895	08
28	0008	08	12	11	49	00465	05.8	+04.6	0000	068.3	000.0	0000	0033	-00.00	02	01	0895	08
28	0009	08	12	11	49	00467	05.8	+04.6	0000	068.3	000.0	0000	0038	+00.01	02	00	0897	08
28	0010	08	12	11	49	00469	05.7	+04.4	0000	068.3	000.0	0002	0043	+00.04	02	00	0895	08
28	0011	08	12	11	49	00471	05.7	+04.4	0000	068.3	000.0	0003	0048	+00.06	02	00	0897	08
28	0012	08	12	11	49	00474	05.7	+04.5	0000	068.3	000.0	0006	0052	+00.10	02	00	0897	08
28	0013	08	12	11	49	00475	05.7	+04.6	0000	068.2	000.0	0008	0057	+00.12	02	00	0897	08
28	0014	08	12	11	49	00476	05.7	+04.5	0000	068.2	000.0	0010	0062	+00.14	02	00	0897	08
29	0007	08	12	11	59	00603	05.8	+04.5	0000	068.7	000.0	0000	0000	+00.00	02	00	0895	08
29	0008	08	12	11	59	00601	05.7	+04.4	0000	068.7	000.0	0000	0004	+00.00	02	00	0895	08
29	0009	08	12	11	59	00600	05.7	+04.3	0000	068.6	000.0	0000	0009	+00.00	02	00	0895	08
29	0010	08	12	11	59	00597	05.7	+04.4	0000	068.6	000.0	0005	0014	-00.30	02	01	0895	08
29	0011	08	12	11	59	00600	05.7	+04.4	0000	068.6	000.0	0003	0019	-00.15	02	01	0895	08
29	0012	08	12	12	00	00597	05.7	+04.4	0000	068.6	000.0	0004	0024	-00.16	02	01	0895	08
29	0013	08	12	12	00	00599	05.7	+04.4	0000	068.5	000.0	0003	0028	-00.11	02	01	0895	08
29	0014	08	12	12	00	00600	05.7	+04.4	0000	068.5	000.0	0002	0033	-00.07	02	01	0895	08
29	0015	08	12	12	00	00601	05.7	+04.5	0000	068.4	000.0	0001	0038	-00.03	02	01	0895	08
29	0016	08	12	12	00	00602	05.7	+04.4	0000	068.4	000.0	0000	0043	-00.01	02	01	0895	08
29	0017	08	12	12	00	00604	05.6	+04.3	0000	068.4	000.0	0001	0048	+00.02	02	00	0895	08
29	0018	08	12	12	00	00607	05.7	+04.4	0000	068.4	000.0	0003	0052	+00.06	02	00	0895	08
29	0019	08	12	12	00	00611	05.7	+04.4	0000	068.4	000.0	0007	0057	+00.10	02	00	0895	08
29	0020	08	12	12	00	00612	05.7	+04.4	0000	068.4	000.0	0010	0062	+00.13	02	00	0895	08
30	0001	08	12	12	01	00619	05.7	+04.4	0000	068.2	000.0	0000	0000	+00.00	02	00	0895	08
30	0002	08	12	12	01	00617	05.7	+04.5	0000	068.0	000.0	0000	0004	+00.00	02	00	0895	08
30	0003	08	12	12	01	00617	05.6	+04.3	0000	068.1	000.0	0000	0009	+00.00	02	00	0895	08
30	0004	08	12	12	01	00615	05.7	+04.4	0000	068.2	000.0	0003	0014	-00.22	02	01	0895	08
30	0005	08	12	12	01	00616	05.7	+04.4	0000	068.2	000.0	0003	0019	-00.15	02	01	0895	08
30	0006	08	12	12	01	00617	05.7	+04.4	0000	068.2	000.0	0002	0024	-00.09	02	01	0895	08
30	0007	08	12	12	02	00617	05.7	+04.5	0000	068.2	000.0	0001	0028	-00.04	02	01	0895	08
30	0008	08	12	12	02	00616	05.7	+04.5	0000	068.2	000.0	0001	0033	-00.03	02	01	0895	08
30	0009	08	12	12	02	00618	05.6	+04.3	0000	068.2	000.0	0000	0038	-00.00	02	01	0895	08
30	0010	08	12	12	02	00620	05.6	+04.3	0000	068.2	000.0	0001	0043	+00.02	02	00	0895	08
30	0011	08	12	12	02	00620	05.7	+04.4	0000	068.2	000.0	0002	0048	+00.04	02	00	0895	08
30	0012	08	12	12	02	00620	05.6	+04.3	0000	068.2	000.0	0003	0052	+00.05	02	00	0895	08
30	0013	08	12	12	02	00618	05.6	+04.3	0000	068.2	000.0	0002	0057	+00.04	02	00	0895	08
30	0014	08	12	12	02	00623	05.7	+04.5	0000	068.2	000.0	0004	0062	+00.06	02	00	0895	08
31	0001	08	12	12	03	00628	05.6	+04.3	0000	068.2	000.0	0000	0000	+00.00	02	00	0895	08
31	0002	08	12	12	03	00627	05.6	+04.2	0000	068.5	000.0	0000	0004	+00.00	02	00	0895	08
31	0003	08	12	12	03	00629	05.6	+04.2	0000	068.6	000.0	0000	0009	+00.00	02	00	0895	08
31	0004	08	12	12	03	00628	05.7	+04.3	0000	068.6	000.0	0000	0014	+00.01	02	00	0895	08
31	0005	08	12	12	03	00628	05.7	+04.4	0000	068.6	000.0	0000	0019	+00.00	02	00	0895	08
31	0006	08	12	12	03	00629	05.7	+04.4	0000	068.6	000.0	0000	0024	+00.02	02	00	0895	08
31	0007	08	12	12	03	00627	05.7	+04.4	0000	068.6	000.0	0000	0028	+00.00	02	00	0895	08
31	0008	08	12	12	04	00630	05.6	+04.1	0000	068.7	000.0	0001	0033	+00.03	02	00	0895	08
31	0009	08	12	12	04	00630	05.7	+04.3	0000	068.7	000.0	0002	0038	+00.04	02	00	0895	08
31	0010	08	12	12	04	00633	05.6	+04.1	0000	068.7	000.0	0003	0043	+00.07	02	00	0895	08
31	0011	08	12	12	04	00631	05.7	+04.4	0000	068.7	000.0	0004	0048	+00.07	02	00	0895	08
31	0012	08	12	12	04	00632	05.7	+04.3	0000	068.7	000.0	0004	0052	+00.08	02	00	0895	08
31	0013	08	12	12	04	00633	05.7	+04.3	0000	068.7	000.0	0005	0057	+00.08	02	00	0895	08
31	0014	08	12	12	04	00632	05.6	+04.1	0000	068.8	000.0	0006	0062	+00.08	02	00	0895	08
32	0001	08	12	12	05	00640	05.6	+04.1	0000	068.6	000.0	0000	0000	+00.00	02	00	0895	08
32	0002	08	12	12	05	00640	05.6	+04.1	0000	068.6	000.0	0000	0004	+00.00	02	00	0895	08
32	0003	08	12	12	05	00638	05.6	+04.1	0000	068.6	000.0	0000	0009	+00.00	02	00	0895	08
32	0004	08	12	12	05	00638	05.6	+04.2	0000	068.6	000.0	0002	0014	-00.14	02	01	0895	08
32	0005	08	12	12	05	00637	05.6	+04.1	0000	068.6	000.0	0003	0019	-00.15	02	01	0895	08
32	0006	08	12	12	05	00636	05.7	+04.3	0000	068.6	000.0	0004	0024	-00.14	02	01	0895	08
32	0007	08	12	12	05	00636	05.6	+04.1	0000	068.6	000.0	0004	0028	-00.13	02	01	0895	08
32	0008	08	12	12	05	00636	05.6	+04.0	0000	068.7	000.0	0004	0033	-00.11	02	01	0895	08
32	0009	08	12	12	05	00637	05.7	+04.2	0000	068.7	000.0	0004	0038	-00.08	02	01	0895	08
32	0010	08	12	12	06	00636	05.6	+04.0	0000	068.7	000.0	0004	0043	-00.08	02	01	0895	08
32	0011	08	12	12	06	00636	05.6	+04.1	0000	068.7	000.0	0004	0048	-00.07	02	01	0895	08
32	0012	08	12	12	06	00634	05.6	+04.1	0000	068.7	000.0	0004	0052	-00.07	02	01	0895	08
32	0013	08	12	12	06	00635	05.7	+04.3	0000	068.7	000.0	0005	0057	-00.07	02	01	0895	08
32	0014	08	12	12	06	00635	05.6	+04.1	0000	068.7	000.0	0005	0062	-00.06	02	01	0895	08
33	0001	08	12	12	07	00666	05.5	+04.0	0000	068.6	000.0	0000	0000	+00.00	02	00	0895	08
33	0002	08	12	12	07	00663	05.6	+04.0	0000	068.7	000.0	0000	0004	+00.00	02	00	0895	08
33	0003	08	12	12	07	00659	05.6	+04.1	0000	068.7	000.0	0000	0009	+00.00	02	00	0895	08
33	0004	08	12	12	07	00657	05.6	+04.1	0000	068.7	000.0	0009	0014	-00.54	02	01	0895	08
33	0005	08	12	12	07	00658	05.5	+04.0	0000	068.7	000.0	0008	0019	-00.38	02	01	0895	08
33	0006	08	12	12	07	00657	05.5	+04.0	0000	068.7	000.0	0008	0024	-00.30	02	01	0895	08
33	0007	08	12	12	07	00656	05.6	+04.2	0000	068.7	000.0	0009	0028	-00.27	02	01	0895	08
33	0008	08	12	12	07	00655	05.5	+04.0	0000	068.7	000.0	0009	0033	-00.24	02	01	0895	08
33	0009	08	12	12	07	00656	05.6	+04.1	0000	068.7	000.0	0009	0038	-00.20	02	01	0895	08
33	0010	08	12	12	08	00657	05.6	+04.1	0000	068.7	000.0	0008	0043	-00.16	02	01	0895	08
33	0011	08	12	12	08	00655	05.6	+04.0	0000	068.7	000.0	0008	0048	-00.14	02	01	0895	08
33	0012	08	12	12	08	00655	05.6	+04.1	0000	068.7	000.0	0008	0052	-00.13	02	01	0895	08
33	0013	08	12	12	08	00657	05.6	+04.1	0000	068.7	000.0	0007	0057	-00.11	02	01	0895	08
33	0014	08	12	12	08	00658	05.5	+04.0	0000	068.7	000.0	0006	0062	-00.09	02	01	0895	08
34	0001	08	12	12	09	00667	05.5	+04.0	0000	068.6	000.0	0000	0000	+00.00	02	00	0895	08
34	0002	08	12	12	09	00669	05.5	+04.0	0000	068.6	000.0	0000	0004	+00.00	02	00	0895	08
34	0003	08	12	12	09	00670	05.5	+04.0	0000	068.6	000.0	0000	0009	+00.00	02	00	0895	08
34	0004	08	12	12	09	00673	05.6	+04.1	0000	068.6	000.0	0005	0014	+00.31	02	00	0895	08
34	0005	08	12	12	09	00673	05.5	+04.0	0000	068.6	000.0	0005	0019	+00.26	02	00	0895	08
34	0006	08	12	12	10	00675	05.6	+04.0	0000	068.6	000.0	0007	0024	+00.26	02	00	0895	08
34	0007	08	12	12	10	00676	05.5	+04.0	0000	068.6	000.0	0008	0028	+00.25	02	00	0895	08
34	0008	08	12	12	10	00676	05.5	+03.9	0000	068.7	000.0	0009	0033	+00.23	02	00	0895	08
34	0009	08	12	12	10	00675	05.5	+04.0	0000	068.7	000.0	0008	0038	+00.19	02	00	0895	08
34	0010	08	12	12	10	00678	05.6	+04.0	0000	068.7	000.0	0010	0043	+00.19	02	00	0895	08
34	0011	08	12	12	10	00678	05.6	+04.0	0000	068.7	000.0	0010	0048	+00.18	02	00	0895	08
34	0012	08	12	12	10	00676	05.5	+03.9	0000	068.8	000.0	0010	0052	+00.16	02	00	0895	08
34	0013	08	12	12	10	00675	05.6	+04.1	0000	068.8	000.0	0009	0057	+00.13	02	00	0895	08
34	0014	08	12	12	10	00676	05.6	+04.1	0000	068.8	000.0	0008	0062	+00.12	02	00	0895	08
35	0001	08	12	13	27	05447	06.0	+04.8	0000	070.4	000.0	0000	0000	+00.00	00	00	0897	08
35	0002	08	12	13	27	05488	06.0	+04.7	0000	070.4	000.0	0000	0004	+00.00	00	00	0897	08
35	0003	08	12	13	27	05518	06.0	+04.7	0000	070.4	000.0	0000	0009	+00.00	00	00	0898	08
35	0004	08	12	13	27	05564	06.0	+04.7	0000	070.4	000.0	0113	0014	+06.76	02	00	0897	08
35	0005	08	12	13	27	05585	06.0	+04.8	0000	070.4	000.0	0140	0019	+06.27	02	00	0897	08
35	0006	08	12	13	27	05609	06.0	+04.8	0000	070.4	000.0	0164	0024	+05.84	02	00	0897	08
35	0007	08	12	13	27	05622	06.0	+04.7	0000	070.4	000.0	0179	0028	+05.31	02	00	0897	08
35	0008	08	12	13	27	05638	06.0	+04.8	0000	070.4	000.0	0191	0033	+04.88	02	00	0897	08
35	0009	08	12	13	27	05642	06.0	+04.8	0000	070.4	000.0	0197	0038	+04.40	02	00	0897	08
35	0010	08	12	13	27	05656	06.0	+04.7	0000	070.4	000.0	0205	0043	+04.06	02	00	0897	08
35	0011	08	12	13	27	05691	06.0	+04.6	0000	070.4	000.0	0222	0048	+03.97	02	00	0895	08
35	0012	08	12	13	28	05684	06.0	+04.8	0000	070.4	000.0	0229	0052	+03.71	02	00	0897	08
35	0013	08	12	13	28	05697	06.0	+04.8	0000	070.4	000.0	0236	0057	+03.51	02	00	0897	08
35	0014	08	12	13	28	05708	06.0	+04.7	0000	070.4	000.0	0244	0062	+03.35	02	00	0897	08
36	0001	08	12	13	29	00540	06.0	+04.7	0000	070.4	000.0	0000	0000	+00.00	02	00	0897	08
36	0002	08	12	13	29	00548	06.0	+04.8	0000	070.1	000.0	0000	0004	+00.00	02	00	0897	08
36	0003	08	12	13	29	00556	06.0	+04.8	0000	070.1	000.0	0000	0009	+00.00	02	00	0895	08
36	0004	08	12	13	29	00558	05.9	+04.6	0000	070.0	000.0	0017	0014	+01.06	02	00	0898	08
36	0005	08	12	13	30	00566	05.9	+04.6	0000	070.0	000.0	0024	0019	+01.08	02	00	0895	08
36	0006	08	12	13	30	00566	06.0	+04.8	0000	070.0	000.0	0026	0024	+00.94	02	00	0897	08
36	0007	08	12	13	30	00572	06.0	+04.7	0000	070.1	000.0	0030	0028	+00.90	02	00	0897	08
36	0008	08	12	13	30	00578	05.9	+04.6	0000	070.1	000.0	0035	0033	+00.90	02	00	0895	08
36	0009	08	12	13	30	00578	06.0	+04.8	0000	070.1	000.0	0037	0038	+00.84	02	00	0898	08
36	0010	08	12	13	30	00580	05.9	+04.6	0000	070.1	000.0	0039	0043	+00.78	02	00	0897	08
36	0011	08	12	13	30	00579	06.0	+04.8	0000	070.1	000.0	0039	0048	+00.70	02	00	0897	08
36	0012	08	12	13	30	00578	05.9	+04.6	0000	070.1	000.0	0038	0052	+00.62	02	00	0897	08
36	0013	08	12	13	30	00579	05.9	+04.6	0000	070.1	000.0	0038	0057	+00.56	02	00	0895	08
36	0014	08	12	13	30	00577	05.9	+04.6	0000	070.1	000.0	0036	0062	+00.50	02	00	0897	08
37	0001	08	12	13	32	00636	05.9	+04.5	0000	070.4	000.0	0000	0000	+00.00	02	00	0897	08
37	0002	08	12	13	32	00636	06.0	+04.8	0000	070.4	000.0	0000	0004	+00.00	02	00	0897	08
37	0003	08	12	13	32	00640	06.0	+04.6	0000	070.4	000.0	0000	0009	+00.00	02	00	0897	08
37	0004	08	12	13	32	00646	06.0	+04.8	0000	070.4	000.0	0009	0014	+00.58	02	00	0897	08
37	0005	08	12	13	32	00652	05.9	+04.6	0000	070.4	000.0	0016	0019	+00.71	02	00	0895	08
37	0006	08	12	13	32	00653	06.0	+04.8	0000	070.4	000.0	0019	0024	+00.70	02	00	0897	08
37	0007	08	12	13	32	00659	05.9	+04.6	0000	070.4	000.0	0024	0028	+00.72	02	00	0897	08
37	0008	08	12	13	32	00661	06.0	+04.7	0000	070.4	000.0	0027	0033	+00.70	02	00	0897	08
37	0009	08	12	13	32	00667	05.9	+04.6	0000	070.4	000.0	0032	0038	+00.72	02	00	0895	08
37	0010	08	12	13	32	00666	05.9	+04.6	0000	070.4	000.0	0034	0043	+00.68	02	00	0897	08
37	0011	08	12	13	33	00667	06.0	+04.8	0000	070.4	000.0	0035	0048	+00.63	02	00	0897	08
37	0012	08	12	13	33	00669	06.0	+04.7	0000	070.4	000.0	0036	0052	+00.59	02	00	0897	08
37	0013	08	12	13	33	00677	06.0	+04.7	0000	070.4	000.0	0040	0057	+00.60	02	00	0895	08
37	0014	08	12	13	33	00679	06.0	+04.8	0000	070.4	000.0	0043	0062	+00.59	02	00	0897	08
38	0001	08	12	13	35	00745	05.9	+04.6	0000	070.4	000.0	0000	0000	+00.00	02	00	0897	08
38	0002	08	12	13	35	00752	05.9	+04.5	0000	070.7	000.0	0000	0004	+00.00	02	00	0895	08
38	0003	08	12	13	35	00753	05.9	+04.6	0000	070.6	000.0	0000	0009	+00.00	02	00	0897	08
38	0004	08	12	13	35	00757	06.0	+04.6	0000	070.6	000.0	0011	0014	+00.67	02	00	0897	08
38	0005	08	12	13	35	00762	05.9	+04.5	0000	070.6	000.0	0016	0019	+00.72	02	00	0895	08
38	0006	08	12	13	35	00764	05.9	+04.5	0000	070.7	000.0	0018	0024	+00.66	02	00	0897	08
38	0007	08	12	13	35	00766	05.9	+04.5	0000	070.7	000.0	0020	0028	+00.61	02	00	0897	08
38	0008	08	12	13	35	00772	05.9	+04.5	0000	070.7	000.0	0024	0033	+00.63	02	00	0895	08
38	0009	08	12	13	35	00767	05.9	+04.5	0000	070.7	000.0	0024	0038	+00.53	02	00	0898	08
38	0010	08	12	13	35	00767	06.0	+04.6	0000	070.7	000.0	0023	0043	+00.46	02	00	0897	08
38	0011	08	12	13	35	00768	06.0	+04.6	0000	070.7	000.0	0022	0048	+00.40	02	00	0897	08
38	0012	08	12	13	36	00767	06.0	+04.6	0000	070.7	000.0	0021	0052	+00.35	02	00	0897	08
38	0013	08	12	13	36	00766	06.0	+04.8	0000	070.7	000.0	0020	0057	+00.30	02	00	0897	08
38	0014	08	12	13	36	00765	06.0	+04.6	0000	070.7	000.0	0018	0062	+00.25	02	00	0897	08
39	0001	08	12	13	37	00802	06.1	+04.8	0000	071.6	000.0	0000	0000	+00.00	02	00	0897	08
39	0002	08	12	13	38	00811	06.1	+04.6	0000	071.6	000.0	0000	0004	+00.00	02	00	0895	08
39	0003	08	12	13	38	00814	06.1	+04.8	0000	071.6	000.0	0000	0009	+00.00	02	00	0897	08
39	0004	08	12	13	38	00821	06.1	+04.8	0000	071.6	000.0	0017	0014	+01.04	02	00	0897	08
39	0005	08	12	13	38	00827	06.0	+04.6	0000	071.6	000.0	0023	0019	+01.06	02	00	0897	08
39	0006	08	12	13	38	00837	06.1	+04.7	0000	071.6	000.0	0032	0024	+01.16	02	00	0897	08
39	0007	08	12	13	38	00842	06.1	+04.6	0000	071.6	000.0	0039	0028	+01.18	02	00	0897	08
39	0008	08	12	13	38	00853	06.1	+04.7	0000	071.6	000.0	0048	0033	+01.23	02	00	0895	08
39	0009	08	12	13	38	00854	06.1	+04.8	0000	071.6	000.0	0053	0038	+01.19	02	00	0897	08
39	0010	08	12	13	38	00861	06.1	+04.7	0000	071.6	000.0	0059	0043	+01.17	02	00	0897	08
39	0011	08	12	13	38	00864	06.1	+04.8	0000	071.6	000.0	0064	0048	+01.14	02	00	0895	08
39	0012	08	12	13	38	00864	06.1	+04.7	0000	071.6	000.0	0066	0052	+01.07	02	00	0897	08
39	0013	08	12	13	38	00864	06.1	+04.7	0000	071.6	000.0	0067	0057	+01.00	02	00	0897	08
39	0014	08	12	13	39	00867	06.1	+04.6	0000	071.6	000.0	0068	0062	+00.94	02	00	0895	08
40	0001	08	12	13	40	00917	06.1	+04.8	0000	071.2	000.0	0000	0000	+00.00	02	00	0897	08
40	0002	08	12	13	40	00923	06.1	+04.8	0000	071.5	000.0	0000	0004	+00.00	02	00	0897	08
40	0003	08	12	13	40	00926	06.1	+04.7	0000	071.6	000.0	0000	0009	+00.00	02	00	0897	08
40	0004	08	12	13	40	00931	06.1	+04.8	0000	071.6	000.0	0013	0014	+00.79	02	00	0895	08
40	0005	08	12	13	40	00931	06.1	+04.7	0000	071.6	000.0	0014	0019	+00.64	02	00	0895	08
40	0006	08	12	13	40	00929	06.1	+04.8	0000	071.6	000.0	0012	0024	+00.44	02	00	0897	08
40	0007	08	12	13	40	00931	06.0	+04.6	0000	071.6	000.0	0012	0028	+00.37	02	00	0897	08
40	0008	08	12	13	40	00932	06.1	+04.7	0000	071.5	000.0	0012	0033	+00.31	02	00	0897	08
40	0009	08	12	13	40	00928	06.1	+04.7	0000	071.5	000.0	0010	0038	+00.22	02	00	0897	08
40	0010	08	12	13	41	00921	06.0	+04.7	0000	071.5	000.0	0005	0043	+00.10	02	00	0897	08
40	0011	08	12	13	41	00915	06.1	+04.6	0000	071.5	000.0	0001	0048	-00.01	02	01	0897	08
40	0012	08	12	13	41	00912	06.0	+04.7	0000	071.5	000.0	0006	0052	-00.10	02	01	0897	08
40	0013	08	12	13	41	00912	06.1	+04.8	0000	071.5	000.0	0010	0057	-00.15	02	01	0895	08
40	0014	08	12	13	41	00910	06.0	+04.7	0000	071.5	000.0	0014	0062	-00.19	02	01	0895	08
41	0001	08	12	13	42	00475	06.1	+04.9	0000	070.9	000.0	0000	0000	+00.00	02	00	0897	08
41	0002	08	12	13	42	00481	06.1	+04.8	0000	070.8	000.0	0000	0004	+00.00	02	00	0895	08
41	0003	08	12	13	43	00484	06.1	+05.0	0000	070.8	000.0	0000	0009	+00.00	02	00	0897	08
41	0004	08	12	13	43	00488	06.0	+04.8	0000	070.8	000.0	0012	0014	+00.71	02	00	0895	08
41	0005	08	12	13	43	00487	06.1	+04.9	0000	070.7	000.0	0012	0019	+00.54	02	00	0897	08
41	0006	08	12	13	43	00488	06.1	+04.9	0000	070.7	000.0	0012	0024	+00.44	02	00	0897	08
41	0007	08	12	13	43	00490	06.1	+04.8	0000	070.7	000.0	0013	0028	+00.39	02	00	0897	08
41	0008	08	12	13	43	00489	06.0	+04.8	0000	070.7	000.0	0012	0033	+00.32	02	00	0897	08
41	0009	08	12	13	43	00486	06.0	+04.8	0000	070.7	000.0	0010	0038	+00.24	02	00	0895	08
41	0010	08	12	13	43	00481	06.0	+04.7	0000	070.7	000.0	0006	0043	+00.13	02	00	0897	08
41	0011	08	12	13	43	00481	06.1	+04.9	0000	070.7	000.0	0004	0048	+00.07	02	00	0897	08
41	0012	08	12	13	43	00482	06.1	+04.9	0000	070.7	000.0	0002	0052	+00.03	02	00	0897	08
41	0013	08	12	13	43	00484	06.0	+04.8	0000	070.7	000.0	0001	0057	+00.02	02	00	0897	08
41	0014	08	12	13	43	00483	06.0	+04.8	0000	070.7	000.0	0000	0062	+00.01	02	00	0897	08
42	0001	08	12	13	46	00574	06.0	+04.8	0000	069.6	000.0	0000	0000	+00.00	02	00	0897	08
42	0002	08	12	13	46	00575	06.0	+04.8	0000	069.7	000.0	0000	0004	+00.00	02	00	0897	08
42	0003	08	12	13	46	00576	06.0	+04.8	0000	069.6	000.0	0000	0009	+00.00	02	00	0898	08
42	0004	08	12	13	46	00578	05.9	+04.7	0000	069.6	000.0	0004	0014	+00.23	02	00	0897	08
42	0005	08	12	13	46	00576	05.9	+04.8	0000	069.6	000.0	0003	0019	+00.14	02	00	0897	08
42	0006	08	12	13	46	00575	06.0	+04.9	0000	069.7	000.0	0001	0024	+00.06	02	00	0898	08
42	0007	08	12	13	46	00576	06.0	+04.7	0000	069.7	000.0	0001	0028	+00.03	02	00	0897	08
42	0008	08	12	13	46	00576	06.0	+04.8	0000	069.7	000.0	0001	0033	+00.03	02	00	0898	08
42	0009	08	12	13	46	00576	06.0	+04.8	0000	069.7	000.0	0001	0038	+00.02	02	00	0897	08
42	0010	08	12	13	47	00574	05.9	+04.6	0000	069.7	000.0	0000	0043	+00.00	02	00	0898	08
42	0011	08	12	13	47	00578	05.9	+04.7	0000	069.7	000.0	0001	0048	+00.02	02	00	0897	08
42	0012	08	12	13	47	00577	06.0	+04.8	0000	069.7	000.0	0001	0052	+00.02	02	00	0897	08
42	0013	08	12	13	47	00580	05.9	+04.6	0000	069.7	000.0	0002	0057	+00.04	02	00	0897	08
42	0014	08	12	13	47	00579	05.9	+04.6	0000	069.8	000.0	0003	0062	+00.04	02	00	0898	08
73	0001	08	12	13	48	00573	05.9	+04.6	0000	070.0	000.0	0000	0000	+00.00	02	00	0897	08
73	0002	08	12	13	48	00572	05.9	+04.6	0000	070.0	000.0	0000	0004	+00.00	02	00	0897	08
73	0003	08	12	13	48	00570	06.0	+04.8	0000	070.0	000.0	0000	0009	+00.00	02	00	0897	08
73	0004	08	12	13	48	00570	06.0	+04.7	0000	070.0	000.0	0003	0014	-00.20	02	01	0898	08
73	0005	08	12	13	48	00574	06.0	+04.8	0000	070.0	000.0	0000	0019	+00.01	02	00	0897	08
73	0006	08	12	13	48	00579	05.9	+04.5	0000	070.0	000.0	0004	0024	+00.17	02	00	0897	08
73	0007	08	12	13	48	00580	05.9	+04.6	0000	070.0	000.0	0008	0028	+00.25	02	00	0898	08
73	0008	08	12	13	48	00583	05.9	+04.6	0000	070.0	000.0	0011	0033	+00.30	02	00	0897	08
73	0009	08	12	13	48	00585	05.9	+04.6	0000	070.0	000.0	0014	0038	+00.32	02	00	0897	08
73	0010	08	12	13	49	00585	05.9	+04.7	0000	070.0	000.0	0015	0043	+00.31	02	00	0897	08
73	0011	08	12	13	49	00587	06.0	+04.7	0000	070.0	000.0	0017	0048	+00.31	02	00	0897	08
73	0012	08	12	13	49	00586	05.9	+04.6	0000	070.0	000.0	0018	0052	+00.29	02	00	0898	08
73	0013	08	12	13	49	00586	06.0	+04.8	0000	070.0	000.0	0018	0057	+00.28	02	00	0897	08
73	0014	08	12	13	49	00587	05.9	+04.6	0000	070.0	000.0	0019	0062	+00.26	02	00	0897	08
74	0001	08	12	13	50	00581	06.0	+04.8	0000	070.4	000.0	0000	0000	+00.00	02	00	0898	08
74	0002	08	12	13	50	00578	05.9	+04.6	0000	070.4	000.0	0000	0004	+00.00	02	00	0897	08
74	0003	08	12	13	50	00576	05.9	+04.5	0000	070.4	000.0	0000	0009	+00.00	02	00	0897	08
74	0004	08	12	13	50	00579	06.0	+04.6	0000	070.5	000.0	0002	0014	-00.14	02	01	0897	08
74	0005	08	12	13	50	00584	06.0	+04.8	0000	070.6	000.0	0002	0019	+00.12	02	00	0897	08
74	0006	08	12	13	50	00592	06.0	+04.8	0000	070.6	000.0	0010	0024	+00.37	02	00	0897	08
74	0007	08	12	13	50	00598	06.0	+04.8	0000	070.6	000.0	0018	0028	+00.55	02	00	0897	08
74	0008	08	12	13	50	00607	05.9	+04.5	0000	070.6	000.0	0027	0033	+00.70	02	00	0897	08
74	0009	08	12	13	50	00613	06.0	+04.6	0000	070.6	000.0	0035	0038	+00.79	02	00	0898	08
74	0010	08	12	13	50	00619	06.0	+04.7	0000	070.7	000.0	0043	0043	+00.86	02	00	0897	08
74	0011	08	12	13	50	00627	06.0	+04.8	0000	070.7	000.0	0051	0048	+00.92	02	00	0897	08
74	0012	08	12	13	51	00630	06.0	+04.6	0000	070.7	000.0	0058	0052	+00.94	02	00	0897	08
74	0013	08	12	13	51	00635	05.9	+04.5	0000	070.7	000.0	0064	0057	+00.95	02	00	0898	08
74	0014	08	12	13	51	00638	06.0	+04.8	0000	070.7	000.0	0069	0062	+00.95	02	00	0897	08
45	0001	08	12	13	56	00444	06.0	+04.6	0000	070.8	000.0	0000	0000	+00.00	00	00	0897	08
45	0002	08	12	13	56	00438	06.0	+04.6	0000	071.0	000.0	0000	0004	+00.00	00	00	0897	08
45	0003	08	12	13	56	00436	06.0	+04.7	0000	071.0	000.0	0000	0009	+00.00	00	00	0897	08
45	0004	08	12	13	56	00441	06.0	+04.5	0000	071.1	000.0	0003	0014	-00.17	02	01	0897	08
45	0005	08	12	13	56	00451	06.0	+04.6	0000	071.1	000.0	0007	0019	+00.31	02	00	0897	08
45	0006	08	12	13	57	00458	06.0	+04.5	0000	071.1	000.0	0016	0024	+00.58	02	00	0897	08
45	0007	08	12	13	57	00465	06.0	+04.6	0000	071.1	000.0	0025	0028	+00.76	02	00	0897	08
45	0008	08	12	13	57	00471	06.0	+04.5	0000	071.1	000.0	0033	0033	+00.85	02	00	0897	08
45	0009	08	12	13	57	00475	06.0	+04.5	0000	071.2	000.0	0039	0038	+00.88	02	00	0897	08
45	0010	08	12	13	57	00476	06.1	+04.8	0000	071.2	000.0	0043	0043	+00.87	02	00	0897	08
45	0011	08	12	13	57	00481	06.0	+04.6	0000	071.2	000.0	0048	0048	+00.86	02	00	0897	08
45	0012	08	12	13	57	00483	06.0	+04.7	0000	071.2	000.0	0051	0052	+00.83	02	00	0897	08
45	0013	08	12	13	58	00483	06.0	+04.6	0000	071.2	000.0	0053	0057	+00.79	02	00	0897	08
45	0014	08	12	13	58	00484	06.0	+04.6	0000	071.2	000.0	0054	0062	+00.74	02	00	0898	08
46	0001	08	12	13	59	00481	06.1	+04.7	0000	071.2	000.0	0000	0000	+00.00	02	00	0897	08
46	0002	08	12	13	59	00480	06.1	+04.8	0000	071.1	000.0	0000	0004	+00.00	02	00	0897	08
46	0003	08	12	13	59	00481	06.0	+04.6	0000	071.0	000.0	0000	0009	+00.00	02	00	0897	08
46	0004	08	12	14	00	00484	06.0	+04.7	0000	071.0	000.0	0003	0014	+00.18	02	00	0897	08
46	0005	08	12	14	00	00487	06.0	+04.6	0000	071.0	000.0	0006	0019	+00.29	02	00	0897	08
46	0006	08	12	14	00	00488	06.1	+04.8	0000	071.0	000.0	0008	0024	+00.30	02	00	0897	08
46	0007	08	12	14	00	00493	06.0	+04.7	0000	071.0	000.0	0012	0028	+00.38	02	00	0897	08
46	0008	08	12	14	00	00494	06.0	+04.8	0000	071.0	000.0	0015	0033	+00.38	02	00	0897	08
46	0009	08	12	14	00	00496	06.1	+04.8	0000	071.0	000.0	0017	0038	+00.39	02	00	0897	08
46	0010	08	12	14	01	00500	06.1	+04.8	0000	071.0	000.0	0020	0043	+00.40	02	00	0897	08
46	0011	08	12	14	01	00498	06.0	+04.7	0000	071.0	000.0	0021	0048	+00.38	02	00	0897	08
46	0012	08	12	14	01	00501	06.0	+04.7	0000	071.0	000.0	0023	0052	+00.37	02	00	0897	08
46	0013	08	12	14	01	00504	06.1	+04.8	0000	071.0	000.0	0025	0057	+00.37	02	00	0897	08
46	0014	08	12	14	01	00511	06.1	+04.9	0000	071.1	000.0	0029	0062	+00.40	02	00	0897	08
50	0001	08	12	14	12	00539	06.2	+05.7	0000	067.6	000.0	0000	0000	+00.00	00	00	0897	08
50	0002	08	12	14	12	00536	06.1	+05.6	0000	067.6	000.0	0000	0004	+00.00	00	00	0897	08
50	0003	08	12	14	13	00534	06.1	+05.6	0000	067.6	000.0	0000	0009	+00.00	00	00	0897	08
50	0004	08	12	14	13	00529	06.2	+05.7	0000	067.6	000.0	0009	0014	-00.57	02	01	0897	08
50	0005	08	12	14	13	00527	06.1	+05.6	0000	067.6	000.0	0012	0019	-00.57	02	01	0897	08
50	0006	08	12	14	13	00521	06.1	+05.6	0000	067.6	000.0	0018	0024	-00.64	02	01	0897	08
50	0007	08	12	14	13	00520	06.1	+05.5	0000	067.6	000.0	0020	0028	-00.61	02	01	0897	08
50	0008	08	12	14	13	00515	06.0	+05.4	0000	067.6	000.0	0024	0033	-00.61	02	01	0897	08
50	0009	08	12	14	14	00515	06.1	+05.5	0000	067.6	000.0	0026	0038	-00.58	02	01	0897	08
50	0010	08	12	14	14	00514	06.1	+05.5	0000	067.6	000.0	0027	0043	-00.54	02	01	0897	08
50	0011	08	12	14	14	00512	06.0	+05.4	0000	067.6	000.0	0028	0048	-00.51	02	01	0897	08
50	0012	08	12	14	14	00509	06.0	+05.4	0000	067.6	000.0	0030	0052	-00.49	02	01	0897	08
50	0013	08	12	14	14	00507	06.1	+05.5	0000	067.6	000.0	0032	0057	-00.48	02	01	0897	08
50	0014	08	12	14	14	00504	06.0	+05.4	0000	067.6	000.0	0034	0062	-00.47	02	01	0897	08
52	0001	08	12	14	15	00490	06.0	+05.3	0000	068.0	000.0	0000	0000	+00.00	02	00	0897	08
52	0002	08	12	14	15	00489	06.0	+05.2	0000	068.0	000.0	0000	0004	+00.00	02	00	0897	08
52	0003	08	12	14	16	00487	06.1	+05.5	0000	068.1	000.0	0000	0009	+00.00	02	00	0897	08
52	0004	08	12	14	16	00489	06.1	+05.4	0000	068.1	000.0	0001	0014	-00.09	02	01	0897	08
52	0005	08	12	14	16	00486	06.1	+05.3	0000	068.2	000.0	0003	0019	-00.14	02	01	0897	08
52	0006	08	12	14	16	00486	06.1	+05.5	0000	068.2	000.0	0003	0024	-00.13	02	01	0897	08
52	0007	08	12	14	16	00487	06.0	+05.2	0000	068.3	000.0	0003	0028	-00.11	02	01	0897	08
52	0008	08	12	14	16	00485	06.0	+05.2	0000	068.3	000.0	0004	0033	-00.12	02	01	0897	08
52	0009	08	12	14	16	00484	06.1	+05.4	0000	068.3	000.0	0005	0038	-00.12	02	01	0897	08
52	0010	08	12	14	17	00483	06.0	+05.2	0000	068.3	000.0	0006	0043	-00.13	02	01	0897	08
52	0011	08	12	14	17	00483	06.1	+05.3	0000	068.3	000.0	0006	0048	-00.12	02	01	0897	08
52	0012	08	12	14	17	00483	06.0	+05.2	0000	068.3	000.0	0007	0052	-00.12	02	01	0897	08
52	0013	08	12	14	17	00485	06.0	+05.2	0000	068.3	000.0	0006	0057	-00.10	02	01	0897	08
52	0014	08	12	14	17	00487	06.1	+05.3	0000	068.3	000.0	0005	0062	-00.07	02	01	0897	08
54	0001	08	12	14	22	00423	06.2	+05.4	0000	069.3	000.0	0000	0000	+00.00	00	00	0897	08
54	0002	08	12	14	23	00422	06.2	+05.5	0000	069.2	000.0	0000	0004	+00.00	00	00	0897	08
54	0003	08	12	14	23	00424	06.2	+05.5	0000	069.1	000.0	0000	0009	+00.00	00	00	0897	08
54	0004	08	12	14	23	00427	06.1	+05.4	0000	069.0	000.0	0004	0014	+00.26	02	00	0897	08
54	0005	08	12	14	23	00430	06.2	+05.5	0000	069.0	000.0	0007	0019	+00.35	02	00	0897	08
54	0006	08	12	14	23	00431	06.2	+05.6	0000	069.0	000.0	0009	0024	+00.34	02	00	0897	08
54	0007	08	12	14	23	00432	06.1	+05.4	0000	069.0	000.0	0011	0028	+00.32	02	00	0897	08
54	0008	08	12	14	24	00431	06.2	+05.5	0000	068.9	000.0	0010	0033	+00.27	02	00	0897	08
54	0009	08	12	14	24	00431	06.1	+05.3	0000	068.9	000.0	0010	0038	+00.23	02	00	0897	08
54	0010	08	12	14	24	00435	06.2	+05.5	0000	068.9	000.0	0012	0043	+00.24	02	00	0897	08
54	0011	08	12	14	24	00439	06.2	+05.5	0000	068.9	000.0	0014	0048	+00.26	02	00	0897	08
54	0012	08	12	14	24	00439	06.1	+05.3	0000	068.9	000.0	0016	0052	+00.26	02	00	0897	08
54	0013	08	12	14	24	00437	06.2	+05.5	0000	068.9	000.0	0016	0057	+00.25	02	00	0897	08
54	0014	08	12	14	24	00430	06.1	+05.4	0000	068.9	000.0	0014	0062	+00.19	02	00	0897	08
55	0001	08	12	14	26	00426	06.2	+05.5	0000	068.9	000.0	0000	0000	+00.00	02	00	0897	08
55	0002	08	12	14	26	00430	06.2	+05.5	0000	068.9	000.0	0000	0004	+00.00	02	00	0897	08
55	0003	08	12	14	26	00000	00.0	+00.0	0000	0000	0000	0000	0000	0000	00	00	0000	00
55	0004	08	12	14	26	00444	06.1	+05.3	0000	068.9	000.0	0018	0014	+01.10	02	00	0897	08
55	0005	08	12	14	26	00455	06.2	+05.5	0000	068.9	000.0	0028	0019	+01.28	02	00	0897	08
55	0006	08	12	14	26	00465	06.1	+05.3	0000	068.9	000.0	0039	0024	+01.40	02	00	0897	08
55	0007	08	12	14	26	00467	06.1	+05.2	0000	068.9	000.0	0044	0028	+01.32	02	00	0897	08
55	0008	08	12	14	27	00467	06.1	+05.4	0000	068.9	000.0	0046	0033	+01.19	02	00	0897	08
55	0009	08	12	14	27	00468	06.1	+05.4	0000	068.9	000.0	0047	0038	+01.06	02	00	0897	08
55	0010	08	12	14	27	00467	06.1	+05.3	0000	068.9	000.0	0047	0043	+00.93	02	00	0897	08
55	0011	08	12	14	27	00464	06.1	+05.3	0000	068.9	000.0	0044	0048	+00.79	02	00	0897	08
55	0012	08	12	14	27	00462	06.1	+05.3	0000	068.9	000.0	0041	0052	+00.66	02	00	0897	08
55	0013	08	12	14	27	00460	06.2	+05.4	0000	068.9	000.0	0037	0057	+00.55	02	00	0897	08
55	0014	08	12	14	28	00462	06.1	+05.3	0000	068.9	000.0	0035	0062	+00.48	02	00	0897	08
56	0014	08	12	14	33	00555	06.1	+05.7	0000	067.2	000.0	0000	0000	+00.00	02	00	0897	08
56	0015	08	12	14	33	00583	06.2	+05.9	0000	067.2	000.0	0000	0004	+00.00	02	00	0897	08
56	0016	08	12	14	33	00602	06.1	+05.6	0000	067.2	000.0	0000	0009	+00.00	02	00	0897	08
56	0017	08	12	14	34	00618	06.1	+05.7	0000	067.2	000.0	0062	0014	+03.74	02	00	0898	08
56	0018	08	12	14	34	00629	06.0	+05.5	0000	067.2	000.0	0073	0019	+03.27	02	00	0897	08
56	0019	08	12	14	34	00635	06.1	+05.6	0000	067.2	000.0	0079	0024	+02.84	02	00	0897	08
56	0020	08	12	14	34	00636	06.1	+05.6	0000	067.2	000.0	0080	0028	+02.40	02	00	0897	08
56	0021	08	12	14	34	00635	06.1	+05.7	0000	067.2	000.0	0078	0033	+01.99	02	00	0897	08
56	0022	08	12	14	34	00637	06.1	+05.7	0000	067.2	000.0	0076	0038	+01.69	02	00	0897	08
56	0023	08	12	14	34	00635	06.1	+05.7	0000	067.2	000.0	0072	0043	+01.43	02	00	0897	08
56	0024	08	12	14	35	00632	06.1	+05.6	0000	067.2	000.0	0067	0048	+01.20	02	00	0897	08
56	0025	08	12	14	35	00628	06.2	+05.8	0000	067.2	000.0	0061	0052	+00.99	02	00	0897	08
56	0026	08	12	14	35	00624	06.1	+05.6	0000	067.2	000.0	0054	0057	+00.81	02	00	0897	08
56	0027	08	12	14	35	00618	06.1	+05.6	0000	067.2	000.0	0047	0062	+00.64	02	00	0897	08
57	0006	08	12	14	39	00536	06.1	+05.6	0000	067.6	000.0	0000	0000	+00.00	02	00	0898	08
57	0007	08	12	14	39	00537	06.1	+05.5	0000	067.6	000.0	0000	0004	+00.00	02	00	0898	08
57	0008	08	12	14	39	00538	06.0	+05.4	0000	067.6	000.0	0000	0009	+00.00	02	00	0898	08
57	0009	08	12	14	39	00539	06.0	+05.4	0000	067.6	000.0	0002	0014	+00.15	02	00	0898	08
57	0010	08	12	14	39	00541	06.0	+05.4	0000	067.6	000.0	0004	0019	+00.17	02	00	0898	08
57	0011	08	12	14	40	00539	06.0	+05.4	0000	067.6	000.0	0003	0024	+00.13	02	00	0898	08
57	0012	08	12	14	40	00540	06.1	+05.6	0000	067.6	000.0	0003	0028	+00.10	02	00	0898	08
57	0013	08	12	14	40	00539	06.1	+05.6	0000	067.6	000.0	0002	0033	+00.06	02	00	0898	08
57	0014	08	12	14	40	00536	06.0	+05.4	0000	067.6	000.0	0000	0038	+00.01	02	00	0898	08
57	0015	08	12	14	40	00539	06.1	+05.6	0000	067.6	000.0	0000	0043	+00.01	02	00	0898	08
57	0016	08	12	14	40	00535	06.1	+05.6	0000	067.6	000.0	0000	0048	-00.01	02	01	0898	08
57	0017	08	12	14	40	00537	06.1	+05.6	0000	067.6	000.0	0001	0052	-00.01	02	01	0898	08
57	0018	08	12	14	41	00535	06.1	+05.5	0000	067.6	000.0	0002	0057	-00.03	02	01	0898	08
57	0019	08	12	14	41	00537	06.1	+05.6	0000	067.6	000.0	0001	0062	-00.02	02	01	0897	08
58	0001	08	12	14	42	00519	06.1	+05.5	0000	068.5	000.0	0000	0000	+00.00	02	00	0898	08
58	0002	08	12	14	42	00527	06.2	+05.5	0000	068.4	000.0	0000	0004	+00.00	02	00	0898	08
58	0003	08	12	14	42	00536	06.1	+05.4	0000	068.4	000.0	0000	0009	+00.00	02	00	0898	08
58	0004	08	12	14	43	00543	06.1	+05.5	0000	068.4	000.0	0024	0014	+01.45	02	00	0898	08
58	0005	08	12	14	43	00549	06.1	+05.4	0000	068.4	000.0	0030	0019	+01.36	02	00	0898	08
58	0006	08	12	14	43	00554	06.2	+05.5	0000	068.4	000.0	0035	0024	+01.28	02	00	0898	08
58	0007	08	12	14	43	00556	06.1	+05.5	0000	068.4	000.0	0038	0028	+01.13	02	00	0898	08
58	0008	08	12	14	43	00560	06.1	+05.5	0000	068.4	000.0	0041	0033	+01.04	02	00	0898	08
58	0009	08	12	14	43	00563	06.1	+05.4	0000	068.4	000.0	0043	0038	+00.96	02	00	0898	08
58	0010	08	12	14	43	00566	06.2	+05.6	0000	068.4	000.0	0045	0043	+00.90	02	00	0898	08
58	0011	08	12	14	44	00568	06.1	+05.4	0000	068.4	000.0	0047	0048	+00.84	02	00	0898	08
58	0012	08	12	14	44	00572	06.1	+05.4	0000	068.4	000.0	0049	0052	+00.80	02	00	0898	08
58	0013	08	12	14	44	00576	06.1	+05.5	0000	068.4	000.0	0052	0057	+00.78	02	00	0898	08
58	0014	08	12	14	44	00578	06.2	+05.6	0000	068.4	000.0	0054	0062	+00.75	02	00	0898	08
59	0001	08	12	14	45	00432	06.1	+05.5	0000	068.0	000.0	0000	0000	+00.00	02	00	0898	08
59	0002	08	12	14	46	00441	06.1	+05.4	0000	068.0	000.0	0000	0004	+00.00	02	00	0898	08
59	0003	08	12	14	46	00449	06.1	+05.5	0000	068.2	000.0	0000	0009	+00.00	02	00	0898	08
59	0004	08	12	14	46	00458	06.1	+05.5	0000	068.2	000.0	0025	0014	+01.53	02	00	0898	08
59	0005	08	12	14	46	00463	06.1	+05.5	0000	068.3	000.0	0031	0019	+01.39	02	00	0898	08
59	0006	08	12	14	46	00468	06.1	+05.5	0000	068.2	000.0	0036	0024	+01.30	02	00	0898	08
59	0007	08	12	14	46	00472	06.2	+05.6	0000	068.3	000.0	0040	0028	+01.19	02	00	0898	08
59	0008	08	12	14	46	00474	06.2	+05.5	0000	068.3	000.0	0042	0033	+01.08	02	00	0898	08
59	0009	08	12	14	47	00475	06.2	+05.6	0000	068.3	000.0	0043	0038	+00.97	02	00	0898	08
59	0010	08	12	14	47	00473	06.2	+05.6	0000	068.3	000.0	0042	0043	+00.83	02	00	0898	08
59	0011	08	12	14	47	00476	06.2	+05.6	0000	068.2	000.0	0042	0048	+00.75	02	00	0898	08
59	0012	08	12	14	47	00477	06.2	+05.6	0000	068.2	000.0	0042	0052	+00.68	02	00	0898	08
59	0013	08	12	14	47	00476	06.2	+05.6	0000	068.2	000.0	0041	0057	+00.61	02	00	0898	08
59	0014	08	12	14	47	00475	06.2	+05.7	0000	068.2	000.0	0039	0062	+00.54	02	00	0898	08
60	0001	08	12	14	49	00429	06.2	+05.7	0000	067.6	000.0	0000	0000	+00.00	02	00	0898	08
60	0002	08	12	14	49	00425	06.2	+05.6	0000	068.0	000.0	0000	0004	+00.00	02	00	0898	08
60	0003	08	12	14	49	00432	06.2	+05.6	0000	068.0	000.0	0000	0009	+00.00	02	00	0898	08
60	0004	08	12	14	49	00439	06.2	+05.8	0000	068.0	000.0	0011	0014	+00.66	02	00	0898	08
60	0005	08	12	14	49	00454	06.2	+05.7	0000	068.0	000.0	0025	0019	+01.15	02	00	0898	08
60	0006	08	12	14	50	00465	06.2	+05.6	0000	068.0	000.0	0039	0024	+01.40	02	00	0898	08
60	0007	08	12	14	50	00474	06.1	+05.6	0000	068.0	000.0	0050	0028	+01.50	02	00	0898	08
60	0008	08	12	14	50	00479	06.2	+05.6	0000	068.0	000.0	0059	0033	+01.50	02	00	0898	08
60	0009	08	12	14	50	00484	06.2	+05.7	0000	068.0	000.0	0065	0038	+01.46	02	00	0898	08
60	0010	08	12	14	50	00487	06.3	+05.8	0000	068.0	000.0	0070	0043	+01.39	02	00	0898	08
60	0011	08	12	14	50	00490	06.3	+05.9	0000	068.0	000.0	0073	0048	+01.31	02	00	0898	08
60	0012	08	12	14	51	00492	06.2	+05.8	0000	068.0	000.0	0076	0052	+01.23	02	00	0898	08
60	0013	08	12	14	51	00498	06.2	+05.7	0000	067.9	000.0	0079	0057	+01.18	02	00	0898	08
60	0014	08	12	14	51	00498	06.2	+05.9	0000	067.9	000.0	0081	0062	+01.11	02	00	0898	08
61	0001	08	12	14	52	00485	06.2	+05.9	0000	067.7	000.0	0000	0000	+00.00	02	00	0898	08
61	0002	08	12	14	52	00490	06.2	+05.7	0000	067.7	000.0	0000	0004	+00.00	02	00	0898	08
61	0003	08	12	14	52	00496	06.2	+05.7	0000	067.7	000.0	0000	0009	+00.00	02	00	0898	08
61	0004	08	12	14	52	00501	06.2	+05.8	0000	067.7	000.0	0016	0014	+00.99	02	00	0898	08
61	0005	08	12	14	53	00503	06.2	+05.9	0000	067.7	000.0	0018	0019	+00.83	02	00	0898	08
61	0006	08	12	14	53	00500	06.2	+05.8	0000	067.6	000.0	0017	0024	+00.60	02	00	0898	08
61	0007	08	12	14	53	00496	06.2	+05.8	0000	067.6	000.0	0012	0028	+00.38	02	00	0898	08
61	0008	08	12	14	53	00492	06.2	+05.9	0000	067.5	000.0	0007	0033	+00.20	02	00	0898	08
61	0009	08	12	14	53	00491	06.2	+05.9	0000	067.5	000.0	0004	0038	+00.09	02	00	0898	08
61	0010	08	12	14	53	00492	06.1	+05.7	0000	067.5	000.0	0001	0043	+00.03	02	00	0898	08
61	0011	08	12	14	53	00493	06.1	+05.7	0000	067.5	000.0	0000	0048	+00.01	02	00	0898	08
61	0012	08	12	14	54	00494	06.1	+05.7	0000	067.4	000.0	0000	0052	+00.00	02	00	0898	08
61	0013	08	12	14	54	00492	06.1	+05.6	0000	067.4	000.0	0000	0057	-00.01	02	01	0898	08
61	0014	08	12	14	54	00493	06.1	+05.7	0000	067.4	000.0	0001	0062	-00.01	02	01	0898	08
62	0006	08	12	14	57	00509	06.2	+05.8	0000	067.7	000.0	0000	0000	+00.00	02	00	0898	08
62	0007	08	12	14	57	00510	06.2	+05.7	0000	067.6	000.0	0000	0004	+00.00	02	00	0898	08
62	0008	08	12	14	57	00511	06.2	+05.8	0000	067.6	000.0	0000	0009	+00.00	02	00	0898	08
62	0009	08	12	14	57	00512	06.1	+05.6	0000	067.6	000.0	0002	0014	+00.14	02	00	0898	08
62	0010	08	12	14	57	00513	06.1	+05.6	0000	067.6	000.0	0003	0019	+00.16	02	00	0898	08
62	0011	08	12	14	58	00514	06.2	+05.7	0000	067.6	000.0	0004	0024	+00.16	02	00	0898	08
62	0012	08	12	14	58	00513	06.2	+05.8	0000	067.6	000.0	0004	0028	+00.12	02	00	0898	08
62	0013	08	12	14	58	00515	06.2	+05.7	0000	067.6	000.0	0005	0033	+00.13	02	00	0898	08
62	0014	08	12	14	58	00515	06.2	+05.7	0000	067.6	000.0	0005	0038	+00.12	02	00	0898	08
62	0015	08	12	14	58	00516	06.2	+05.7	0000	067.6	000.0	0006	0043	+00.13	02	00	0898	08
62	0016	08	12	14	58	00518	06.2	+05.8	0000	067.6	000.0	0007	0048	+00.13	02	00	0898	08
62	0017	08	12	14	59	00520	06.2	+05.7	0000	067.6	000.0	0009	0052	+00.15	02	00	0898	08
62	0018	08	12	14	59	00523	06.2	+05.7	0000	067.6	000.0	0011	0057	+00.17	02	00	0898	08
62	0019	08	12	14	59	00523	06.1	+05.6	0000	067.6	000.0	0013	0062	+00.18	02	00	0898	08
63	0006	08	12	15	07	00417	05.8	+04.8	0000	067.9	000.0	0000	0000	+00.00	02	00	0895	08
63	0007	08	12	15	08	00419	05.8	+04.7	0000	067.9	000.0	0000	0004	+00.00	02	00	0897	08
63	0008	08	12	15	08	00407	05.8	+04.8	0000	067.9	000.0	0000	0009	+00.00	02	00	0895	08
63	0009	08	12	15	08	00397	05.8	+04.8	0000	067.9	000.0	0021	0014	-01.27	02	01	0895	08
63	0010	08	12	15	08	00395	05.8	+04.8	0000	067.9	000.0	0026	0019	-01.18	02	01	0895	08
63	0011	08	12	15	08	00399	05.8	+04.8	0000	067.9	000.0	0026	0019	-01.18	02	01	0897	08
63	0012	08	12	15	09	00453	05.8	+04.7	0000	067.9	000.0	0000	0000	+00.00	02	00	0895	08
63	0013	08	12	15	09	00452	05.8	+04.7	0000	067.9	000.0	0000	0004	+00.00	02	00	0897	08
63	0014	08	12	15	09	00449	05.8	+04.8	0000	067.9	000.0	0000	0009	+00.00	02	00	0895	08
63	0015	08	12	15	10	00441	05.8	+04.8	0000	067.9	000.0	0010	0014	-00.63	02	01	0897	08
63	0016	08	12	15	10	00437	05.8	+04.8	0000	067.9	000.0	0016	0019	-00.73	02	01	0897	08
63	0017	08	12	15	10	00435	05.8	+04.7	0000	067.9	000.0	0019	0024	-00.71	02	01	0897	08
63	0018	08	12	15	10	00437	05.8	+04.9	0000	067.9	000.0	0019	0028	-00.57	02	01	0897	08
63	0019	08	12	15	10	00435	05.7	+04.6	0000	067.9	000.0	0020	0033	-00.51	02	01	0897	08
63	0020	08	12	15	10	00437	05.8	+04.7	0000	067.9	000.0	0018	0038	-00.42	02	01	0897	08
63	0021	08	12	15	10	00443	05.8	+04.7	0000	067.9	000.0	0015	0043	-00.29	02	01	0897	08
63	0022	08	12	15	11	00441	05.8	+04.8	0000	067.9	000.0	0013	0048	-00.23	02	01	0897	08
63	0023	08	12	15	11	00441	05.9	+04.9	0000	067.9	000.0	0011	0052	-00.18	02	01	0897	08
63	0024	08	12	15	11	00437	05.8	+04.8	0000	067.9	000.0	0011	0057	-00.17	02	01	0897	08
63	0025	08	12	15	11	00434	05.8	+04.8	0000	067.9	000.0	0012	0062	-00.17	02	01	0897	08
64	0001	08	12	15	13	00420	05.8	+04.8	0000	068.3	000.0	0000	0000	+00.00	02	00	0897	08
64	0002	08	12	15	13	00423	05.9	+04.8	0000	068.3	000.0	0000	0004	+00.00	02	00	0897	08
64	0003	08	12	15	13	00429	05.8	+04.8	0000	068.3	000.0	0000	0009	+00.00	02	00	0895	08
64	0004	08	12	15	14	00432	05.9	+04.9	0000	068.3	000.0	0012	0014	+00.76	02	00	0897	08
64	0005	08	12	15	14	00435	05.8	+04.7	0000	068.3	000.0	0015	0019	+00.69	02	00	0897	08
64	0006	08	12	15	14	00435	05.9	+04.9	0000	068.3	000.0	0016	0024	+00.58	02	00	0897	08
64	0007	08	12	15	14	00429	05.8	+04.7	0000	068.3	000.0	0012	0028	+00.36	02	00	0897	08
64	0008	08	12	15	14	00429	05.9	+04.8	0000	068.4	000.0	0009	0033	+00.24	02	00	0897	08
64	0009	08	12	15	14	00427	05.9	+04.9	0000	068.4	000.0	0006	0038	+00.15	02	00	0897	08
64	0010	08	12	15	15	00427	05.8	+04.6	0000	068.4	000.0	0004	0043	+00.09	02	00	0897	08
64	0011	08	12	15	15	00426	05.8	+04.6	0000	068.4	000.0	0002	0048	+00.04	02	00	0895	08
64	0012	08	12	15	15	00430	05.8	+04.6	0000	068.4	000.0	0002	0052	+00.04	02	00	0897	08
64	0013	08	12	15	15	00428	05.8	+04.8	0000	068.4	000.0	0002	0057	+00.03	02	00	0895	08
64	0014	08	12	15	15	00426	05.9	+04.8	0000	068.4	000.0	0001	0062	+00.01	02	00	0897	08
65	0001	08	12	15	17	00428	05.9	+04.8	0000	068.7	000.0	0000	0000	+00.00	02	00	0897	08
65	0002	08	12	15	17	00431	05.9	+04.8	0000	068.7	000.0	0000	0004	+00.00	02	00	0897	08
65	0003	08	12	15	17	00433	05.8	+04.6	0000	068.7	000.0	0000	0009	+00.00	02	00	0897	08
65	0004	08	12	15	17	00436	05.8	+04.7	0000	068.7	000.0	0007	0014	+00.44	02	00	0897	08
65	0005	08	12	15	17	00433	05.9	+04.8	0000	068.7	000.0	0005	0019	+00.26	02	00	0897	08
65	0006	08	12	15	18	00433	05.8	+04.7	0000	068.7	000.0	0004	0024	+00.16	02	00	0897	08
65	0007	08	12	15	18	00431	05.9	+04.8	0000	068.7	000.0	0002	0028	+00.07	02	00	0897	08
65	0008	08	12	15	18	00431	05.9	+04.8	0000	068.7	000.0	0001	0033	+00.03	02	00	0895	08
65	0009	08	12	15	18	00435	05.8	+04.7	0000	068.7	000.0	0003	0038	+00.06	02	00	0897	08
65	0010	08	12	15	18	00435	05.9	+04.7	0000	068.7	000.0	0003	0043	+00.07	02	00	0897	08
65	0011	08	12	15	18	00434	05.9	+04.8	0000	068.7	000.0	0003	0048	+00.06	02	00	0895	08
65	0012	08	12	15	19	00429	05.9	+04.7	0000	068.8	000.0	0001	0052	+00.03	02	00	0895	08
65	0013	08	12	15	19	00430	05.9	+04.8	0000	068.8	000.0	0000	0057	+00.00	02	00	0895	08
65	0014	08	12	15	19	00432	05.8	+04.7	0000	068.8	000.0	0000	0062	+00.00	02	00	0895	08
66	0001	08	12	15	20	00399	06.0	+05.0	0000	069.2	000.0	0000	0000	+00.00	02	00	0897	08
66	0002	08	12	15	21	00400	06.0	+04.9	0000	069.2	000.0	0000	0004	+00.00	02	00	0897	08
66	0003	08	12	15	21	00405	05.9	+04.8	0000	069.2	000.0	0000	0009	+00.00	02	00	0897	08
66	0004	08	12	15	21	00410	06.0	+04.9	0000	069.2	000.0	0011	0014	+00.69	02	00	0895	08
66	0005	08	12	15	21	00412	06.0	+04.9	0000	069.2	000.0	0014	0019	+00.65	02	00	0897	08
66	0006	08	12	15	21	00415	05.9	+04.8	0000	069.2	000.0	0017	0024	+00.61	02	00	0897	08
66	0007	08	12	15	21	00417	05.9	+04.8	0000	069.2	000.0	0019	0028	+00.58	02	00	0897	08
66	0008	08	12	15	21	00419	06.0	+05.0	0000	069.1	000.0	0021	0033	+00.54	02	00	0897	08
66	0009	08	12	15	22	00422	06.0	+05.0	0000	069.1	000.0	0023	0038	+00.53	02	00	0897	08
66	0010	08	12	15	22	00425	05.9	+04.8	0000	069.1	000.0	0026	0043	+00.52	02	00	0897	08
66	0011	08	12	15	22	00430	05.9	+04.8	0000	069.0	000.0	0029	0048	+00.53	02	00	0897	08
66	0012	08	12	15	22	00431	05.9	+04.8	0000	069.0	000.0	0032	0052	+00.52	02	00	0895	08
66	0013	08	12	15	22	00431	05.9	+04.9	0000	069.0	000.0	0033	0057	+00.50	02	00	0897	08
66	0014	08	12	15	22	00430	05.9	+04.8	0000	069.0	000.0	0034	0062	+00.46	02	00	0897	08
67	0001	08	12	15	27	00484	06.0	+05.2	0000	068.4	000.0	0000	0000	+00.00	02	00	0895	08
67	0002	08	12	15	27	00484	06.0	+05.2	0000	068.6	000.0	0000	0004	+00.00	02	00	0895	08
67	0003	08	12	15	27	00489	06.0	+05.1	0000	068.6	000.0	0000	0009	+00.00	02	00	0895	08
67	0004	08	12	15	27	00491	06.0	+05.1	0000	068.6	000.0	0007	0014	+00.47	02	00	0895	08
67	0005	08	12	15	27	00490	06.0	+05.1	0000	068.6	000.0	0007	0019	+00.34	02	00	0895	08
67	0006	08	12	15	27	00491	06.0	+05.2	0000	068.6	000.0	0007	0024	+00.28	02	00	0897	08
67	0007	08	12	15	27	00488	06.0	+05.1	0000	068.6	000.0	0005	0028	+00.16	02	00	0897	08
67	0008	08	12	15	28	00486	06.1	+05.3	0000	068.5	000.0	0002	0033	+00.07	02	00	0895	08
67	0009	08	12	15	28	00485	06.1	+05.3	0000	068.5	000.0	0000	0038	+00.02	02	00	0897	08
67	0010	08	12	15	28	00484	06.0	+05.1	0000	068.5	000.0	0000	0043	-00.01	02	01	0897	08
67	0011	08	12	15	28	00481	06.0	+05.2	0000	068.5	000.0	0003	0048	-00.06	02	01	0895	08
67	0012	08	12	15	28	00476	06.0	+05.1	0000	068.5	000.0	0007	0052	-00.12	02	01	0895	08
67	0013	08	12	15	28	00477	06.0	+05.2	0000	068.5	000.0	0010	0057	-00.15	02	01	0897	08
67	0014	08	12	15	28	00476	06.0	+05.1	0000	068.4	000.0	0012	0062	-00.16	02	01	0895	08
68	0001	08	12	15	31	00414	06.1	+05.3	0000	068.4	000.0	0000	0000	+00.00	02	00	0897	08
68	0002	08	12	15	31	00416	05.9	+05.1	0000	068.2	000.0	0000	0004	+00.00	02	00	0895	08
68	0003	08	12	15	32	00416	06.0	+05.3	0000	068.1	000.0	0000	0009	+00.00	02	00	0897	08
68	0004	08	12	15	32	00416	06.0	+05.2	0000	068.1	000.0	0001	0014	+00.08	02	00	0897	08
68	0005	08	12	15	32	00415	06.0	+05.2	0000	068.0	000.0	0000	0019	+00.03	02	00	0897	08
68	0006	08	12	15	32	00421	06.0	+05.3	0000	068.0	000.0	0004	0024	+00.16	02	00	0897	08
68	0007	08	12	15	32	00424	06.0	+05.3	0000	068.0	000.0	0008	0028	+00.23	02	00	0897	08
68	0008	08	12	15	32	00425	06.0	+05.2	0000	068.0	000.0	0010	0033	+00.27	02	00	0897	08
68	0009	08	12	15	33	00429	06.0	+05.3	0000	068.0	000.0	0014	0038	+00.31	02	00	0897	08
68	0010	08	12	15	33	00429	05.9	+05.2	0000	067.9	000.0	0016	0043	+00.32	02	00	0895	08
68	0011	08	12	15	33	00430	05.9	+05.2	0000	067.9	000.0	0017	0048	+00.31	02	00	0897	08
68	0012	08	12	15	33	00430	05.9	+05.2	0000	067.9	000.0	0018	0052	+00.30	02	00	0895	08
68	0013	08	12	15	33	00427	05.9	+05.1	0000	067.8	000.0	0017	0057	+00.26	02	00	0895	08
68	0014	08	12	15	33	00420	05.9	+05.2	0000	067.8	000.0	0014	0062	+00.20	02	00	0897	08
69	0001	08	12	15	41	00525	05.6	+04.9	0000	065.4	000.0	0000	0000	+00.00	02	00	0895	08
69	0002	08	12	15	41	00524	05.7	+05.0	0000	065.4	000.0	0000	0004	+00.00	02	00	0895	08
69	0003	08	12	15	41	00521	05.7	+05.0	0000	065.4	000.0	0000	0009	+00.00	02	00	0895	08
69	0004	08	12	15	42	00528	05.6	+04.9	0000	065.4	000.0	0001	0014	+00.10	02	00	0895	08
69	0005	08	12	15	42	00539	05.6	+04.9	0000	065.4	000.0	0013	0019	+00.57	02	00	0895	08
69	0006	08	12	15	42	00551	05.6	+04.9	0000	065.4	000.0	0026	0024	+00.93	02	00	0895	08
69	0007	08	12	15	42	00568	05.6	+04.9	0000	065.3	000.0	0043	0028	+01.28	02	00	0895	08
69	0008	08	12	15	42	00598	05.6	+05.0	0000	065.3	000.0	0069	0033	+01.76	02	00	0895	08
69	0009	08	12	15	42	00621	05.6	+04.8	0000	065.2	000.0	0096	0038	+02.13	02	00	0895	08
69	0010	08	12	15	43	00634	05.6	+04.8	0000	065.2	000.0	0118	0043	+02.34	02	00	0897	08
69	0011	08	12	15	43	00651	05.6	+05.0	0000	065.2	000.0	0140	0048	+02.48	02	00	0895	08
69	0012	08	12	15	43	00665	05.6	+04.8	0000	065.2	000.0	0158	0052	+02.56	02	00	0895	08
69	0013	08	12	15	43	00678	05.7	+05.0	0000	065.2	000.0	0176	0057	+02.60	02	00	0895	08
;Received 1000 record(s)