Zero
M3,30/04/22,09:56:31,     1,    92,   415,  895.1, 380, 0.0, 0.0, 0.0,  0, 0.0000,     0, 0.0, 0.0, 0.0
M3,30/04/22,09:56:37,     1,    97,   428,  895.1, 379, 0.0, 0.0, 0.0,  0, 0.0000,     0, 0.0, 0.0, 0.0
M3,30/04/22,09:56:42,     1,   102,   432,  895.1, 379, 0.0, 0.0, 0.0,  0, 0.0000,     0, 0.0, 0.0, 0.0
M3,30/04/22,09:56:47,     1,   107,   434,  895.2, 378, 0.0, 0.0, 0.0,  0, 0.0000,     0, 0.0, 0.0, 0.0
M3,30/04/22,09:56:52,     1,   112,   436,  895.2, 378, 0.0, 0.0, 0.0,  0, 0.0000,     0, 0.0, 0.0, 0.0
M3,30/04/22,09:56:57,     1,   117,   436,  895.3, 380, 0.0, 0.0, 0.0,  0, 0.0000,     0, 0.0, 0.0, 0.0
M3,30/04/22,09:57:02,     1,   122,   437,  895.3, 379, 0.0, 0.0, 0.0,  0, 0.0000,     0, 0.0, 0.0, 0.0
M3,30/04/22,09:57:07,     1,   127,   437,  895.3, 379, 0.0, 0.0, 0.0,  0, 0.0000,     0, 0.0, 0.0, 0.0
M3,30/04/22,09:57:12,     1,   132,   437,  895.3, 380, 0.0, 0.0, 0.0,  0, 0.0000,     0, 0.0, 0.0, 0.0
M3,30/04/22,09:57:17,     1,   137,   437,  895.3, 379, 0.0, 0.0, 0.0,  0, 0.0000,     0, 0.0, 0.0, 0.0
M3,30/04/22,09:57:22,     1,   142,   437,  895.3, 379, 0.0, 0.0, 0.0,  0, 0.0000,     0, 0.0, 0.0, 0.0
M3,30/04/22,09:57:27,     1,   147,   437,  895.3, 381, 0.0, 0.0, 0.0,  0, 0.0000,     0, 0.0, 0.0, 0.0
M3,30/04/22,09:57:32,     1,   152,   437,  895.3, 381, 0.0, 0.0, 0.0,  0, 0.0000,     0, 0.0, 0.0, 0.0
M3,30/04/22,09:57:37,     1,   157,   437,  895.3, 381, 0.0, 0.0, 0.0,  0, 0.0000,     0, 0.0, 0.0, 0.0
M3,30/04/22,09:57:42,     1,   162,   437,  895.3, 380, 0.0, 0.0, 0.0,  0, 0.0000,     0, 0.0, 0.0, 0.0
M3,30/04/22,09:57:47,     1,   167,   437,  895.3, 380, 0.0, 0.0, 0.0,  0, 0.0000,     0, 0.0, 0.0, 0.0
M3,30/04/22,09:57:52,     1,   172,   437,  895.3, 380, 0.0, 0.0, 0.0,  0, 0.0000,     0, 0.0, 0.0, 0.0
M3,30/04/22,09:57:57,     1,   177,   437,  895.3, 381, 0.0, 0.0, 0.0,  0, 0.0000,     0, 0.0, 0.0, 0.0
M3,30/04/22,09:58:02,     1,   182,   438,  895.3, 381, 0.0, 0.0, 0.0,  0, 0.0000,     0, 0.0, 0.0, 0.0
M3,30/04/22,09:58:07,     1,   187,   439,  895.3, 382, 0.0, 0.0, 0.0,  0, 0.0000,     0, 0.0, 0.0, 0.0
M3,30/04/22,09:58:12,     1,   192,   439,  895.3, 381, 0.0, 0.0, 0.0,  0, 0.0000,     0, 0.0, 0.0, 0.0
M3,30/04/22,09:58:17,     1,   197,   439,  895.3, 381, 0.0, 0.0, 0.0,  0, 0.0000,     0, 0.0, 0.0, 0.0
M3,30/04/22,09:58:22,     1,   202,   439,  895.3, 381, 0.0, 0.0, 0.0,  0, 0.0000,     0, 0.0, 0.0, 0.0
M3,30/04/22,09:58:27,     1,   207,   440,  895.3, 382, 0.0, 0.0, 0.0,  0, 0.0000,     0, 0.0, 0.0, 0.0
M3,30/04/22,09:58:32,     1,   212,   441,  895.3, 382, 0.0, 0.0, 0.0,  0, 0.0000,     0, 0.0, 0.0, 0.0
M3,30/04/22,09:58:37,     1,   217,   441,  895.3, 382, 0.0, 0.0, 0.0,  0, 0.0000,     0, 0.0, 0.0, 0.0
M3,30/04/22,09:58:42,     1,   222,   440,  895.3, 383, 0.0, 0.0, 0.0,  0, 0.0000,     0, 0.0, 0.0, 0.0
M3,30/04/22,09:58:47,     1,   227,   439,  895.3, 382, 0.0, 0.0, 0.0,  0, 0.0000,     0, 0.0, 0.0, 0.0
M3,30/04/22,09:58:52,     1,   232,   438,  895.3, 382, 0.0, 0.0, 0.0,  0, 0.0000,     0, 0.0, 0.0, 0.0
M3,30/04/22,09:58:57,     1,   237,   437,  895.3, 382, 0.0, 0.0, 0.0,  0, 0.0000,     0, 0.0, 0.0, 0.0
M3,30/04/22,09:59:02,     1,   242,   437,  895.3, 382, 0.0, 0.0, 0.0,  0, 0.0000,     0, 0.0, 0.0, 0.0
M3,30/04/22,09:59:07,     1,   247,   437,  895.3, 382, 0.0, 0.0, 0.0,  0, 0.0000,     0, 0.0, 0.0, 0.0
M3,30/04/22,09:59:12,     1,   252,   438,  895.3, 383, 0.0, 0.0, 0.0,  0, 0.0000,     0, 0.0, 0.0, 0.0
M3,30/04/22,09:59:17,     1,   257,   437,  895.3, 382, 0.0, 0.0, 0.0,  0, 0.0000,     0, 0.0, 0.0, 0.0
M3,30/04/22,09:59:22,     1,   262,   437,  895.3, 382, 0.0, 0.0, 0.0,  0, 0.0000,     0, 0.0, 0.0, 0.0
M3,30/04/22,09:59:27,     1,   267,   436,  895.3, 382, 0.0, 0.0, 0.0,  0, 0.0000,     0, 0.0, 0.0, 0.0
M3,30/04/22,09:59:32,     1,   272,   435,  895.3, 383, 0.0, 0.0, 0.0,  0, 0.0000,     0, 0.0, 0.0, 0.0
M3,30/04/22,09:59:37,     1,   277,   436,  895.3, 383, 0.0, 0.0, 0.0,  0, 0.0000,     0, 0.0, 0.0, 0.0
M3,30/04/22,09:59:42,     1,   282,   435,  895.3, 383, 0.0, 0.0, 0.0,  0, 0.0000,     0, 0.0, 0.0, 0.0
M3,30/04/22,09:59:47,     1,   287,   435,  895.3, 383, 0.0, 0.0, 0.0,  0, 0.0000,     0, 0.0, 0.0, 0.0
M3,30/04/22,09:59:52,     1,   292,   435,  895.3, 384, 0.0, 0.0, 0.0,  0, 0.0000,     0, 0.0, 0.0, 0.0
M3,30/04/22,09:59:57,     1,   297,   435,  895.3, 383, 0.0, 0.0, 0.0,  0, 0.0000,     0, 0.0, 0.0, 0.0
M3,30/04/22,10:00:02,     1,   302,   436,  895.3, 383, 0.0, 0.0, 0.0,  0, 0.0000,     0, 0.0, 0.0, 0.0
M3,30/04/22,10:00:07,     1,   307,   436,  895.3, 383, 0.0, 0.0, 0.0,  0, 0.0000,     0, 0.0, 0.0, 0.0
M3,30/04/22,10:00:12,     1,   312,   436,  895.3, 383, 0.0, 0.0, 0.0,  0, 0.0000,     0, 0.0, 0.0, 0.0
M3,30/04/22,10:00:17,     1,   317,   436,  895.3, 383, 0.0, 0.0, 0.0,  0, 0.0000,     0, 0.0, 0.0, 0.0
M3,30/04/22,10:00:22,     1,   322,   436,  895.3, 382, 0.0, 0.0, 0.0,  0, 0.0000,     0, 0.0, 0.0, 0.0
M3,30/04/22,10:00:27,     1,   327,   436,  895.3, 382, 0.0, 0.0, 0.0,  0, 0.0000,     0, 0.0, 0.0, 0.0
M3,30/04/22,10:00:32,     1,   332,   437,  895.3, 384, 0.0, 0.0, 0.0,  0, 0.0000,     0, 0.0, 0.0, 0.0
M3,30/04/22,10:00:37,     1,   337,   437,  895.3, 384, 0.0, 0.0, 0.0,  0, 0.0000,     0, 0.0, 0.0, 0.0
M3,30/04/22,10:00:42,     1,   342,   438,  895.3, 384, 0.0, 0.0, 0.0,  0, 0.0000,     0, 0.0, 0.0, 0.0
M3,30/04/22,10:00:47,     1,   347,   437,  895.3, 383, 0.0, 0.0, 0.0,  0, 0.0000,     0, 0.0, 0.0, 0.0
M3,30/04/22,10:00:52,     1,   352,   437,  895.3, 384, 0.0, 0.0, 0.0,  0, 0.0000,     0, 0.0, 0.0, 0.0
M3,30/04/22,10:00:57,     1,   357,   437,  895.3, 383, 0.0, 0.0, 0.0,  0, 0.0000,     0, 0.0, 0.0, 0.0
M3,30/04/22,10:01:02,     1,   362,   437,  895.3, 384, 0.0, 0.0, 0.0,  0, 0.0000,     0, 0.0, 0.0, 0.0
M3,30/04/22,10:01:07,     1,   367,   437,  895.4, 385, 0.0, 0.0, 0.0,  0, 0.0000,     0, 0.0, 0.0, 0.0
M3,30/04/22,10:01:12,     1,   372,   437,  895.4, 385, 0.0, 0.0, 0.0,  0, 0.0000,     0, 0.0, 0.0, 0.0
M3,30/04/22,10:01:17,     1,   377,   437,  895.4, 385, 0.0, 0.0, 0.0,  0, 0.0000,     0, 0.0, 0.0, 0.0
M3,30/04/22,10:01:22,     1,   382,   437,  895.4, 385, 0.0, 0.0, 0.0,  0, 0.0000,     0, 0.0, 0.0, 0.0
M3,30/04/22,10:01:27,     1,   387,   438,  895.4, 386, 0.0, 0.0, 0.0,  0, 0.0000,     0, 0.0, 0.0, 0.0
M3,30/04/22,10:01:32,     1,   392,   438,  895.4, 386, 0.0, 0.0, 0.0,  0, 0.0000,     0, 0.0, 0.0, 0.0
M3,30/04/22,10:01:37,     1,   397,   438,  895.4, 387, 0.0, 0.0, 0.0,  0, 0.0000,     0, 0.0, 0.0, 0.0
M3,30/04/22,10:01:42,     1,   402,   438,  895.4, 388, 0.0, 0.0, 0.0,  0, 0.0000,     0, 0.0, 0.0, 0.0
M3,30/04/22,10:01:47,     1,   407,   437,  895.4, 387, 0.0, 0.0, 0.0,  0, 0.0000,     0, 0.0, 0.0, 0.0
M3,30/04/22,10:01:52,     1,   412,   438,  895.4, 388, 0.0, 0.0, 0.0,  0, 0.0000,     0, 0.0, 0.0, 0.0
M3,30/04/22,10:01:57,     1,   417,   439,  895.4, 387, 0.0, 0.0, 0.0,  0, 0.0000,     0, 0.0, 0.0, 0.0
M3,30/04/22,10:02:02,     1,   422,   438,  895.4, 387, 0.0, 0.0, 0.0,  0, 0.0000,     0, 0.0, 0.0, 0.0
M3,30/04/22,10:02:07,     1,   427,   438,  895.4, 386, 0.0, 0.0, 0.0,  0, 0.0000,     0, 0.0, 0.0, 0.0
M3,30/04/22,10:02:12,     1,   432,   438,  895.4, 386, 0.0, 0.0, 0.0,  0, 0.0000,     0, 0.0, 0.0, 0.0
M3,30/04/22,10:02:17,     1,   437,   438,  895.4, 387, 0.0, 0.0, 0.0,  0, 0.0000,     0, 0.0, 0.0, 0.0
M3,30/04/22,10:02:22,     1,   442,   439,  895.4, 389, 0.0, 0.0, 0.0,  0, 0.0000,     0, 0.0, 0.0, 0.0
M3,30/04/22,10:02:27,     1,   447,   439,  895.4, 389, 0.0, 0.0, 0.0,  0, 0.0000,     0, 0.0, 0.0, 0.0
M3,30/04/22,10:02:32,     1,   452,   438,  895.4, 389, 0.0, 0.0, 0.0,  0, 0.0000,     0, 0.0, 0.0, 0.0
M3,30/04/22,10:02:37,     1,   457,   435,  895.5, 389, 0.0, 0.0, 0.0,  0, 0.0000,     0, 0.0, 0.0, 0.0
M3,30/04/22,10:02:42,     1,   462,   438,  895.5, 390, 0.0, 0.0, 0.0,  0, 0.0000,     0, 0.0, 0.0, 0.0
M3,30/04/22,10:02:47,     1,   467,   440,  895.5, 388, 0.0, 0.0, 0.0,  0, 0.0000,     0, 0.0, 0.0, 0.0
M3,30/04/22,10:02:52,     1,   472,   443,  895.5, 388, 0.0, 0.0, 0.0,  0, 0.0000,     0, 0.0, 0.0, 0.0
M3,30/04/22,10:02:57,     1,   477,   446,  895.5, 388, 0.0, 0.0, 0.0,  0, 0.0000,     0, 0.0, 0.0, 0.0
M3,30/04/22,10:03:02,     1,   482,   446,  895.5, 388, 0.0, 0.0, 0.0,  0, 0.0000,     0, 0.0, 0.0, 0.0
M3,30/04/22,10:03:07,     1,   487,   445,  895.5, 388, 0.0, 0.0, 0.0,  0, 0.0000,     0, 0.0, 0.0, 0.0
M3,30/04/22,10:03:12,     1,   492,   445,  895.5, 388, 0.0, 0.0, 0.0,  0, 0.0000,     0, 0.0, 0.0, 0.0
M3,30/04/22,10:03:17,     1,   497,   446,  895.5, 388, 0.0, 0.0, 0.0,  0, 0.0000,     0, 0.0, 0.0, 0.0
M3,30/04/22,10:03:22,   441,   502,   453,  895.5, 389, 0.0, 0.0, 0.0,  0, 0.0000,     0, 0.0, 0.0, 0.0
M3,30/04/22,10:03:27,   441,   507,   452,  895.5, 390, 0.0, 0.0, 0.0,  0, 0.0000,     0, 0.0, 0.0, 0.0
M3,30/04/22,10:03:32,   441,   512,   455,  895.5, 390, 0.0, 0.0, 0.0,  0, 0.0000,     0, 0.0, 0.0, 0.0
M3,30/04/22,10:03:37,   441,   517,   453,  895.5, 390, 0.0, 0.0, 0.0,  0, 0.0000,     0, 0.0, 0.0, 0.0
M3,30/04/22,10:03:42,   441,   522,   445,  895.5, 389, 0.0, 0.0, 0.0,  0, 0.0000,     0, 0.0, 0.0, 0.0
M3,30/04/22,10:03:47,   441,   527,   442,  895.5, 390, 0.0, 0.0, 0.0,  0, 0.0000,     0, 0.0, 0.0, 0.0
M3,30/04/22,10:03:52,   441,   532,   435,  895.5, 390, 0.0, 0.0, 0.0,  0, 0.0000,     0, 0.0, 0.0, 0.0
M3,30/04/22,10:03:57,   441,   537,   433,  895.5, 389, 0.0, 0.0, 0.0,  0, 0.0000,     0, 0.0, 0.0, 0.0
Start
M5,30/04/22,10:04:03,   441,   543,   433,  895.5, 388, 0.0, 0.0, 0.0,  0, 0.0000,     0, 0.0, 0.0, 0.0, 20,     0,     1, 0.0000, 0.0000
M5,30/04/22,10:04:04,   441,   544,   433,  895.5, 389, 0.0, 0.0, 0.0,  0, 0.0000,     0, 0.0, 0.0, 0.0, 20,     0,     2, 0.0000, 0.0000
M5,30/04/22,10:04:05,   441,   545,   433,  895.5, 389, 0.0, 0.0, 0.0,  0, 0.0000,     0, 0.0, 0.0, 0.0, 20,     0,     3, 0.0000, 0.0000
M5,30/04/22,10:04:06,   441,   546,   433,  895.5, 389, 0.0, 0.0, 0.0,  0, 0.0000,     0, 0.0, 0.0, 0.0, 20,     0,     4, 0.0000, 0.0000
M5,30/04/22,10:04:07,   441,   547,   433,  895.5, 389, 0.0, 0.0, 0.0,  0, 0.0000,     0, 0.0, 0.0, 0.0, 20,     0,     5, 0.0000, 0.0000
M5,30/04/22,10:04:08,   441,   548,   433,  895.5, 388, 0.0, 0.0, 0.0,  0, 0.0000,     0, 0.0, 0.0, 0.0, 20,     0,     6, 0.0000, 0.0000
M5,30/04/22,10:04:09,   441,   549,   432,  895.5, 389, 0.0, 0.0, 0.0,  0, 0.0000,     0, 0.0, 0.0, 0.0, 20,    -0,     7, 0.0000, 0.0000
M5,30/04/22,10:04:10,   441,   550,   432,  895.5, 389, 0.0, 0.0, 0.0,  0, 0.0000,     0, 0.0, 0.0, 0.0, 20,    -0,     8, 0.0000, 0.0000
M5,30/04/22,10:04:11,   441,   551,   432,  895.5, 389, 0.0, 0.0, 0.0,  0, 0.0000,     0, 0.0, 0.0, 0.0, 20,    -0,     9, 0.0000, 0.0000
M5,30/04/22,10:04:12,   441,   552,   432,  895.5, 390, 0.0, 0.0, 0.0,  0, 0.0000,     0, 0.0, 0.0, 0.0, 25,    -0,    10, 0.0000, 0.0000
M5,30/04/22,10:04:13,   441,   553,   432,  895.5, 390, 0.0, 0.0, 0.0,  0, 0.0000,     0, 0.0, 0.0, 0.0, 25,    -0,    11, 0.0000, 0.0000
M5,30/04/22,10:04:14,   441,   554,   432,  895.5, 390, 0.0, 0.0, 0.0,  0, 0.0000,     0, 0.0, 0.0, 0.0, 25,    -0,    12, 0.0000, 0.0000
M5,30/04/22,10:04:15,   441,   555,   432,  895.5, 389, 0.0, 0.0, 0.0, 21, 0.0000,     0, 0.0, 0.0, 0.0, 25,    -0,    13, 0.0742,-0.0281
M5,30/04/22,10:04:16,   441,   556,   433,  895.5, 389, 0.0, 0.0, 0.0, 21, 0.0000,     0, 0.0, 0.0, 0.0, 25,    -0,    14, 0.0872, 0.0111
M5,30/04/22,10:04:17,   441,   557,   433,  895.5, 389, 0.0, 0.0, 0.0, 21, 0.0000,     0, 0.0, 0.0, 0.0, 25,     0,    15, 0.0964, 0.0320
M5,30/04/22,10:04:18,   441,   558,   433,  895.5, 389, 0.0, 0.0, 0.0,  0, 0.0000,     0, 0.0, 0.0, 0.0, 25,     0,    16, 0.0901, 0.0769
M5,30/04/22,10:04:19,   441,   559,   433,  895.5, 389, 0.0, 0.0, 0.0,  0, 0.0000,     0, 0.0, 0.0, 0.0, 25,     0,    17, 0.0800, 0.1077
M5,30/04/22,10:04:20,   441,   560,   433,  895.5, 389, 0.0, 0.0, 0.0,  0, 0.0000,     0, 0.0, 0.0, 0.0, 25,     0,    18, 0.0835, 0.0879
M5,30/04/22,10:04:21,   441,   561,   433,  895.5, 389, 0.0, 0.0, 0.0,  0, 0.0000,     0, 0.0, 0.0, 0.0, 25,     0,    19, 0.0824, 0.0895
M5,30/04/22,10:04:22,   441,   562,   433,  895.5, 389, 0.0, 0.0, 0.0,  0, 0.0000,     0, 0.0, 0.0, 0.0, 25,     0,    20, 0.0781, 0.0996
M5,30/04/22,10:04:23,   441,   563,   433,  895.5, 389, 0.0, 0.0, 0.0,  0, 0.0000,     0, 0.0, 0.0, 0.0, 25,     0,    21, 0.0726, 0.1093
M5,30/04/22,10:04:24,   441,   564,   433,  895.5, 389, 0.0, 0.0, 0.0,  0, 0.0000,     0, 0.0, 0.0, 0.0, 25,     0,    22, 0.0602, 0.1365
M5,30/04/22,10:04:25,   441,   565,   432,  895.5, 389, 0.0, 0.0, 0.0,  0, 0.0000,     0, 0.0, 0.0, 0.0, 25,    -0,    23, 0.0440, 0.1666
M5,30/04/22,10:04:26,   441,   566,   432,  895.5, 389, 0.0, 0.0, 0.0,  0, 0.0000,     0, 0.0, 0.0, 0.0, 25,    -0,    24, 0.0276, 0.1884
M5,30/04/22,10:04:27,   441,   567,   432,  895.5, 390, 0.0, 0.0, 0.0,  0, 0.0000,     0, 0.0, 0.0, 0.0, 25,    -0,    25, 0.0142, 0.1943
M5,30/04/22,10:04:28,   441,   568,   432,  895.5, 390, 0.0, 0.0, 0.0,  0, 0.0000,     0, 0.0, 0.0, 0.0, 25,    -0,    26, 0.0046, 0.1868
M5,30/04/22,10:04:29,   441,   569,   432,  895.5, 390, 0.0, 0.0, 0.0,  0, 0.0000,     0, 0.0, 0.0, 0.0, 25,    -0,    27, 0.0001, 0.1644
M5,30/04/22,10:04:30,   441,   570,   433,  895.5, 389, 0.0, 0.0, 0.0,  0, 0.0000,     0, 0.0, 0.0, 0.0, 25,     0,    28, 0.0016, 0.1278
M5,30/04/22,10:04:31,   441,   571,   433,  895.5, 389, 0.0, 0.0, 0.0,  0, 0.0000,     0, 0.0, 0.0, 0.0, 25,     0,    29, 0.0063, 0.0889
M5,30/04/22,10:04:32,   441,   572,   433,  895.5, 389, 0.0, 0.0, 0.0,  0, 0.0000,     0, 0.0, 0.0, 0.0, 25,     0,    30, 0.0099, 0.0623
M5,30/04/22,10:04:33,   441,   573,   433,  895.5, 389, 0.0, 0.0, 0.0,  0, 0.0000,     0, 0.0, 0.0, 0.0, 25,     0,    31, 0.0125, 0.0447
M5,30/04/22,10:04:34,   441,   574,   433,  895.5, 389, 0.0, 0.0, 0.0,  0, 0.0000,     0, 0.0, 0.0, 0.0, 25,     0,    32, 0.0154, 0.0294
M5,30/04/22,10:04:35,   441,   575,   433,  895.5, 389, 0.0, 0.0, 0.0,  0, 0.0000,     0, 0.0, 0.0, 0.0, 25,     0,    33, 0.0189, 0.0153
M5,30/04/22,10:04:36,   441,   576,   433,  895.5, 389, 0.0, 0.0, 0.0, 21, 0.0000,     0, 0.0, 0.0, 0.0, 25,     0,    34, 0.0215, 0.0067
M5,30/04/22,10:04:37,   441,   577,   433,  895.5, 388, 0.0, 0.0, 0.0, 21, 0.0000,     0, 0.0, 0.0, 0.0, 25,     0,    35, 0.0234, 0.0023
M5,30/04/22,10:04:38,   441,   578,   433,  895.5, 387, 0.0, 0.0, 0.0, 21, 0.0000,     0, 0.0, 0.0, 0.0, 25,     0,    36, 0.0248, 0.0007
M5,30/04/22,10:04:39,   441,   579,   433,  895.5, 388, 0.0, 0.0, 0.0, 21, 0.0000,     0, 0.0, 0.0, 0.0, 25,     0,    37, 0.0256, 0.0009
M5,30/04/22,10:04:40,   441,   580,   433,  895.5, 388, 0.0, 0.0, 0.0, 21, 0.0000,     0, 0.0, 0.0, 0.0, 25,     0,    38, 0.0262, 0.0022
M5,30/04/22,10:04:41,   441,   581,   433,  895.5, 388, 0.0, 0.0, 0.0, 21, 0.0000,     0, 0.0, 0.0, 0.0, 25,     1,    39, 0.0278,-0.0006
M5,30/04/22,10:04:42,   441,   582,   433,  895.5, 389, 0.0, 0.0, 0.0, 21, 0.0000,     0, 0.0, 0.0, 0.0, 25,     1,    40, 0.0305,-0.0065
M5,30/04/22,10:04:43,   441,   583,   433,  895.5, 389, 0.0, 0.0, 0.0, 21, 0.0000,     0, 0.0, 0.0, 0.0, 25,     1,    41, 0.0325,-0.0095
M5,30/04/22,10:04:44,   441,   584,   433,  895.5, 388, 0.0, 0.0, 0.0, 21, 0.0000,     0, 0.0, 0.0, 0.0, 25,     1,    42, 0.0341,-0.0102
M5,30/04/22,10:04:45,   441,   585,   433,  895.5, 388, 0.0, 0.0, 0.0, 21, 0.0000,     0, 0.0, 0.0, 0.0, 25,     1,    43, 0.0352,-0.0092
M5,30/04/22,10:04:46,   441,   586,   433,  895.5, 388, 0.0, 0.0, 0.0, 21, 0.0000,     0, 0.0, 0.0, 0.0, 25,     1,    44, 0.0360,-0.0072
M5,30/04/22,10:04:47,   441,   587,   433,  895.5, 388, 0.0, 0.0, 0.0, 21, 0.0000,     0, 0.0, 0.0, 0.0, 25,     1,    45, 0.0355,-0.0008
M5,30/04/22,10:04:48,   441,   588,   433,  895.5, 388, 0.0, 0.0, 0.0, 21, 0.0000,     0, 0.0, 0.0, 0.0, 25,     1,    46, 0.0348, 0.0052
M5,30/04/22,10:04:49,   441,   589,   433,  895.5, 388, 0.0, 0.0, 0.0, 21, 0.0000,     0, 0.0, 0.0, 0.0, 25,     1,    47, 0.0344, 0.0098
M5,30/04/22,10:04:50,   441,   590,   434,  895.5, 388, 0.0, 0.0, 0.0, 21, 0.0000,     0, 0.0, 0.0, 0.0, 25,     1,    48, 0.0352, 0.0093
M5,30/04/22,10:04:51,   441,   591,   434,  895.5, 388, 0.0, 0.0, 0.0, 21, 0.0000,     0, 0.0, 0.0, 0.0, 25,     1,    49, 0.0362, 0.0081
M5,30/04/22,10:04:52,   441,   592,   434,  895.5, 388, 0.0, 0.0, 0.0, 21, 0.0000,     0, 0.0, 0.0, 0.0, 25,     1,    50, 0.0375, 0.0059
M5,30/04/22,10:04:53,   441,   593,   434,  895.5, 387, 0.0, 0.0, 0.0, 21, 0.0000,     0, 0.0, 0.0, 0.0, 25,     1,    51, 0.0393, 0.0022
M5,30/04/22,10:04:54,   441,   594,   434,  895.5, 387, 0.0, 0.0, 0.0, 21, 0.0000,     0, 0.0, 0.0, 0.0, 25,     2,    52, 0.0415,-0.0023
M5,30/04/22,10:04:55,   441,   595,   435,  895.5, 387, 0.0, 0.0, 0.0, 21, 0.0000,     0, 0.0, 0.0, 0.0, 25,     2,    53, 0.0444,-0.0093
End
M3,30/04/22,10:04:58,   441,   597,   434,  895.5, 388, 0.0, 0.0, 0.0,  0, 0.0000,     0, 0.0, 0.0, 0.0
M3,30/04/22,10:05:03,   441,   602,   434,  895.5, 389, 0.0, 0.0, 0.0,  0, 0.0000,     0, 0.0, 0.0, 0.0
M3,30/04/22,10:05:08,   441,   607,   434,  895.5, 389, 0.0, 0.0, 0.0,  0, 0.0000,     0, 0.0, 0.0, 0.0
M3,30/04/22,10:05:13,   441,   612,   435,  895.5, 389, 0.0, 0.0, 0.0,  0, 0.0000,     0, 0.0, 0.0, 0.0
M3,30/04/22,10:05:18,   441,   617,   435,  895.5, 389, 0.0, 0.0, 0.0,  0, 0.0000,     0, 0.0, 0.0, 0.0
M3,30/04/22,10:05:23,   441,   622,   435,  895.5, 388, 0.0, 0.0, 0.0,  0, 0.0000,     0, 0.0, 0.0, 0.0
M3,30/04/22,10:05:28,   441,   627,   435,  895.5, 388, 0.0, 0.0, 0.0,  0, 0.0000,     0, 0.0, 0.0, 0.0
M3,30/04/22,10:05:33,   441,   632,   436,  895.5, 388, 0.0, 0.0, 0.0,  0, 0.0000,     0, 0.0, 0.0, 0.0
Start
M5,30/04/22,10:05:35,   441,   634,   436,  895.5, 388, 0.0, 0.0, 0.0,  0, 0.0000,     0, 0.0, 0.0, 0.0, 20,     0,     1, 0.0000, 0.0000
M5,30/04/22,10:05:36,   441,   635,   436,  895.5, 388, 0.0, 0.0, 0.0,  0, 0.0000,     0, 0.0, 0.0, 0.0, 20,     0,     2, 0.0000, 0.0000
M5,30/04/22,10:05:37,   441,   636,   436,  895.5, 388, 0.0, 0.0, 0.0,  0, 0.0000,     0, 0.0, 0.0, 0.0, 20,    -0,     3, 0.0000, 0.0000
M5,30/04/22,10:05:38,   441,   637,   436,  895.5, 388, 0.0, 0.0, 0.0,  0, 0.0000,     0, 0.0, 0.0, 0.0, 20,     0,     4, 0.0000, 0.0000
M5,30/04/22,10:05:39,   441,   638,   436,  895.5, 388, 0.0, 0.0, 0.0,  0, 0.0000,     0, 0.0, 0.0, 0.0, 20,     0,     5, 0.0000, 0.0000
M5,30/04/22,10:05:40,   441,   639,   436,  895.5, 388, 0.0, 0.0, 0.0,  0, 0.0000,     0, 0.0, 0.0, 0.0, 20,     0,     6, 0.0000, 0.0000
M5,30/04/22,10:05:41,   441,   640,   436,  895.5, 389, 0.0, 0.0, 0.0,  0, 0.0000,     0, 0.0, 0.0, 0.0, 20,     0,     7, 0.0000, 0.0000
M5,30/04/22,10:05:42,   441,   641,   436,  895.5, 388, 0.0, 0.0, 0.0,  0, 0.0000,     0, 0.0, 0.0, 0.0, 20,     0,     8, 0.0000, 0.0000
M5,30/04/22,10:05:43,   441,   642,   436,  895.5, 388, 0.0, 0.0, 0.0,  0, 0.0000,     0, 0.0, 0.0, 0.0, 20,     0,     9, 0.0000, 0.0000
M5,30/04/22,10:05:44,   441,   643,   436,  895.5, 388, 0.0, 0.0, 0.0,  0, 0.0000,     0, 0.0, 0.0, 0.0, 25,     0,    10, 0.0000, 0.0000
M5,30/04/22,10:05:45,   441,   644,   436,  895.5, 388, 0.0, 0.0, 0.0,  0, 0.0000,     0, 0.0, 0.0, 0.0, 25,    -0,    11, 0.0000, 0.0000
M5,30/04/22,10:05:46,   441,   645,   436,  895.5, 388, 0.0, 0.0, 0.0,  0, 0.0000,     0, 0.0, 0.0, 0.0, 25,    -0,    12, 0.0000, 0.0000
M5,30/04/22,10:05:47,   441,   646,   436,  895.5, 388, 0.0, 0.0, 0.0, 21, 0.0000,     0, 0.0, 0.0, 0.0, 25,    -0,    13,-0.0566,-0.1875
M5,30/04/22,10:05:48,   441,   647,   436,  895.5, 388, 0.0, 0.0, 0.0, 21, 0.0000,     0, 0.0, 0.0, 0.0, 25,    -0,    14,-0.0382,-0.1407
M5,30/04/22,10:05:49,   441,   648,   436,  895.5, 387, 0.0, 0.0, 0.0, 21, 0.0000,     0, 0.0, 0.0, 0.0, 25,     0,    15,-0.0003,-0.1668
M5,30/04/22,10:05:50,   441,   649,   436,  895.5, 387, 0.0, 0.0, 0.0, 21, 0.0000,     0, 0.0, 0.0, 0.0, 25,     0,    16, 0.0476,-0.2008
M5,30/04/22,10:05:51,   441,   650,   436,  895.5, 387, 0.0, 0.0, 0.0, 21, 0.0000,     0, 0.0, 0.0, 0.0, 25,     0,    17, 0.0802,-0.1788
M5,30/04/22,10:05:52,   441,   651,   436,  895.5, 388, 0.0, 0.0, 0.0, 21, 0.0000,     0, 0.0, 0.0, 0.0, 25,     0,    18, 0.0908,-0.1093
M5,30/04/22,10:05:53,   441,   652,   436,  895.5, 388, 0.0, 0.0, 0.0, 21, 0.0000,     0, 0.0, 0.0, 0.0, 25,     0,    19, 0.0913,-0.0418
M5,30/04/22,10:05:54,   441,   653,   436,  895.5, 388, 0.0, 0.0, 0.0, 21, 0.0000,     0, 0.0, 0.0, 0.0, 25,     0,    20, 0.0874, 0.0113
M5,30/04/22,10:05:55,   441,   654,   436,  895.5, 388, 0.0, 0.0, 0.0,  0, 0.0000,     0, 0.0, 0.0, 0.0, 25,     0,    21, 0.0750, 0.0701
M5,30/04/22,10:05:56,   441,   655,   436,  895.5, 387, 0.0, 0.0, 0.0,  0, 0.0000,     0, 0.0, 0.0, 0.0, 25,     0,    22, 0.0579, 0.1226
M5,30/04/22,10:05:57,   441,   656,   436,  895.5, 387, 0.0, 0.0, 0.0,  0, 0.0000,     0, 0.0, 0.0, 0.0, 25,     0,    23, 0.0434, 0.1504
M5,30/04/22,10:05:58,   441,   657,   436,  895.5, 387, 0.0, 0.0, 0.0,  0, 0.0000,     0, 0.0, 0.0, 0.0, 25,    -0,    24, 0.0273, 0.1751
M5,30/04/22,10:05:59,   441,   658,   436,  895.5, 387, 0.0, 0.0, 0.0,  0, 0.0000,     0, 0.0, 0.0, 0.0, 25,     0,    25, 0.0205, 0.1631
M5,30/04/22,10:06:00,   441,   659,   436,  895.5, 388, 0.0, 0.0, 0.0,  0, 0.0000,     0, 0.0, 0.0, 0.0, 25,     0,    26, 0.0157, 0.1481
M5,30/04/22,10:06:01,   441,   660,   436,  895.5, 388, 0.0, 0.0, 0.0,  0, 0.0000,     0, 0.0, 0.0, 0.0, 25,     0,    27, 0.0120, 0.1331
M5,30/04/22,10:06:02,   441,   661,   436,  895.5, 387, 0.0, 0.0, 0.0,  0, 0.0000,     0, 0.0, 0.0, 0.0, 25,     0,    28, 0.0092, 0.1189
M5,30/04/22,10:06:03,   441,   662,   436,  895.5, 387, 0.0, 0.0, 0.0,  0, 0.0000,     0, 0.0, 0.0, 0.0, 25,     0,    29, 0.0071, 0.1059
M5,30/04/22,10:06:04,   441,   663,   436,  895.5, 388, 0.0, 0.0, 0.0,  0, 0.0000,     0, 0.0, 0.0, 0.0, 25,    -0,    30, 0.0026, 0.1033
M5,30/04/22,10:06:05,   441,   664,   436,  895.5, 388, 0.0, 0.0, 0.0,  0, 0.0000,     0, 0.0, 0.0, 0.0, 25,    -0,    31,-0.0009, 0.0981
M5,30/04/22,10:06:06,   441,   665,   436,  895.5, 388, 0.0, 0.0, 0.0,  0, 0.0000,     0, 0.0, 0.0, 0.0, 25,    -0,    32,-0.0035, 0.0910
M5,30/04/22,10:06:07,   441,   666,   435,  895.5, 388, 0.0, 0.0, 0.0,  0, 0.0000,     0, 0.0, 0.0, 0.0, 25,    -0,    33,-0.0081, 0.0921
M5,30/04/22,10:06:08,   441,   667,   435,  895.5, 388, 0.0, 0.0, 0.0,  0, 0.0000,     0, 0.0, 0.0, 0.0, 25,    -1,    34,-0.0134, 0.0954
M5,30/04/22,10:06:09,   441,   668,   435,  895.5, 388, 0.0, 0.0, 0.0,  0, 0.0000,     0, 0.0, 0.0, 0.0, 25,    -1,    35,-0.0176, 0.0942
M5,30/04/22,10:06:10,   441,   669,   435,  895.5, 388, 0.0, 0.0, 0.0,  0, 0.0000,     0, 0.0, 0.0, 0.0, 25,    -1,    36,-0.0208, 0.0896
M5,30/04/22,10:06:11,   441,   670,   435,  895.5, 388, 0.0, 0.0, 0.0,  0, 0.0000,     0, 0.0, 0.0, 0.0, 25,    -1,    37,-0.0232, 0.0831
M5,30/04/22,10:06:12,   441,   671,   435,  895.5, 388, 0.0, 0.0, 0.0,  0, 0.0000,     0, 0.0, 0.0, 0.0, 25,    -0,    38,-0.0236, 0.0708
M5,30/04/22,10:06:13,   441,   672,   435,  895.5, 388, 0.0, 0.0, 0.0,  0, 0.0000,     0, 0.0, 0.0, 0.0, 25,    -0,    39,-0.0235, 0.0584
M5,30/04/22,10:06:14,   441,   673,   435,  895.5, 388, 0.0, 0.0, 0.0,  0, 0.0000,     0, 0.0, 0.0, 0.0, 25,    -0,    40,-0.0232, 0.0474
M5,30/04/22,10:06:15,   441,   674,   436,  895.5, 388, 0.0, 0.0, 0.0,  0, 0.0000,     0, 0.0, 0.0, 0.0, 25,    -0,    41,-0.0219, 0.0345
M5,30/04/22,10:06:16,   441,   675,   436,  895.5, 387, 0.0, 0.0, 0.0,  0, 0.0000,     0, 0.0, 0.0, 0.0, 25,    -0,    42,-0.0203, 0.0224
M5,30/04/22,10:06:17,   441,   676,   436,  895.5, 387, 0.0, 0.0, 0.0,  0, 0.0000,     0, 0.0, 0.0, 0.0, 25,     0,    43,-0.0175, 0.0075
M5,30/04/22,10:06:18,   441,   677,   436,  895.5, 387, 0.0, 0.0, 0.0,  0, 0.0000,     0, 0.0, 0.0, 0.0, 25,     0,    44,-0.0142,-0.0071
M5,30/04/22,10:06:19,   441,   678,   436,  895.5, 387, 0.0, 0.0, 0.0, 21, 0.0000,     0, 0.0, 0.0, 0.0, 25,     0,    45,-0.0113,-0.0183
M5,30/04/22,10:06:20,   441,   679,   436,  895.5, 387, 0.0, 0.0, 0.0, 21, 0.0000,     0, 0.0, 0.0, 0.0, 25,     0,    46,-0.0089,-0.0262
M5,30/04/22,10:06:21,   441,   680,   436,  895.5, 387, 0.0, 0.0, 0.0, 21, 0.0000,     0, 0.0, 0.0, 0.0, 25,     0,    47,-0.0068,-0.0323
M5,30/04/22,10:06:22,   441,   681,   436,  895.5, 387, 0.0, 0.0, 0.0, 21, 0.0000,     0, 0.0, 0.0, 0.0, 25,     0,    48,-0.0056,-0.0342
M5,30/04/22,10:06:23,   441,   682,   436,  895.5, 388, 0.0, 0.0, 0.0, 21, 0.0000,     0, 0.0, 0.0, 0.0, 25,     0,    49,-0.0039,-0.0374
M5,30/04/22,10:06:24,   441,   683,   436,  895.5, 388, 0.0, 0.0, 0.0, 21, 0.0000,     0, 0.0, 0.0, 0.0, 25,     0,    50,-0.0018,-0.0422
M5,30/04/22,10:06:25,   441,   684,   436,  895.5, 388, 0.0, 0.0, 0.0, 21, 0.0000,     0, 0.0, 0.0, 0.0, 25,     0,    51, 0.0002,-0.0458
M5,30/04/22,10:06:26,   441,   685,   436,  895.5, 387, 0.0, 0.0, 0.0, 21, 0.0000,     0, 0.0, 0.0, 0.0, 25,     0,    52, 0.0016,-0.0465
M5,30/04/22,10:06:27,   441,   686,   436,  895.5, 387, 0.0, 0.0, 0.0, 21, 0.0000,     0, 0.0, 0.0, 0.0, 25,     0,    53, 0.0028,-0.0469
M5,30/04/22,10:06:28,   441,   687,   436,  895.5, 388, 0.0, 0.0, 0.0, 21, 0.0000,     0, 0.0, 0.0, 0.0, 25,     1,    54, 0.0046,-0.0491
M5,30/04/22,10:06:29,   441,   688,   437,  895.5, 388, 0.0, 0.0, 0.0, 21, 0.0000,     0, 0.0, 0.0, 0.0, 25,     1,    55, 0.0069,-0.0533
M5,30/04/22,10:06:30,   441,   689,   437,  895.5, 388, 0.0, 0.0, 0.0, 21, 0.0000,     0, 0.0, 0.0, 0.0, 25,     1,    56, 0.0091,-0.0562
M5,30/04/22,10:06:31,   441,   690,   437,  895.5, 388, 0.0, 0.0, 0.0, 21, 0.0000,     0, 0.0, 0.0, 0.0, 25,     1,    57, 0.0109,-0.0579
M5,30/04/22,10:06:32,   441,   691,   437,  895.5, 388, 0.0, 0.0, 0.0, 21, 0.0000,     0, 0.0, 0.0, 0.0, 25,     1,    58, 0.0125,-0.0585
M5,30/04/22,10:06:33,   441,   692,   437,  895.5, 388, 0.0, 0.0, 0.0, 21, 0.0000,     0, 0.0, 0.0, 0.0, 25,     1,    59, 0.0145,-0.0601
M5,30/04/22,10:06:34,   441,   693,   437,  895.5, 388, 0.0, 0.0, 0.0, 21, 0.0000,     0, 0.0, 0.0, 0.0, 25,     1,    60, 0.0166,-0.0625
M5,30/04/22,10:06:35,   441,   694,   437,  895.5, 388, 0.0, 0.0, 0.0, 20, 0.0000,     0, 0.0, 0.0, 0.0, 25,     1,    60, 0.0166,-0.0625
M5,30/04/22,10:06:36,   441,   695,   437,  895.5, 388, 0.0, 0.0, 0.0, 20, 0.0000,     0, 0.0, 0.0, 0.0, 25,     1,    60, 0.0166,-0.0625
M5,30/04/22,10:06:37,   441,   696,   437,  895.5, 388, 0.0, 0.0, 0.0, 20, 0.0000,     0, 0.0, 0.0, 0.0, 25,     1,    60, 0.0166,-0.0625
M5,30/04/22,10:06:38,   441,   697,   437,  895.5, 388, 0.0, 0.0, 0.0, 20, 0.0000,     0, 0.0, 0.0, 0.0, 25,     1,    60, 0.0166,-0.0625
M5,30/04/22,10:06:39,   441,   698,   437,  895.5, 389, 0.0, 0.0, 0.0, 20, 0.0000,     0, 0.0, 0.0, 0.0, 25,     1,    60, 0.0166,-0.0625
M5,30/04/22,10:06:40,   441,   699,   437,  895.5, 388, 0.0, 0.0, 0.0, 20, 0.0000,     0, 0.0, 0.0, 0.0, 25,     1,    60, 0.0166,-0.0625
M5,30/04/22,10:06:41,   441,   700,   437,  895.5, 388, 0.0, 0.0, 0.0, 20, 0.0000,     0, 0.0, 0.0, 0.0, 25,     1,    60, 0.0166,-0.0625
M5,30/04/22,10:06:42,   441,   701,   437,  895.5, 388, 0.0, 0.0, 0.0, 20, 0.0000,     0, 0.0, 0.0, 0.0, 25,     1,    60, 0.0166,-0.0625
M5,30/04/22,10:06:43,   441,   702,   437,  895.5, 388, 0.0, 0.0, 0.0, 20, 0.0000,     0, 0.0, 0.0, 0.0, 25,     1,    60, 0.0166,-0.0625
M5,30/04/22,10:06:44,   441,   703,   436,  895.5, 388, 0.0, 0.0, 0.0, 20, 0.0000,     0, 0.0, 0.0, 0.0, 25,     1,    60, 0.0166,-0.0625
M5,30/04/22,10:06:45,   441,   704,   436,  895.5, 388, 0.0, 0.0, 0.0, 20, 0.0000,     0, 0.0, 0.0, 0.0, 25,     1,    60, 0.0166,-0.0625
M5,30/04/22,10:06:46,   441,   705,   436,  895.5, 388, 0.0, 0.0, 0.0, 20, 0.0000,     0, 0.0, 0.0, 0.0, 25,     1,    60, 0.0166,-0.0625
M5,30/04/22,10:06:47,   441,   706,   436,  895.5, 388, 0.0, 0.0, 0.0, 20, 0.0000,     0, 0.0, 0.0, 0.0, 25,     1,    60, 0.0166,-0.0625
M5,30/04/22,10:06:48,   441,   707,   436,  895.5, 388, 0.0, 0.0, 0.0, 20, 0.0000,     0, 0.0, 0.0, 0.0, 25,     1,    60, 0.0166,-0.0625
M5,30/04/22,10:06:49,   441,   708,   436,  895.5, 388, 0.0, 0.0, 0.0, 20, 0.0000,     0, 0.0, 0.0, 0.0, 25,     1,    60, 0.0166,-0.0625
M5,30/04/22,10:06:50,   441,   709,   436,  895.5, 387, 0.0, 0.0, 0.0, 20, 0.0000,     0, 0.0, 0.0, 0.0, 25,     1,    60, 0.0166,-0.0625
M5,30/04/22,10:06:51,   441,   710,   436,  895.5, 388, 0.0, 0.0, 0.0, 20, 0.0000,     0, 0.0, 0.0, 0.0, 25,     1,    60, 0.0166,-0.0625
M5,30/04/22,10:06:52,   441,   711,   437,  895.5, 388, 0.0, 0.0, 0.0, 20, 0.0000,     0, 0.0, 0.0, 0.0, 25,     1,    60, 0.0166,-0.0625
M5,30/04/22,10:06:53,   441,   712,   438,  895.5, 388, 0.0, 0.0, 0.0, 20, 0.0000,     0, 0.0, 0.0, 0.0, 25,     1,    60, 0.0166,-0.0625
R5,30/04/22,10:06:34,   441,   693,   437,  895.5, 388, 0.0, 0.0, 0.0, 21, 0.0000,     0, 0.0, 0.0, 0.0, 25,     1,    60, 0.0166,-0.0625
End
M3,30/04/22,10:07:00,   441,   719,   439,  895.5, 388, 0.0, 0.0, 0.0,  0, 0.0000,     0, 0.0, 0.0, 0.0
M3,30/04/22,10:07:05,   442,   724,   440,  895.5, 388, 0.0, 0.0, 0.0,  0, 0.0000,     0, 0.0, 0.0, 0.0
M3,30/04/22,10:07:10,   442,   729,   441,  895.5, 388, 0.0, 0.0, 0.0,  0, 0.0000,     0, 0.0, 0.0, 0.0
M3,30/04/22,10:07:15,   442,   734,   446,  895.5, 387, 0.0, 0.0, 0.0,  0, 0.0000,     0, 0.0, 0.0, 0.0
M3,30/04/22,10:07:20,   442,   739,   450,  895.5, 388, 0.0, 0.0, 0.0,  0, 0.0000,     0, 0.0, 0.0, 0.0
M3,30/04/22,10:07:25,   442,   744,   453,  895.5, 388, 0.0, 0.0, 0.0,  0, 0.0000,     0, 0.0, 0.0, 0.0
M3,30/04/22,10:07:30,   442,   749,   455,  895.5, 388, 0.0, 0.0, 0.0,  0, 0.0000,     0, 0.0, 0.0, 0.0
M3,30/04/22,10:07:35,   442,   754,   456,  895.5, 388, 0.0, 0.0, 0.0,  0, 0.0000,     0, 0.0, 0.0, 0.0
Start
M5,30/04/22,10:07:40,   442,   759,   456,  895.5, 388, 0.0, 0.0, 0.0,  0, 0.0000,     0, 0.0, 0.0, 0.0, 20,     1,     1, 0.0000, 0.0000
M5,30/04/22,10:07:41,   442,   760,   457,  895.5, 388, 0.0, 0.0, 0.0,  0, 0.0000,     0, 0.0, 0.0, 0.0, 20,     2,     2, 0.0000, 0.0000
M5,30/04/22,10:07:42,   442,   761,   457,  895.5, 389, 0.0, 0.0, 0.0,  0, 0.0000,     0, 0.0, 0.0, 0.0, 20,     2,     3, 0.0000, 0.0000
M5,30/04/22,10:07:43,   442,   762,   457,  895.5, 390, 0.0, 0.0, 0.0,  0, 0.0000,     0, 0.0, 0.0, 0.0, 20,     2,     4, 0.0000, 0.0000
M5,30/04/22,10:07:44,   442,   763,   456,  895.5, 389, 0.0, 0.0, 0.0,  0, 0.0000,     0, 0.0, 0.0, 0.0, 20,     1,     5, 0.0000, 0.0000
M5,30/04/22,10:07:45,   442,   764,   456,  895.5, 390, 0.0, 0.0, 0.0,  0, 0.0000,     0, 0.0, 0.0, 0.0, 20,     1,     6, 0.0000, 0.0000
M5,30/04/22,10:07:46,   442,   765,   455,  895.5, 390, 0.0, 0.0, 0.0,  0, 0.0000,     0, 0.0, 0.0, 0.0, 20,     0,     7, 0.0000, 0.0000
M5,30/04/22,10:07:47,   442,   766,   455,  895.5, 390, 0.0, 0.0, 0.0,  0, 0.0000,     0, 0.0, 0.0, 0.0, 20,    -0,     8, 0.0000, 0.0000
M5,30/04/22,10:07:48,   442,   767,   455,  895.5, 390, 0.0, 0.0, 0.0,  0, 0.0000,     0, 0.0, 0.0, 0.0, 20,    -1,     9, 0.0000, 0.0000
M5,30/04/22,10:07:49,   442,   768,   454,  895.5, 390, 0.0, 0.0, 0.0,  0, 0.0000,     0, 0.0, 0.0, 0.0, 25,    -1,    10, 0.0000, 0.0000
M5,30/04/22,10:07:50,   442,   769,   454,  895.5, 390, 0.0, 0.0, 0.0,  0, 0.0000,     0, 0.0, 0.0, 0.0, 25,    -1,    11, 0.0000, 0.0000
M5,30/04/22,10:07:51,   442,   770,   454,  895.5, 390, 0.0, 0.0, 0.0,  0, 0.0000,     0, 0.0, 0.0, 0.0, 25,    -2,    12, 0.0000, 0.0000
M5,30/04/22,10:07:52,   442,   771,   453,  895.5, 389, 0.0, 0.0, 0.0, 21, 0.0000,     0, 0.0, 0.0, 0.0, 25,    -2,    13,-0.3615,-0.3508
M5,30/04/22,10:07:53,   442,   772,   453,  895.5, 389, 0.0, 0.0, 0.0, 21, 0.0000,     0, 0.0, 0.0, 0.0, 25,    -2,    14,-0.3842,-0.3153
M5,30/04/22,10:07:54,   442,   773,   453,  895.5, 389, 0.0, 0.0, 0.0, 21, 0.0000,     0, 0.0, 0.0, 0.0, 25,    -3,    15,-0.4031,-0.3116
M5,30/04/22,10:07:55,   442,   774,   452,  895.5, 389, 0.0, 0.0, 0.0, 21, 0.0000,     0, 0.0, 0.0, 0.0, 25,    -3,    16,-0.4201,-0.3148
M5,30/04/22,10:07:56,   442,   775,   452,  895.5, 389, 0.0, 0.0, 0.0, 21, 0.0000,     0, 0.0, 0.0, 0.0, 25,    -3,    17,-0.4144,-0.3729
M5,30/04/22,10:07:57,   442,   776,   452,  895.5, 389, 0.0, 0.0, 0.0, 21, 0.0000,     0, 0.0, 0.0, 0.0, 25,    -3,    18,-0.3870,-0.4606
M5,30/04/22,10:07:58,   442,   777,   452,  895.5, 389, 0.0, 0.0, 0.0, 21, 0.0000,     0, 0.0, 0.0, 0.0, 25,    -3,    19,-0.3521,-0.5314
M5,30/04/22,10:07:59,   442,   778,   452,  895.5, 389, 0.0, 0.0, 0.0, 21, 0.0000,     0, 0.0, 0.0, 0.0, 25,    -4,    20,-0.3268,-0.5468
M5,30/04/22,10:08:00,   442,   779,   452,  895.5, 389, 0.0, 0.0, 0.0, 21, 0.0000,     0, 0.0, 0.0, 0.0, 25,    -4,    21,-0.3005,-0.5593
M5,30/04/22,10:08:01,   442,   780,   452,  895.5, 388, 0.0, 0.0, 0.0, 21, 0.0000,     0, 0.0, 0.0, 0.0, 25,    -4,    22,-0.2812,-0.5466
M5,30/04/22,10:08:02,   442,   781,   452,  895.5, 389, 0.0, 0.0, 0.0, 21, 0.0000,     0, 0.0, 0.0, 0.0, 25,    -4,    23,-0.2566,-0.5542
M5,30/04/22,10:08:03,   442,   782,   452,  895.5, 389, 0.0, 0.0, 0.0, 21, 0.0000,     0, 0.0, 0.0, 0.0, 25,    -3,    24,-0.2298,-0.5664
M5,30/04/22,10:08:04,   442,   783,   452,  895.5, 389, 0.0, 0.0, 0.0, 21, 0.0000,     0, 0.0, 0.0, 0.0, 25,    -3,    25,-0.2047,-0.5699
M5,30/04/22,10:08:05,   442,   784,   452,  895.5, 389, 0.0, 0.0, 0.0, 21, 0.0000,     0, 0.0, 0.0, 0.0, 25,    -3,    26,-0.1833,-0.5603
M5,30/04/22,10:08:06,   442,   785,   452,  895.5, 389, 0.0, 0.0, 0.0, 21, 0.0000,     0, 0.0, 0.0, 0.0, 25,    -4,    27,-0.1701,-0.5267
M5,30/04/22,10:08:07,   442,   786,   452,  895.5, 389, 0.0, 0.0, 0.0, 21, 0.0000,     0, 0.0, 0.0, 0.0, 25,    -4,    28,-0.1608,-0.4884
M5,30/04/22,10:08:08,   442,   787,   452,  895.5, 389, 0.0, 0.0, 0.0, 21, 0.0000,     0, 0.0, 0.0, 0.0, 25,    -4,    29,-0.1518,-0.4576
M5,30/04/22,10:08:09,   442,   788,   452,  895.5, 389, 0.0, 0.0, 0.0, 21, 0.0000,     0, 0.0, 0.0, 0.0, 25,    -4,    30,-0.1404,-0.4420
M5,30/04/22,10:08:10,   442,   789,   452,  895.5, 389, 0.0, 0.0, 0.0, 21, 0.0000,     0, 0.0, 0.0, 0.0, 25,    -4,    31,-0.1299,-0.4266
M5,30/04/22,10:08:11,   442,   790,   452,  895.5, 389, 0.0, 0.0, 0.0, 21, 0.0000,     0, 0.0, 0.0, 0.0, 25,    -4,    32,-0.1204,-0.4109
M5,30/04/22,10:08:12,   442,   791,   452,  895.5, 390, 0.0, 0.0, 0.0, 21, 0.0000,     0, 0.0, 0.0, 0.0, 25,    -4,    33,-0.1139,-0.3879
M5,30/04/22,10:08:13,   442,   792,   452,  895.5, 390, 0.0, 0.0, 0.0, 21, 0.0000,     0, 0.0, 0.0, 0.0, 25,    -4,    34,-0.1081,-0.3669
M5,30/04/22,10:08:14,   442,   793,   451,  895.5, 390, 0.0, 0.0, 0.0, 21, 0.0000,     0, 0.0, 0.0, 0.0, 25,    -4,    35,-0.1045,-0.3421
M5,30/04/22,10:08:15,   442,   794,   451,  895.5, 389, 0.0, 0.0, 0.0, 21, 0.0000,     0, 0.0, 0.0, 0.0, 25,    -4,    36,-0.1009,-0.3213
M5,30/04/22,10:08:16,   442,   795,   451,  895.5, 389, 0.0, 0.0, 0.0, 21, 0.0000,     0, 0.0, 0.0, 0.0, 25,    -4,    37,-0.0966,-0.3069
M5,30/04/22,10:08:17,   442,   796,   452,  895.5, 389, 0.0, 0.0, 0.0, 21, 0.0000,     0, 0.0, 0.0, 0.0, 25,    -4,    38,-0.0908,-0.2998
M5,30/04/22,10:08:18,   442,   797,   452,  895.5, 389, 0.0, 0.0, 0.0, 21, 0.0000,     0, 0.0, 0.0, 0.0, 25,    -4,    39,-0.0846,-0.2954
M5,30/04/22,10:08:19,   442,   798,   452,  895.5, 388, 0.0, 0.0, 0.0, 21, 0.0000,     0, 0.0, 0.0, 0.0, 25,    -3,    40,-0.0775,-0.2945
M5,30/04/22,10:08:20,   442,   799,   452,  895.5, 388, 0.0, 0.0, 0.0, 21, 0.0000,     0, 0.0, 0.0, 0.0, 25,    -3,    41,-0.0712,-0.2912
M5,30/04/22,10:08:21,   442,   800,   452,  895.5, 388, 0.0, 0.0, 0.0, 21, 0.0000,     0, 0.0, 0.0, 0.0, 25,    -3,    42,-0.0656,-0.2859
M5,30/04/22,10:08:22,   442,   801,   452,  895.5, 388, 0.0, 0.0, 0.0, 21, 0.0000,     0, 0.0, 0.0, 0.0, 25,    -3,    43,-0.0606,-0.2792
M5,30/04/22,10:08:23,   442,   802,   452,  895.5, 389, 0.0, 0.0, 0.0, 21, 0.0000,     0, 0.0, 0.0, 0.0, 25,    -4,    44,-0.0572,-0.2677
M5,30/04/22,10:08:24,   442,   803,   452,  895.5, 389, 0.0, 0.0, 0.0, 21, 0.0000,     0, 0.0, 0.0, 0.0, 25,    -4,    45,-0.0541,-0.2565
M5,30/04/22,10:08:25,   442,   804,   452,  895.5, 390, 0.0, 0.0, 0.0, 21, 0.0000,     0, 0.0, 0.0, 0.0, 25,    -4,    46,-0.0513,-0.2458
M5,30/04/22,10:08:26,   442,   805,   452,  895.5, 390, 0.0, 0.0, 0.0, 21, 0.0000,     0, 0.0, 0.0, 0.0, 25,    -4,    47,-0.0487,-0.2357
M5,30/04/22,10:08:27,   442,   806,   452,  895.5, 390, 0.0, 0.0, 0.0, 21, 0.0000,     0, 0.0, 0.0, 0.0, 25,    -4,    48,-0.0462,-0.2261
M5,30/04/22,10:08:28,   442,   807,   452,  895.5, 390, 0.0, 0.0, 0.0, 21, 0.0000,     0, 0.0, 0.0, 0.0, 25,    -4,    49,-0.0448,-0.2142
M5,30/04/22,10:08:29,   442,   808,   451,  895.5, 390, 0.0, 0.0, 0.0, 21, 0.0000,     0, 0.0, 0.0, 0.0, 25,    -4,    50,-0.0442,-0.2006
M5,30/04/22,10:08:30,   442,   809,   451,  895.5, 390, 0.0, 0.0, 0.0, 21, 0.0000,     0, 0.0, 0.0, 0.0, 25,    -4,    51,-0.0436,-0.1884
M5,30/04/22,10:08:31,   442,   810,   451,  895.5, 390, 0.0, 0.0, 0.0, 21, 0.0000,     0, 0.0, 0.0, 0.0, 25,    -4,    52,-0.0430,-0.1777
M5,30/04/22,10:08:32,   442,   811,   451,  895.5, 390, 0.0, 0.0, 0.0, 21, 0.0000,     0, 0.0, 0.0, 0.0, 25,    -4,    53,-0.0423,-0.1684
M5,30/04/22,10:08:33,   442,   812,   451,  895.5, 389, 0.0, 0.0, 0.0, 21, 0.0000,     0, 0.0, 0.0, 0.0, 25,    -4,    54,-0.0416,-0.1603
M5,30/04/22,10:08:34,   442,   813,   451,  895.5, 390, 0.0, 0.0, 0.0, 21, 0.0000,     0, 0.0, 0.0, 0.0, 25,    -4,    55,-0.0409,-0.1529
M5,30/04/22,10:08:35,   442,   814,   451,  895.5, 391, 0.0, 0.0, 0.0, 21, 0.0000,     0, 0.0, 0.0, 0.0, 25,    -4,    56,-0.0396,-0.1484
M5,30/04/22,10:08:36,   442,   815,   452,  895.5, 391, 0.0, 0.0, 0.0, 21, 0.0000,     0, 0.0, 0.0, 0.0, 25,    -4,    57,-0.0383,-0.1444
M5,30/04/22,10:08:37,   442,   816,   452,  895.5, 390, 0.0, 0.0, 0.0, 21, 0.0000,     0, 0.0, 0.0, 0.0, 25,    -4,    58,-0.0371,-0.1406
M5,30/04/22,10:08:38,   442,   817,   452,  895.5, 390, 0.0, 0.0, 0.0, 21, 0.0000,     0, 0.0, 0.0, 0.0, 25,    -4,    59,-0.0359,-0.1370
M5,30/04/22,10:08:39,   442,   818,   451,  895.5, 390, 0.0, 0.0, 0.0, 21, 0.0000,     0, 0.0, 0.0, 0.0, 25,    -4,    60,-0.0352,-0.1319
M5,30/04/22,10:08:40,   442,   819,   451,  895.5, 391, 0.0, 0.0, 0.0, 20, 0.0000,     0, 0.0, 0.0, 0.0, 25,    -4,    60,-0.0352,-0.1319
M5,30/04/22,10:08:41,   442,   820,   451,  895.5, 391, 0.0, 0.0, 0.0, 20, 0.0000,     0, 0.0, 0.0, 0.0, 25,    -4,    60,-0.0352,-0.1319
M5,30/04/22,10:08:42,   442,   821,   451,  895.5, 391, 0.0, 0.0, 0.0, 20, 0.0000,     0, 0.0, 0.0, 0.0, 25,    -4,    60,-0.0352,-0.1319
R5,30/04/22,10:08:39,   442,   818,   451,  895.5, 390, 0.0, 0.0, 0.0, 21, 0.0000,     0, 0.0, 0.0, 0.0, 25,    -4,    60,-0.0352,-0.1319
End
M3,30/04/22,10:08:46,   442,   825,   451,  895.5, 389, 0.0, 0.0, 0.0,  0, 0.0000,     0, 0.0, 0.0, 0.0
M3,30/04/22,10:08:51,   442,   830,   451,  895.5, 389, 0.0, 0.0, 0.0,  0, 0.0000,     0, 0.0, 0.0, 0.0
M3,30/04/22,10:08:56,   443,   835,   450,  895.5, 389, 0.0, 0.0, 0.0,  0, 0.0000,     0, 0.0, 0.0, 0.0
M3,30/04/22,10:09:01,   443,   840,   450,  895.5, 390, 0.0, 0.0, 0.0,  0, 0.0000,     0, 0.0, 0.0, 0.0
M3,30/04/22,10:09:06,   443,   845,   450,  895.5, 392, 0.0, 0.0, 0.0,  0, 0.0000,     0, 0.0, 0.0, 0.0
M3,30/04/22,10:09:11,   443,   850,   446,  895.5, 391, 0.0, 0.0, 0.0,  0, 0.0000,     0, 0.0, 0.0, 0.0
M3,30/04/22,10:09:16,   443,   855,   445,  895.5, 389, 0.0, 0.0, 0.0,  0, 0.0000,     0, 0.0, 0.0, 0.0
M3,30/04/22,10:09:21,   443,   860,   445,  895.5, 389, 0.0, 0.0, 0.0,  0, 0.0000,     0, 0.0, 0.0, 0.0
M3,30/04/22,10:09:26,   443,   865,   442,  895.5, 389, 0.0, 0.0, 0.0,  0, 0.0000,     0, 0.0, 0.0, 0.0
M3,30/04/22,10:09:31,   443,   870,   442,  895.5, 389, 0.0, 0.0, 0.0,  0, 0.0000,     0, 0.0, 0.0, 0.0
M3,30/04/22,10:09:36,   443,   875,   439,  895.5, 390, 0.0, 0.0, 0.0,  0, 0.0000,     0, 0.0, 0.0, 0.0
Start
M5,30/04/22,10:09:42,   443,   881,   451,  895.5, 390, 0.0, 0.0, 0.0,  0, 0.0000,     0, 0.0, 0.0, 0.0, 20,     3,     1, 0.0000, 0.0000
M5,30/04/22,10:09:43,   443,   882,   454,  895.5, 390, 0.0, 0.0, 0.0,  0, 0.0000,     0, 0.0, 0.0, 0.0, 20,     6,     2, 0.0000, 0.0000
M5,30/04/22,10:09:44,   443,   883,   457,  895.5, 390, 0.0, 0.0, 0.0,  0, 0.0000,     0, 0.0, 0.0, 0.0, 20,     9,     3, 0.0000, 0.0000
M5,30/04/22,10:09:45,   443,   884,   459,  895.5, 390, 0.0, 0.0, 0.0,  0, 0.0000,     0, 0.0, 0.0, 0.0, 20,    10,     4, 0.0000, 0.0000
M5,30/04/22,10:09:46,   443,   885,   459,  895.5, 389, 0.0, 0.0, 0.0,  0, 0.0000,     0, 0.0, 0.0, 0.0, 20,    11,     5, 0.0000, 0.0000
M5,30/04/22,10:09:47,   443,   886,   459,  895.5, 389, 0.0, 0.0, 0.0,  0, 0.0000,     0, 0.0, 0.0, 0.0, 20,    11,     6, 0.0000, 0.0000
M5,30/04/22,10:09:48,   443,   887,   459,  895.5, 390, 0.0, 0.0, 0.0,  0, 0.0000,     0, 0.0, 0.0, 0.0, 20,    11,     7, 0.0000, 0.0000
M5,30/04/22,10:09:49,   443,   888,   459,  895.5, 390, 0.0, 0.0, 0.0,  0, 0.0000,     0, 0.0, 0.0, 0.0, 20,    11,     8, 0.0000, 0.0000
M5,30/04/22,10:09:50,   443,   889,   458,  895.5, 389, 0.0, 0.0, 0.0,  0, 0.0000,     0, 0.0, 0.0, 0.0, 20,    10,     9, 0.0000, 0.0000
M5,30/04/22,10:09:51,   443,   890,   458,  895.5, 389, 0.0, 0.0, 0.0,  0, 0.0000,     0, 0.0, 0.0, 0.0, 25,    10,    10, 0.0000, 0.0000
M5,30/04/22,10:09:52,   443,   891,   458,  895.5, 389, 0.0, 0.0, 0.0,  0, 0.0000,     0, 0.0, 0.0, 0.0, 25,    10,    11, 0.0000, 0.0000
M5,30/04/22,10:09:53,   443,   892,   458,  895.5, 389, 0.0, 0.0, 0.0,  0, 0.0000,     0, 0.0, 0.0, 0.0, 25,    10,    12, 0.0000, 0.0000
M5,30/04/22,10:09:54,   443,   893,   458,  895.5, 389, 0.0, 0.0, 0.0, 21, 0.0000,     0, 0.0, 0.0, 0.0, 25,    10,    13, 0.1588,-0.2602
M5,30/04/22,10:09:55,   443,   894,   459,  895.5, 389, 0.0, 0.0, 0.0, 21, 0.0000,     0, 0.0, 0.0, 0.0, 25,    11,    14, 0.2786,-0.2234
M5,30/04/22,10:09:56,   443,   895,   459,  895.5, 389, 0.0, 0.0, 0.0, 21, 0.0000,     0, 0.0, 0.0, 0.0, 25,    11,    15, 0.3537,-0.1162
M5,30/04/22,10:09:57,   443,   896,   460,  895.5, 389, 0.0, 0.0, 0.0, 21, 0.0000,     0, 0.0, 0.0, 0.0, 25,    12,    16, 0.4055,-0.0178
M5,30/04/22,10:09:58,   443,   897,   460,  895.5, 389, 0.0, 0.0, 0.0, 21, 0.0000,     0, 0.0, 0.0, 0.0, 25,    12,    17, 0.4412, 0.0694
M5,30/04/22,10:09:59,   443,   898,   461,  895.5, 390, 0.0, 0.0, 0.0, 21, 0.0000,     0, 0.0, 0.0, 0.0, 25,    13,    18, 0.4689, 0.1365
M5,30/04/22,10:10:00,   443,   899,   461,  895.5, 390, 0.0, 0.0, 0.0, 21, 0.0000,     0, 0.0, 0.0, 0.0, 25,    13,    19, 0.4772, 0.2279
M5,30/04/22,10:10:01,   443,   900,   461,  895.5, 389, 0.0, 0.0, 0.0, 21, 0.0000,     0, 0.0, 0.0, 0.0, 25,    13,    20, 0.4809, 0.2963
M5,30/04/22,10:10:02,   443,   901,   462,  895.5, 389, 0.0, 0.0, 0.0,  0, 0.0000,     0, 0.0, 0.0, 0.0, 25,    14,    21, 0.4819, 0.3473
M5,30/04/22,10:10:03,   443,   902,   462,  895.5, 389, 0.0, 0.0, 0.0,  0, 0.0000,     0, 0.0, 0.0, 0.0, 25,    14,    22, 0.4772, 0.3980
M5,30/04/22,10:10:04,   443,   903,   462,  895.5, 389, 0.0, 0.0, 0.0,  0, 0.0000,     0, 0.0, 0.0, 0.0, 25,    14,    23, 0.4719, 0.4345
M5,30/04/22,10:10:05,   443,   904,   463,  895.5, 389, 0.0, 0.0, 0.0,  0, 0.0000,     0, 0.0, 0.0, 0.0, 25,    15,    24, 0.4702, 0.4488
M5,30/04/22,10:10:06,   443,   905,   463,  895.5, 389, 0.0, 0.0, 0.0,  0, 0.0000,     0, 0.0, 0.0, 0.0, 25,    15,    25, 0.4736, 0.4428
M5,30/04/22,10:10:07,   443,   906,   464,  895.5, 389, 0.0, 0.0, 0.0,  0, 0.0000,     0, 0.0, 0.0, 0.0, 25,    16,    26, 0.4739, 0.4486
M5,30/04/22,10:10:08,   443,   907,   464,  895.5, 389, 0.0, 0.0, 0.0,  0, 0.0000,     0, 0.0, 0.0, 0.0, 25,    16,    27, 0.4698, 0.4669
M5,30/04/22,10:10:09,   443,   908,   464,  895.5, 389, 0.0, 0.0, 0.0,  0, 0.0000,     0, 0.0, 0.0, 0.0, 25,    16,    28, 0.4642, 0.4858
M5,30/04/22,10:10:10,   443,   909,   465,  895.5, 389, 0.0, 0.0, 0.0,  0, 0.0000,     0, 0.0, 0.0, 0.0, 25,    17,    29, 0.4622, 0.4884
M5,30/04/22,10:10:11,   443,   910,   465,  895.5, 389, 0.0, 0.0, 0.0,  0, 0.0000,     0, 0.0, 0.0, 0.0, 25,    17,    30, 0.4653, 0.4736
M5,30/04/22,10:10:12,   443,   911,   466,  895.5, 389, 0.0, 0.0, 0.0,  0, 0.0000,     0, 0.0, 0.0, 0.0, 25,    18,    31, 0.4673, 0.4655
M5,30/04/22,10:10:13,   443,   912,   466,  895.5, 389, 0.0, 0.0, 0.0,  0, 0.0000,     0, 0.0, 0.0, 0.0, 25,    18,    32, 0.4641, 0.4766
M5,30/04/22,10:10:14,   443,   913,   466,  895.5, 389, 0.0, 0.0, 0.0,  0, 0.0000,     0, 0.0, 0.0, 0.0, 25,    18,    33, 0.4591, 0.4918
M5,30/04/22,10:10:15,   443,   914,   466,  895.5, 389, 0.0, 0.0, 0.0,  0, 0.0000,     0, 0.0, 0.0, 0.0, 25,    18,    34, 0.4544, 0.5029
M5,30/04/22,10:10:16,   443,   915,   467,  895.5, 388, 0.0, 0.0, 0.0,  0, 0.0000,     0, 0.0, 0.0, 0.0, 25,    19,    35, 0.4513, 0.5067
M5,30/04/22,10:10:17,   443,   916,   467,  895.5, 389, 0.0, 0.0, 0.0,  0, 0.0000,     0, 0.0, 0.0, 0.0, 25,    19,    36, 0.4475, 0.5124
M5,30/04/22,10:10:18,   443,   917,   467,  895.5, 389, 0.0, 0.0, 0.0,  0, 0.0000,     0, 0.0, 0.0, 0.0, 25,    19,    37, 0.4429, 0.5197
M5,30/04/22,10:10:19,   443,   918,   467,  895.5, 389, 0.0, 0.0, 0.0,  0, 0.0000,     0, 0.0, 0.0, 0.0, 25,    19,    38, 0.4385, 0.5252
M5,30/04/22,10:10:20,   443,   919,   468,  895.5, 389, 0.0, 0.0, 0.0,  0, 0.0000,     0, 0.0, 0.0, 0.0, 25,    20,    39, 0.4350, 0.5267
M5,30/04/22,10:10:21,   443,   920,   468,  895.5, 389, 0.0, 0.0, 0.0,  0, 0.0000,     0, 0.0, 0.0, 0.0, 25,    20,    40, 0.4319, 0.5263
M5,30/04/22,10:10:22,   443,   921,   469,  895.5, 390, 0.0, 0.0, 0.0,  0, 0.0000,     0, 0.0, 0.0, 0.0, 25,    21,    41, 0.4296, 0.5232
M5,30/04/22,10:10:23,   443,   922,   469,  895.5, 390, 0.0, 0.0, 0.0,  0, 0.0000,     0, 0.0, 0.0, 0.0, 25,    21,    42, 0.4280, 0.5181
M5,30/04/22,10:10:24,   443,   923,   469,  895.5, 390, 0.0, 0.0, 0.0,  0, 0.0000,     0, 0.0, 0.0, 0.0, 25,    21,    43, 0.4269, 0.5122
M5,30/04/22,10:10:25,   443,   924,   469,  895.5, 390, 0.0, 0.0, 0.0,  0, 0.0000,     0, 0.0, 0.0, 0.0, 25,    21,    44, 0.4243, 0.5122
M5,30/04/22,10:10:26,   443,   925,   470,  895.5, 389, 0.0, 0.0, 0.0,  0, 0.0000,     0, 0.0, 0.0, 0.0, 25,    22,    45, 0.4212, 0.5141
M5,30/04/22,10:10:27,   443,   926,   470,  895.5, 389, 0.0, 0.0, 0.0,  0, 0.0000,     0, 0.0, 0.0, 0.0, 25,    22,    46, 0.4180, 0.5161
M5,30/04/22,10:10:28,   443,   927,   470,  895.5, 389, 0.0, 0.0, 0.0,  0, 0.0000,     0, 0.0, 0.0, 0.0, 25,    22,    47, 0.4152, 0.5161
M5,30/04/22,10:10:29,   443,   928,   471,  895.5, 389, 0.0, 0.0, 0.0,  0, 0.0000,     0, 0.0, 0.0, 0.0, 25,    22,    48, 0.4128, 0.5152
M5,30/04/22,10:10:30,   443,   929,   471,  895.5, 389, 0.0, 0.0, 0.0,  0, 0.0000,     0, 0.0, 0.0, 0.0, 25,    23,    49, 0.4101, 0.5152
M5,30/04/22,10:10:31,   443,   930,   471,  895.5, 389, 0.0, 0.0, 0.0,  0, 0.0000,     0, 0.0, 0.0, 0.0, 25,    23,    50, 0.4077, 0.5141
M5,30/04/22,10:10:32,   443,   931,   472,  895.5, 389, 0.0, 0.0, 0.0,  0, 0.0000,     0, 0.0, 0.0, 0.0, 25,    23,    51, 0.4059, 0.5110
M5,30/04/22,10:10:33,   443,   932,   472,  895.5, 389, 0.0, 0.0, 0.0,  0, 0.0000,     0, 0.0, 0.0, 0.0, 25,    24,    52, 0.4043, 0.5074
M5,30/04/22,10:10:34,   443,   933,   472,  895.5, 389, 0.0, 0.0, 0.0,  0, 0.0000,     0, 0.0, 0.0, 0.0, 25,    24,    53, 0.4027, 0.5041
M5,30/04/22,10:10:35,   443,   934,   473,  895.5, 389, 0.0, 0.0, 0.0,  0, 0.0000,     0, 0.0, 0.0, 0.0, 25,    24,    54, 0.4015, 0.4998
M5,30/04/22,10:10:36,   443,   935,   473,  895.5, 389, 0.0, 0.0, 0.0,  0, 0.0000,     0, 0.0, 0.0, 0.0, 25,    25,    55, 0.4009, 0.4938
M5,30/04/22,10:10:37,   443,   936,   474,  895.5, 389, 0.0, 0.0, 0.0,  0, 0.0000,     0, 0.0, 0.0, 0.0, 25,    25,    56, 0.4011, 0.4854
M5,30/04/22,10:10:38,   443,   937,   474,  895.5, 389, 0.0, 0.0, 0.0,  0, 0.0000,     0, 0.0, 0.0, 0.0, 25,    26,    57, 0.4010, 0.4791
M5,30/04/22,10:10:39,   443,   938,   474,  895.5, 389, 0.0, 0.0, 0.0,  0, 0.0000,     0, 0.0, 0.0, 0.0, 25,    26,    58, 0.4003, 0.4757
M5,30/04/22,10:10:40,   443,   939,   474,  895.5, 389, 0.0, 0.0, 0.0,  0, 0.0000,     0, 0.0, 0.0, 0.0, 25,    26,    59, 0.3994, 0.4732
M5,30/04/22,10:10:41,   443,   940,   474,  895.5, 389, 0.0, 0.0, 0.0,  0, 0.0000,     0, 0.0, 0.0, 0.0, 25,    26,    60, 0.3985, 0.4710
M5,30/04/22,10:10:42,   443,   941,   475,  895.5, 389, 0.0, 0.0, 0.0, 20, 0.0000,     0, 0.0, 0.0, 0.0, 25,    26,    60, 0.3985, 0.4710
M5,30/04/22,10:10:43,   443,   942,   475,  895.5, 389, 0.0, 0.0, 0.0, 20, 0.0000,     0, 0.0, 0.0, 0.0, 25,    26,    60, 0.3985, 0.4710
M5,30/04/22,10:10:44,   443,   943,   475,  895.5, 389, 0.0, 0.0, 0.0, 20, 0.0000,     0, 0.0, 0.0, 0.0, 25,    26,    60, 0.3985, 0.4710
M5,30/04/22,10:10:45,   443,   944,   475,  895.5, 389, 0.0, 0.0, 0.0, 20, 0.0000,     0, 0.0, 0.0, 0.0, 25,    26,    60, 0.3985, 0.4710
M5,30/04/22,10:10:46,   443,   945,   475,  895.5, 389, 0.0, 0.0, 0.0, 20, 0.0000,     0, 0.0, 0.0, 0.0, 25,    26,    60, 0.3985, 0.4710
M5,30/04/22,10:10:47,   443,   946,   475,  895.5, 389, 0.0, 0.0, 0.0, 20, 0.0000,     0, 0.0, 0.0, 0.0, 25,    26,    60, 0.3985, 0.4710
M5,30/04/22,10:10:48,   443,   947,   475,  895.5, 389, 0.0, 0.0, 0.0, 20, 0.0000,     0, 0.0, 0.0, 0.0, 25,    26,    60, 0.3985, 0.4710
M5,30/04/22,10:10:49,   443,   948,   476,  895.5, 389, 0.0, 0.0, 0.0, 20, 0.0000,     0, 0.0, 0.0, 0.0, 25,    26,    60, 0.3985, 0.4710
M5,30/04/22,10:10:50,   443,   949,   476,  895.5, 389, 0.0, 0.0, 0.0, 20, 0.0000,     0, 0.0, 0.0, 0.0, 25,    26,    60, 0.3985, 0.4710
M5,30/04/22,10:10:51,   443,   950,   477,  895.5, 389, 0.0, 0.0, 0.0, 20, 0.0000,     0, 0.0, 0.0, 0.0, 25,    26,    60, 0.3985, 0.4710
M5,30/04/22,10:10:52,   443,   951,   477,  895.5, 389, 0.0, 0.0, 0.0, 20, 0.0000,     0, 0.0, 0.0, 0.0, 25,    26,    60, 0.3985, 0.4710
M5,30/04/22,10:10:53,   443,   952,   477,  895.5, 389, 0.0, 0.0, 0.0, 20, 0.0000,     0, 0.0, 0.0, 0.0, 25,    26,    60, 0.3985, 0.4710
M5,30/04/22,10:10:54,   443,   953,   477,  895.5, 389, 0.0, 0.0, 0.0, 20, 0.0000,     0, 0.0, 0.0, 0.0, 25,    26,    60, 0.3985, 0.4710
M5,30/04/22,10:10:55,   443,   954,   478,  895.5, 389, 0.0, 0.0, 0.0, 20, 0.0000,     0, 0.0, 0.0, 0.0, 25,    26,    60, 0.3985, 0.4710
M5,30/04/22,10:10:56,   443,   955,   478,  895.5, 389, 0.0, 0.0, 0.0, 20, 0.0000,     0, 0.0, 0.0, 0.0, 25,    26,    60, 0.3985, 0.4710
M5,30/04/22,10:10:57,   443,   956,   478,  895.5, 389, 0.0, 0.0, 0.0, 20, 0.0000,     0, 0.0, 0.0, 0.0, 25,    26,    60, 0.3985, 0.4710
M5,30/04/22,10:10:58,   443,   957,   478,  895.5, 390, 0.0, 0.0, 0.0, 20, 0.0000,     0, 0.0, 0.0, 0.0, 25,    26,    60, 0.3985, 0.4710
M5,30/04/22,10:10:59,   443,   958,   478,  895.5, 389, 0.0, 0.0, 0.0, 20, 0.0000,     0, 0.0, 0.0, 0.0, 25,    26,    60, 0.3985, 0.4710
M5,30/04/22,10:11:00,   443,   959,   479,  895.5, 389, 0.0, 0.0, 0.0, 20, 0.0000,     0, 0.0, 0.0, 0.0, 25,    26,    60, 0.3985, 0.4710
M5,30/04/22,10:11:01,   443,   960,   479,  895.5, 389, 0.0, 0.0, 0.0, 20, 0.0000,     0, 0.0, 0.0, 0.0, 25,    26,    60, 0.3985, 0.4710
M5,30/04/22,10:11:02,   443,   961,   479,  895.5, 389, 0.0, 0.0, 0.0, 20, 0.0000,     0, 0.0, 0.0, 0.0, 25,    26,    60, 0.3985, 0.4710
M5,30/04/22,10:11:03,   443,   962,   480,  895.5, 390, 0.0, 0.0, 0.0, 20, 0.0000,     0, 0.0, 0.0, 0.0, 25,    26,    60, 0.3985, 0.4710
M5,30/04/22,10:11:04,   443,   963,   480,  895.5, 389, 0.0, 0.0, 0.0, 20, 0.0000,     0, 0.0, 0.0, 0.0, 25,    26,    60, 0.3985, 0.4710
M5,30/04/22,10:11:05,   443,   964,   480,  895.5, 389, 0.0, 0.0, 0.0, 20, 0.0000,     0, 0.0, 0.0, 0.0, 25,    26,    60, 0.3985, 0.4710
M5,30/04/22,10:11:06,   443,   965,   480,  895.5, 390, 0.0, 0.0, 0.0, 20, 0.0000,     0, 0.0, 0.0, 0.0, 25,    26,    60, 0.3985, 0.4710
M5,30/04/22,10:11:07,   443,   966,   480,  895.5, 390, 0.0, 0.0, 0.0, 20, 0.0000,     0, 0.0, 0.0, 0.0, 25,    26,    60, 0.3985, 0.4710
R5,30/04/22,10:10:41,   443,   940,   474,  895.5, 389, 0.0, 0.0, 0.0,  0, 0.0000,     0, 0.0, 0.0, 0.0, 25,    26,    60, 0.3985, 0.4710
End
M3,30/04/22,10:11:10,   443,   969,   480,  895.5, 390, 0.0, 0.0, 0.0,  0, 0.0000,     0, 0.0, 0.0, 0.0
M3,30/04/22,10:11:15,   443,   974,   482,  895.5, 389, 0.0, 0.0, 0.0,  0, 0.0000,     0, 0.0, 0.0, 0.0
M3,30/04/22,10:11:20,   443,   979,   483,  895.5, 390, 0.0, 0.0, 0.0,  0, 0.0000,     0, 0.0, 0.0, 0.0
M3,30/04/22,10:11:25,   444,   984,   484,  895.5, 389, 0.0, 0.0, 0.0,  0, 0.0000,     0, 0.0, 0.0, 0.0
M3,30/04/22,10:11:30,   444,   989,   486,  895.5, 389, 0.0, 0.0, 0.0,  0, 0.0000,     0, 0.0, 0.0, 0.0
M3,30/04/22,10:11:35,   444,   994,   485,  895.5, 389, 0.0, 0.0, 0.0,  0, 0.0000,     0, 0.0, 0.0, 0.0
M3,30/04/22,10:11:40,   444,   999,   476,  895.5, 389, 0.0, 0.0, 0.0,  0, 0.0000,     0, 0.0, 0.0, 0.0
M3,30/04/22,10:11:45,   444,  1004,   469,  895.5, 389, 0.0, 0.0, 0.0,  0, 0.0000,     0, 0.0, 0.0, 0.0
M3,30/04/22,10:11:50,   444,  1009,   467,  895.5, 389, 0.0, 0.0, 0.0,  0, 0.0000,     0, 0.0, 0.0, 0.0
M3,30/04/22,10:11:55,   444,  1014,   462,  895.5, 389, 0.0, 0.0, 0.0,  0, 0.0000,     0, 0.0, 0.0, 0.0
M3,30/04/22,10:12:00,   444,  1019,   455,  895.5, 389, 0.0, 0.0, 0.0,  0, 0.0000,     0, 0.0, 0.0, 0.0
M3,30/04/22,10:12:05,   444,  1024,   451,  895.5, 389, 0.0, 0.0, 0.0,  0, 0.0000,     0, 0.0, 0.0, 0.0
Start
M5,30/04/22,10:12:08,   444,  1027,   451,  895.5, 390, 0.0, 0.0, 0.0,  0, 0.0000,     0, 0.0, 0.0, 0.0, 20,     0,     1, 0.0000, 0.0000
M5,30/04/22,10:12:09,   444,  1028,   451,  895.5, 389, 0.0, 0.0, 0.0,  0, 0.0000,     0, 0.0, 0.0, 0.0, 20,     0,     2, 0.0000, 0.0000
M5,30/04/22,10:12:10,   444,  1029,   452,  895.5, 389, 0.0, 0.0, 0.0,  0, 0.0000,     0, 0.0, 0.0, 0.0, 20,     1,     3, 0.0000, 0.0000
M5,30/04/22,10:12:11,   444,  1030,   453,  895.5, 389, 0.0, 0.0, 0.0,  0, 0.0000,     0, 0.0, 0.0, 0.0, 20,     1,     4, 0.0000, 0.0000
M5,30/04/22,10:12:12,   444,  1031,   453,  895.5, 389, 0.0, 0.0, 0.0,  0, 0.0000,     0, 0.0, 0.0, 0.0, 20,     2,     5, 0.0000, 0.0000
M5,30/04/22,10:12:13,   444,  1032,   453,  895.5, 389, 0.0, 0.0, 0.0,  0, 0.0000,     0, 0.0, 0.0, 0.0, 20,     2,     6, 0.0000, 0.0000
M5,30/04/22,10:12:14,   444,  1033,   453,  895.5, 390, 0.0, 0.0, 0.0,  0, 0.0000,     0, 0.0, 0.0, 0.0, 20,     2,     7, 0.0000, 0.0000
M5,30/04/22,10:12:15,   444,  1034,   453,  895.5, 390, 0.0, 0.0, 0.0,  0, 0.0000,     0, 0.0, 0.0, 0.0, 20,     2,     8, 0.0000, 0.0000
M5,30/04/22,10:12:16,   444,  1035,   453,  895.5, 390, 0.0, 0.0, 0.0,  0, 0.0000,     0, 0.0, 0.0, 0.0, 20,     2,     9, 0.0000, 0.0000
M5,30/04/22,10:12:17,   444,  1036,   453,  895.5, 390, 0.0, 0.0, 0.0,  0, 0.0000,     0, 0.0, 0.0, 0.0, 25,     2,    10, 0.0000, 0.0000
M5,30/04/22,10:12:18,   444,  1037,   454,  895.5, 391, 0.0, 0.0, 0.0,  0, 0.0000,     0, 0.0, 0.0, 0.0, 25,     2,    11, 0.0000, 0.0000
M5,30/04/22,10:12:19,   444,  1038,   454,  895.5, 390, 0.0, 0.0, 0.0,  0, 0.0000,     0, 0.0, 0.0, 0.0, 25,     3,    12, 0.0000, 0.0000
M5,30/04/22,10:12:20,   444,  1039,   454,  895.5, 390, 0.0, 0.0, 0.0,  0, 0.0000,     0, 0.0, 0.0, 0.0, 25,     3,    13, 0.1642, 0.2941
M5,30/04/22,10:12:21,   444,  1040,   454,  895.5, 390, 0.0, 0.0, 0.0,  0, 0.0000,     0, 0.0, 0.0, 0.0, 25,     3,    14, 0.1215, 0.2930
M5,30/04/22,10:12:22,   444,  1041,   454,  895.5, 390, 0.0, 0.0, 0.0,  0, 0.0000,     0, 0.0, 0.0, 0.0, 25,     3,    15, 0.0919, 0.2648
M5,30/04/22,10:12:23,   444,  1042,   454,  895.5, 389, 0.0, 0.0, 0.0,  0, 0.0000,     0, 0.0, 0.0, 0.0, 25,     3,    16, 0.0714, 0.2318
M5,30/04/22,10:12:24,   444,  1043,   454,  895.5, 389, 0.0, 0.0, 0.0,  0, 0.0000,     0, 0.0, 0.0, 0.0, 25,     3,    17, 0.0570, 0.2012
M5,30/04/22,10:12:25,   444,  1044,   454,  895.5, 389, 0.0, 0.0, 0.0,  0, 0.0000,     0, 0.0, 0.0, 0.0, 25,     3,    18, 0.0602, 0.1383
M5,30/04/22,10:12:26,   444,  1045,   454,  895.5, 389, 0.0, 0.0, 0.0,  0, 0.0000,     0, 0.0, 0.0, 0.0, 25,     3,    19, 0.0720, 0.0792
M5,30/04/22,10:12:27,   444,  1046,   454,  895.5, 389, 0.0, 0.0, 0.0, 21, 0.0000,     0, 0.0, 0.0, 0.0, 25,     3,    20, 0.0862, 0.0364
M5,30/04/22,10:12:28,   444,  1047,   454,  895.5, 389, 0.0, 0.0, 0.0, 21, 0.0000,     0, 0.0, 0.0, 0.0, 25,     3,    21, 0.0918, 0.0345
M5,30/04/22,10:12:29,   444,  1048,   454,  895.5, 389, 0.0, 0.0, 0.0, 21, 0.0000,     0, 0.0, 0.0, 0.0, 25,     3,    22, 0.0922, 0.0489
M5,30/04/22,10:12:30,   444,  1049,   455,  895.5, 389, 0.0, 0.0, 0.0, 21, 0.0000,     0, 0.0, 0.0, 0.0, 25,     4,    23, 0.1001, 0.0359
M5,30/04/22,10:12:31,   444,  1050,   455,  895.5, 389, 0.0, 0.0, 0.0, 21, 0.0000,     0, 0.0, 0.0, 0.0, 25,     4,    24, 0.1051, 0.0357
M5,30/04/22,10:12:32,   444,  1051,   455,  895.5, 389, 0.0, 0.0, 0.0, 21, 0.0000,     0, 0.0, 0.0, 0.0, 25,     3,    25, 0.1032, 0.0573
M5,30/04/22,10:12:33,   444,  1052,   455,  895.5, 389, 0.0, 0.0, 0.0,  0, 0.0000,     0, 0.0, 0.0, 0.0, 25,     3,    26, 0.0981, 0.0837
M5,30/04/22,10:12:34,   444,  1053,   455,  895.5, 389, 0.0, 0.0, 0.0,  0, 0.0000,     0, 0.0, 0.0, 0.0, 25,     4,    27, 0.0955, 0.0950
M5,30/04/22,10:12:35,   444,  1054,   455,  895.5, 389, 0.0, 0.0, 0.0,  0, 0.0000,     0, 0.0, 0.0, 0.0, 25,     4,    28, 0.0966, 0.0913
M5,30/04/22,10:12:36,   444,  1055,   455,  895.5, 389, 0.0, 0.0, 0.0,  0, 0.0000,     0, 0.0, 0.0, 0.0, 25,     4,    29, 0.1012, 0.0772
M5,30/04/22,10:12:37,   444,  1056,   456,  895.5, 389, 0.0, 0.0, 0.0, 21, 0.0000,     0, 0.0, 0.0, 0.0, 25,     4,    30, 0.1095, 0.0535
M5,30/04/22,10:12:38,   444,  1057,   456,  895.5, 389, 0.0, 0.0, 0.0, 21, 0.0000,     0, 0.0, 0.0, 0.0, 25,     5,    31, 0.1199, 0.0281
M5,30/04/22,10:12:39,   444,  1058,   456,  895.5, 389, 0.0, 0.0, 0.0, 21, 0.0000,     0, 0.0, 0.0, 0.0, 25,     5,    32, 0.1304, 0.0070
M5,30/04/22,10:12:40,   444,  1059,   457,  895.5, 389, 0.0, 0.0, 0.0, 21, 0.0000,     0, 0.0, 0.0, 0.0, 25,     5,    33, 0.1398,-0.0060
M5,30/04/22,10:12:41,   444,  1060,   457,  895.5, 389, 0.0, 0.0, 0.0, 21, 0.0000,     0, 0.0, 0.0, 0.0, 25,     5,    34, 0.1462,-0.0060
M5,30/04/22,10:12:42,   444,  1061,   457,  895.5, 390, 0.0, 0.0, 0.0, 21, 0.0000,     0, 0.0, 0.0, 0.0, 25,     5,    35, 0.1499, 0.0030
M5,30/04/22,10:12:43,   444,  1062,   457,  895.5, 390, 0.0, 0.0, 0.0, 21, 0.0000,     0, 0.0, 0.0, 0.0, 25,     5,    36, 0.1522, 0.0156
M5,30/04/22,10:12:44,   444,  1063,   457,  895.5, 389, 0.0, 0.0, 0.0, 21, 0.0000,     0, 0.0, 0.0, 0.0, 25,     6,    37, 0.1541, 0.0272
M5,30/04/22,10:12:45,   444,  1064,   457,  895.5, 390, 0.0, 0.0, 0.0, 21, 0.0000,     0, 0.0, 0.0, 0.0, 25,     6,    38, 0.1551, 0.0403
M5,30/04/22,10:12:46,   444,  1065,   457,  895.5, 390, 0.0, 0.0, 0.0, 21, 0.0000,     0, 0.0, 0.0, 0.0, 25,     6,    39, 0.1560, 0.0516
M5,30/04/22,10:12:47,   444,  1066,   457,  895.5, 390, 0.0, 0.0, 0.0, 21, 0.0000,     0, 0.0, 0.0, 0.0, 25,     6,    40, 0.1580, 0.0572
M5,30/04/22,10:12:48,   444,  1067,   457,  895.5, 391, 0.0, 0.0, 0.0, 21, 0.0000,     0, 0.0, 0.0, 0.0, 25,     6,    41, 0.1603, 0.0609
M5,30/04/22,10:12:49,   444,  1068,   458,  895.5, 391, 0.0, 0.0, 0.0, 21, 0.0000,     0, 0.0, 0.0, 0.0, 25,     7,    42, 0.1628, 0.0636
M5,30/04/22,10:12:50,   444,  1069,   458,  895.5, 391, 0.0, 0.0, 0.0, 21, 0.0000,     0, 0.0, 0.0, 0.0, 25,     7,    43, 0.1654, 0.0655
M5,30/04/22,10:12:51,   444,  1070,   458,  895.5, 391, 0.0, 0.0, 0.0, 21, 0.0000,     0, 0.0, 0.0, 0.0, 25,     7,    44, 0.1680, 0.0670
M5,30/04/22,10:12:52,   444,  1071,   458,  895.5, 390, 0.0, 0.0, 0.0, 21, 0.0000,     0, 0.0, 0.0, 0.0, 25,     7,    45, 0.1695, 0.0723
M5,30/04/22,10:12:53,   444,  1072,   458,  895.5, 390, 0.0, 0.0, 0.0, 21, 0.0000,     0, 0.0, 0.0, 0.0, 25,     7,    46, 0.1700, 0.0804
M5,30/04/22,10:12:54,   444,  1073,   458,  895.5, 390, 0.0, 0.0, 0.0, 21, 0.0000,     0, 0.0, 0.0, 0.0, 25,     7,    47, 0.1698, 0.0902
M5,30/04/22,10:12:55,   444,  1074,   458,  895.5, 390, 0.0, 0.0, 0.0, 21, 0.0000,     0, 0.0, 0.0, 0.0, 25,     7,    48, 0.1689, 0.1011
M5,30/04/22,10:12:56,   444,  1075,   458,  895.5, 390, 0.0, 0.0, 0.0, 21, 0.0000,     0, 0.0, 0.0, 0.0, 25,     7,    49, 0.1676, 0.1125
M5,30/04/22,10:12:57,   444,  1076,   458,  895.5, 390, 0.0, 0.0, 0.0,  0, 0.0000,     0, 0.0, 0.0, 0.0, 25,     7,    50, 0.1666, 0.1213
M5,30/04/22,10:12:58,   444,  1077,   459,  895.5, 390, 0.0, 0.0, 0.0,  0, 0.0000,     0, 0.0, 0.0, 0.0, 25,     7,    51, 0.1659, 0.1280
M5,30/04/22,10:12:59,   444,  1078,   459,  895.5, 390, 0.0, 0.0, 0.0,  0, 0.0000,     0, 0.0, 0.0, 0.0, 25,     8,    52, 0.1656, 0.1324
M5,30/04/22,10:13:00,   444,  1079,   459,  895.5, 390, 0.0, 0.0, 0.0,  0, 0.0000,     0, 0.0, 0.0, 0.0, 25,     8,    53, 0.1660, 0.1341
M5,30/04/22,10:13:01,   444,  1080,   459,  895.5, 390, 0.0, 0.0, 0.0,  0, 0.0000,     0, 0.0, 0.0, 0.0, 25,     8,    54, 0.1667, 0.1342
M5,30/04/22,10:13:02,   444,  1081,   459,  895.5, 389, 0.0, 0.0, 0.0,  0, 0.0000,     0, 0.0, 0.0, 0.0, 25,     8,    55, 0.1674, 0.1341
M5,30/04/22,10:13:03,   444,  1082,   460,  895.5, 389, 0.0, 0.0, 0.0,  0, 0.0000,     0, 0.0, 0.0, 0.0, 25,     9,    56, 0.1681, 0.1343
M5,30/04/22,10:13:04,   444,  1083,   460,  895.5, 389, 0.0, 0.0, 0.0,  0, 0.0000,     0, 0.0, 0.0, 0.0, 25,     9,    57, 0.1691, 0.1335
M5,30/04/22,10:13:05,   444,  1084,   460,  895.5, 389, 0.0, 0.0, 0.0,  0, 0.0000,     0, 0.0, 0.0, 0.0, 25,     9,    58, 0.1702, 0.1321
M5,30/04/22,10:13:06,   444,  1085,   460,  895.5, 389, 0.0, 0.0, 0.0,  0, 0.0000,     0, 0.0, 0.0, 0.0, 25,     9,    59, 0.1714, 0.1306
M5,30/04/22,10:13:07,   444,  1086,   460,  895.5, 389, 0.0, 0.0, 0.0,  0, 0.0000,     0, 0.0, 0.0, 0.0, 25,     9,    60, 0.1723, 0.1304
M5,30/04/22,10:13:08,   444,  1087,   461,  895.5, 389, 0.0, 0.0, 0.0, 20, 0.0000,     0, 0.0, 0.0, 0.0, 25,     9,    60, 0.1723, 0.1304
M5,30/04/22,10:13:09,   444,  1088,   461,  895.5, 389, 0.0, 0.0, 0.0, 20, 0.0000,     0, 0.0, 0.0, 0.0, 25,     9,    60, 0.1723, 0.1304
M5,30/04/22,10:13:10,   444,  1089,   461,  895.5, 389, 0.0, 0.0, 0.0, 20, 0.0000,     0, 0.0, 0.0, 0.0, 25,     9,    60, 0.1723, 0.1304
M5,30/04/22,10:13:11,   444,  1090,   462,  895.5, 389, 0.0, 0.0, 0.0, 20, 0.0000,     0, 0.0, 0.0, 0.0, 25,     9,    60, 0.1723, 0.1304
M5,30/04/22,10:13:12,   444,  1091,   462,  895.5, 389, 0.0, 0.0, 0.0, 20, 0.0000,     0, 0.0, 0.0, 0.0, 25,     9,    60, 0.1723, 0.1304
M5,30/04/22,10:13:13,   444,  1092,   462,  895.5, 389, 0.0, 0.0, 0.0, 20, 0.0000,     0, 0.0, 0.0, 0.0, 25,     9,    60, 0.1723, 0.1304
M5,30/04/22,10:13:14,   444,  1093,   462,  895.5, 390, 0.0, 0.0, 0.0, 20, 0.0000,     0, 0.0, 0.0, 0.0, 25,     9,    60, 0.1723, 0.1304
M5,30/04/22,10:13:15,   444,  1094,   462,  895.5, 389, 0.0, 0.0, 0.0, 20, 0.0000,     0, 0.0, 0.0, 0.0, 25,     9,    60, 0.1723, 0.1304
M5,30/04/22,10:13:16,   444,  1095,   462,  895.5, 389, 0.0, 0.0, 0.0, 20, 0.0000,     0, 0.0, 0.0, 0.0, 25,     9,    60, 0.1723, 0.1304
M5,30/04/22,10:13:17,   444,  1096,   462,  895.5, 389, 0.0, 0.0, 0.0, 20, 0.0000,     0, 0.0, 0.0, 0.0, 25,     9,    60, 0.1723, 0.1304
M5,30/04/22,10:13:18,   444,  1097,   463,  895.5, 389, 0.0, 0.0, 0.0, 20, 0.0000,     0, 0.0, 0.0, 0.0, 25,     9,    60, 0.1723, 0.1304
M5,30/04/22,10:13:19,   444,  1098,   463,  895.5, 389, 0.0, 0.0, 0.0, 20, 0.0000,     0, 0.0, 0.0, 0.0, 25,     9,    60, 0.1723, 0.1304
M5,30/04/22,10:13:20,   444,  1099,   463,  895.5, 390, 0.0, 0.0, 0.0, 20, 0.0000,     0, 0.0, 0.0, 0.0, 25,     9,    60, 0.1723, 0.1304
M5,30/04/22,10:13:21,   444,  1100,   463,  895.5, 391, 0.0, 0.0, 0.0, 20, 0.0000,     0, 0.0, 0.0, 0.0, 25,     9,    60, 0.1723, 0.1304
M5,30/04/22,10:13:23,   444,  1101,   464,  895.5, 391, 0.0, 0.0, 0.0, 20, 0.0000,     0, 0.0, 0.0, 0.0, 25,     9,    60, 0.1723, 0.1304
M5,30/04/22,10:13:24,   444,  1102,   464,  895.5, 391, 0.0, 0.0, 0.0, 20, 0.0000,     0, 0.0, 0.0, 0.0, 25,     9,    60, 0.1723, 0.1304
M5,30/04/22,10:13:25,   444,  1103,   463,  895.5, 391, 0.0, 0.0, 0.0, 20, 0.0000,     0, 0.0, 0.0, 0.0, 25,     9,    60, 0.1723, 0.1304
M5,30/04/22,10:13:26,   444,  1104,   463,  895.5, 392, 0.0, 0.0, 0.0, 20, 0.0000,     0, 0.0, 0.0, 0.0, 25,     9,    60, 0.1723, 0.1304
M5,30/04/22,10:13:27,   444,  1105,   462,  895.5, 392, 0.0, 0.0, 0.0, 20, 0.0000,     0, 0.0, 0.0, 0.0, 25,     9,    60, 0.1723, 0.1304
M5,30/04/22,10:13:28,   444,  1106,   462,  895.5, 391, 0.0, 0.0, 0.0, 20, 0.0000,     0, 0.0, 0.0, 0.0, 25,     9,    60, 0.1723, 0.1304
M5,30/04/22,10:13:29,   444,  1107,   461,  895.5, 391, 0.0, 0.0, 0.0, 20, 0.0000,     0, 0.0, 0.0, 0.0, 25,     9,    60, 0.1723, 0.1304
R5,30/04/22,10:13:07,   444,  1086,   460,  895.5, 389, 0.0, 0.0, 0.0,  0, 0.0000,     0, 0.0, 0.0, 0.0, 25,     9,    60, 0.1723, 0.1304
End
M3,30/04/22,10:13:35,   444,  1113,   457,  895.5, 391, 0.0, 0.0, 0.0,  0, 0.0000,     0, 0.0, 0.0, 0.0
M3,30/04/22,10:13:40,   445,  1118,   456,  895.5, 391, 0.0, 0.0, 0.0,  0, 0.0000,     0, 0.0, 0.0, 0.0
M3,30/04/22,10:13:45,   445,  1123,   451,  895.5, 391, 0.0, 0.0, 0.0,  0, 0.0000,     0, 0.0, 0.0, 0.0
M3,30/04/22,10:13:50,   445,  1128,   451,  895.5, 392, 0.0, 0.0, 0.0,  0, 0.0000,     0, 0.0, 0.0, 0.0
M3,30/04/22,10:13:55,   445,  1133,   448,  895.5, 391, 0.0, 0.0, 0.0,  0, 0.0000,     0, 0.0, 0.0, 0.0
M3,30/04/22,10:14:00,   445,  1138,   445,  895.5, 391, 0.0, 0.0, 0.0,  0, 0.0000,     0, 0.0, 0.0, 0.0
M3,30/04/22,10:14:05,   445,  1143,   442,  895.5, 391, 0.0, 0.0, 0.0, 24, 0.0000,     0, 0.0, 0.0, 0.0
M3,30/04/22,10:14:10,   445,  1148,   441,  895.5, 391, 0.0, 0.0, 0.0,  0, 0.0000,     0, 0.0, 0.0, 0.0
M3,30/04/22,10:14:15,   445,  1153,   439,  895.5, 390, 0.0, 0.0, 0.0,  0, 0.0000,     0, 0.0, 0.0, 0.0
M3,30/04/22,10:14:20,   445,  1158,   439,  895.5, 391, 0.0, 0.0, 0.0,  0, 0.0000,     0, 0.0, 0.0, 0.0
M3,30/04/22,10:14:25,   445,  1163,   439,  895.5, 390, 0.0, 0.0, 0.0,  0, 0.0000,     0, 0.0, 0.0, 0.0
M3,30/04/22,10:14:30,   445,  1168,   439,  895.5, 391, 0.0, 0.0, 0.0,  0, 0.0000,     0, 0.0, 0.0, 0.0
M3,30/04/22,10:14:35,   445,  1173,   439,  895.5, 390, 0.0, 0.0, 0.0,  0, 0.0000,     0, 0.0, 0.0, 0.0
Start
M5,30/04/22,10:14:40,   445,  1178,   439,  895.5, 390, 0.0, 0.0, 0.0,  0, 0.0000,     0, 0.0, 0.0, 0.0, 20,     0,     1, 0.0000, 0.0000
M5,30/04/22,10:14:41,   445,  1179,   440,  895.5, 391, 0.0, 0.0, 0.0,  0, 0.0000,     0, 0.0, 0.0, 0.0, 20,     1,     2, 0.0000, 0.0000
M5,30/04/22,10:14:42,   445,  1180,   440,  895.5, 390, 0.0, 0.0, 0.0,  0, 0.0000,     0, 0.0, 0.0, 0.0, 20,     1,     3, 0.0000, 0.0000
M5,30/04/22,10:14:43,   445,  1181,   440,  895.5, 390, 0.0, 0.0, 0.0,  0, 0.0000,     0, 0.0, 0.0, 0.0, 20,     1,     4, 0.0000, 0.0000
M5,30/04/22,10:14:44,   445,  1182,   440,  895.5, 390, 0.0, 0.0, 0.0,  0, 0.0000,     0, 0.0, 0.0, 0.0, 20,     1,     5, 0.0000, 0.0000
M5,30/04/22,10:14:45,   445,  1183,   440,  895.5, 390, 0.0, 0.0, 0.0,  0, 0.0000,     0, 0.0, 0.0, 0.0, 20,     1,     6, 0.0000, 0.0000
M5,30/04/22,10:14:46,   445,  1184,   440,  895.5, 390, 0.0, 0.0, 0.0,  0, 0.0000,     0, 0.0, 0.0, 0.0, 20,     1,     7, 0.0000, 0.0000
M5,30/04/22,10:14:47,   445,  1185,   440,  895.5, 390, 0.0, 0.0, 0.0,  0, 0.0000,     0, 0.0, 0.0, 0.0, 20,     1,     8, 0.0000, 0.0000
M5,30/04/22,10:14:48,   445,  1186,   440,  895.5, 390, 0.0, 0.0, 0.0,  0, 0.0000,     0, 0.0, 0.0, 0.0, 20,     1,     9, 0.0000, 0.0000
M5,30/04/22,10:14:49,   445,  1187,   441,  895.5, 390, 0.0, 0.0, 0.0,  0, 0.0000,     0, 0.0, 0.0, 0.0, 25,     2,    10, 0.0000, 0.0000
M5,30/04/22,10:14:50,   445,  1188,   441,  895.5, 390, 0.0, 0.0, 0.0,  0, 0.0000,     0, 0.0, 0.0, 0.0, 25,     2,    11, 0.0000, 0.0000
M5,30/04/22,10:14:51,   445,  1189,   441,  895.5, 390, 0.0, 0.0, 0.0,  0, 0.0000,     0, 0.0, 0.0, 0.0, 25,     2,    12, 0.0000, 0.0000
M5,30/04/22,10:14:52,   445,  1190,   441,  895.5, 390, 0.0, 0.0, 0.0,  0, 0.0000,     0, 0.0, 0.0, 0.0, 25,     2,    13, 0.2095, 0.2096
M5,30/04/22,10:14:53,   445,  1191,   441,  895.5, 391, 0.0, 0.0, 0.0,  0, 0.0000,     0, 0.0, 0.0, 0.0, 25,     2,    14, 0.1918, 0.2424
M5,30/04/22,10:14:54,   445,  1192,   441,  895.5, 391, 0.0, 0.0, 0.0,  0, 0.0000,     0, 0.0, 0.0, 0.0, 25,     2,    15, 0.1842, 0.2316
M5,30/04/22,10:14:55,   445,  1193,   441,  895.5, 391, 0.0, 0.0, 0.0,  0, 0.0000,     0, 0.0, 0.0, 0.0, 25,     2,    16, 0.1628, 0.2594
M5,30/04/22,10:14:56,   445,  1194,   441,  895.5, 391, 0.0, 0.0, 0.0,  0, 0.0000,     0, 0.0, 0.0, 0.0, 25,     2,    17, 0.1403, 0.2754
M5,30/04/22,10:14:57,   445,  1195,   441,  895.5, 391, 0.0, 0.0, 0.0,  0, 0.0000,     0, 0.0, 0.0, 0.0, 25,     2,    18, 0.1205, 0.2767
M5,30/04/22,10:14:58,   445,  1196,   441,  895.5, 390, 0.0, 0.0, 0.0,  0, 0.0000,     0, 0.0, 0.0, 0.0, 25,     3,    19, 0.1122, 0.2456
M5,30/04/22,10:14:59,   445,  1197,   442,  895.5, 391, 0.0, 0.0, 0.0,  0, 0.0000,     0, 0.0, 0.0, 0.0, 25,     3,    20, 0.1055, 0.2227
M5,30/04/22,10:15:00,   445,  1198,   442,  895.5, 391, 0.0, 0.0, 0.0,  0, 0.0000,     0, 0.0, 0.0, 0.0, 25,     3,    21, 0.1045, 0.1911
M5,30/04/22,10:15:01,   445,  1199,   442,  895.5, 390, 0.0, 0.0, 0.0,  0, 0.0000,     0, 0.0, 0.0, 0.0, 25,     3,    22, 0.1068, 0.1608
M5,30/04/22,10:15:02,   445,  1200,   442,  895.5, 390, 0.0, 0.0, 0.0,  0, 0.0000,     0, 0.0, 0.0, 0.0, 25,     3,    23, 0.1138, 0.1255
M5,30/04/22,10:15:03,   445,  1201,   442,  895.5, 390, 0.0, 0.0, 0.0,  0, 0.0000,     0, 0.0, 0.0, 0.0, 25,     3,    24, 0.1220, 0.0972
M5,30/04/22,10:15:04,   445,  1202,   442,  895.5, 390, 0.0, 0.0, 0.0,  0, 0.0000,     0, 0.0, 0.0, 0.0, 25,     3,    25, 0.1251, 0.0930
M5,30/04/22,10:15:05,   445,  1203,   443,  895.5, 390, 0.0, 0.0, 0.0, 21, 0.0000,     0, 0.0, 0.0, 0.0, 25,     4,    26, 0.1289, 0.0875
M5,30/04/22,10:15:06,   445,  1204,   443,  895.5, 390, 0.0, 0.0, 0.0, 21, 0.0000,     0, 0.0, 0.0, 0.0, 25,     4,    27, 0.1332, 0.0821
M5,30/04/22,10:15:07,   445,  1205,   443,  895.5, 390, 0.0, 0.0, 0.0, 21, 0.0000,     0, 0.0, 0.0, 0.0, 25,     4,    28, 0.1381, 0.0758
M5,30/04/22,10:15:08,   445,  1206,   443,  895.5, 390, 0.0, 0.0, 0.0, 21, 0.0000,     0, 0.0, 0.0, 0.0, 25,     4,    29, 0.1401, 0.0807
M5,30/04/22,10:15:09,   445,  1207,   443,  895.5, 390, 0.0, 0.0, 0.0, 21, 0.0000,     0, 0.0, 0.0, 0.0, 25,     4,    30, 0.1427, 0.0825
M5,30/04/22,10:15:10,   445,  1208,   443,  895.5, 390, 0.0, 0.0, 0.0, 21, 0.0000,     0, 0.0, 0.0, 0.0, 25,     4,    31, 0.1473, 0.0772
M5,30/04/22,10:15:11,   445,  1209,   444,  895.5, 390, 0.0, 0.0, 0.0, 21, 0.0000,     0, 0.0, 0.0, 0.0, 25,     5,    32, 0.1542, 0.0650
M5,30/04/22,10:15:12,   445,  1210,   444,  895.5, 389, 0.0, 0.0, 0.0, 21, 0.0000,     0, 0.0, 0.0, 0.0, 25,     5,    33, 0.1613, 0.0545
M5,30/04/22,10:15:13,   445,  1211,   444,  895.5, 390, 0.0, 0.0, 0.0, 21, 0.0000,     0, 0.0, 0.0, 0.0, 25,     5,    34, 0.1656, 0.0556
M5,30/04/22,10:15:14,   445,  1212,   444,  895.5, 390, 0.0, 0.0, 0.0, 21, 0.0000,     0, 0.0, 0.0, 0.0, 25,     5,    35, 0.1695, 0.0582
M5,30/04/22,10:15:15,   445,  1213,   444,  895.5, 390, 0.0, 0.0, 0.0, 21, 0.0000,     0, 0.0, 0.0, 0.0, 25,     6,    36, 0.1728, 0.0622
M5,30/04/22,10:15:16,   445,  1214,   445,  895.5, 389, 0.0, 0.0, 0.0, 21, 0.0000,     0, 0.0, 0.0, 0.0, 25,     6,    37, 0.1746, 0.0705
M5,30/04/22,10:15:17,   445,  1215,   445,  895.5, 389, 0.0, 0.0, 0.0, 21, 0.0000,     0, 0.0, 0.0, 0.0, 25,     6,    38, 0.1750, 0.0829
M5,30/04/22,10:15:18,   445,  1216,   445,  895.5, 390, 0.0, 0.0, 0.0, 21, 0.0000,     0, 0.0, 0.0, 0.0, 25,     6,    39, 0.1741, 0.0976
M5,30/04/22,10:15:19,   445,  1217,   445,  895.5, 389, 0.0, 0.0, 0.0, 21, 0.0000,     0, 0.0, 0.0, 0.0, 25,     6,    40, 0.1736, 0.1086
M5,30/04/22,10:15:20,   445,  1218,   445,  895.5, 390, 0.0, 0.0, 0.0, 21, 0.0000,     0, 0.0, 0.0, 0.0, 25,     6,    41, 0.1730, 0.1186
M5,30/04/22,10:15:21,   445,  1219,   445,  895.5, 390, 0.0, 0.0, 0.0,  0, 0.0000,     0, 0.0, 0.0, 0.0, 25,     6,    42, 0.1722, 0.1277
M5,30/04/22,10:15:22,   445,  1220,   445,  895.5, 390, 0.0, 0.0, 0.0,  0, 0.0000,     0, 0.0, 0.0, 0.0, 25,     6,    43, 0.1718, 0.1340
M5,30/04/22,10:15:23,   445,  1221,   445,  895.5, 390, 0.0, 0.0, 0.0,  0, 0.0000,     0, 0.0, 0.0, 0.0, 25,     6,    44, 0.1717, 0.1387
M5,30/04/22,10:15:24,   445,  1222,   445,  895.5, 390, 0.0, 0.0, 0.0,  0, 0.0000,     0, 0.0, 0.0, 0.0, 25,     6,    45, 0.1709, 0.1449
M5,30/04/22,10:15:25,   445,  1223,   445,  895.5, 390, 0.0, 0.0, 0.0,  0, 0.0000,     0, 0.0, 0.0, 0.0, 25,     6,    46, 0.1695, 0.1526
M5,30/04/22,10:15:26,   445,  1224,   445,  895.5, 390, 0.0, 0.0, 0.0,  0, 0.0000,     0, 0.0, 0.0, 0.0, 25,     6,    47, 0.1677, 0.1610
M5,30/04/22,10:15:27,   445,  1225,   445,  895.5, 390, 0.0, 0.0, 0.0,  0, 0.0000,     0, 0.0, 0.0, 0.0, 25,     6,    48, 0.1655, 0.1697
M5,30/04/22,10:15:28,   445,  1226,   445,  895.5, 390, 0.0, 0.0, 0.0,  0, 0.0000,     0, 0.0, 0.0, 0.0, 25,     6,    49, 0.1632, 0.1777
M5,30/04/22,10:15:29,   445,  1227,   445,  895.5, 390, 0.0, 0.0, 0.0,  0, 0.0000,     0, 0.0, 0.0, 0.0, 25,     7,    50, 0.1612, 0.1835
M5,30/04/22,10:15:30,   445,  1228,   446,  895.5, 390, 0.0, 0.0, 0.0,  0, 0.0000,     0, 0.0, 0.0, 0.0, 25,     7,    51, 0.1602, 0.1852
M5,30/04/22,10:15:31,   445,  1229,   446,  895.5, 390, 0.0, 0.0, 0.0,  0, 0.0000,     0, 0.0, 0.0, 0.0, 25,     7,    52, 0.1603, 0.1827
M5,30/04/22,10:15:32,   445,  1230,   447,  895.5, 390, 0.0, 0.0, 0.0,  0, 0.0000,     0, 0.0, 0.0, 0.0, 25,     8,    53, 0.1612, 0.1773
M5,30/04/22,10:15:33,   445,  1231,   447,  895.5, 389, 0.0, 0.0, 0.0,  0, 0.0000,     0, 0.0, 0.0, 0.0, 25,     8,    54, 0.1625, 0.1712
M5,30/04/22,10:15:34,   445,  1232,   447,  895.5, 389, 0.0, 0.0, 0.0,  0, 0.0000,     0, 0.0, 0.0, 0.0, 25,     8,    55, 0.1634, 0.1672
M5,30/04/22,10:15:35,   445,  1233,   447,  895.5, 390, 0.0, 0.0, 0.0,  0, 0.0000,     0, 0.0, 0.0, 0.0, 25,     8,    56, 0.1637, 0.1657
M5,30/04/22,10:15:36,   445,  1234,   447,  895.5, 389, 0.0, 0.0, 0.0,  0, 0.0000,     0, 0.0, 0.0, 0.0, 25,     8,    57, 0.1640, 0.1645
M5,30/04/22,10:15:37,   445,  1235,   447,  895.5, 390, 0.0, 0.0, 0.0,  0, 0.0000,     0, 0.0, 0.0, 0.0, 25,     8,    58, 0.1646, 0.1620
M5,30/04/22,10:15:38,   445,  1236,   448,  895.5, 391, 0.0, 0.0, 0.0,  0, 0.0000,     0, 0.0, 0.0, 0.0, 25,     9,    59, 0.1657, 0.1581
M5,30/04/22,10:15:39,   445,  1237,   448,  895.5, 390, 0.0, 0.0, 0.0,  0, 0.0000,     0, 0.0, 0.0, 0.0, 25,     9,    60, 0.1668, 0.1547
M5,30/04/22,10:15:40,   445,  1238,   448,  895.5, 390, 0.0, 0.0, 0.0, 20, 0.0000,     0, 0.0, 0.0, 0.0, 25,     9,    60, 0.1668, 0.1547
M5,30/04/22,10:15:41,   445,  1239,   448,  895.5, 390, 0.0, 0.0, 0.0, 20, 0.0000,     0, 0.0, 0.0, 0.0, 25,     9,    60, 0.1668, 0.1547
M5,30/04/22,10:15:42,   445,  1240,   448,  895.5, 390, 0.0, 0.0, 0.0, 20, 0.0000,     0, 0.0, 0.0, 0.0, 25,     9,    60, 0.1668, 0.1547
M5,30/04/22,10:15:43,   445,  1241,   448,  895.5, 390, 0.0, 0.0, 0.0, 20, 0.0000,     0, 0.0, 0.0, 0.0, 25,     9,    60, 0.1668, 0.1547
M5,30/04/22,10:15:44,   445,  1242,   449,  895.5, 390, 0.0, 0.0, 0.0, 20, 0.0000,     0, 0.0, 0.0, 0.0, 25,     9,    60, 0.1668, 0.1547
M5,30/04/22,10:15:45,   445,  1243,   449,  895.5, 390, 0.0, 0.0, 0.0, 20, 0.0000,     0, 0.0, 0.0, 0.0, 25,     9,    60, 0.1668, 0.1547
M5,30/04/22,10:15:46,   445,  1244,   449,  895.5, 390, 0.0, 0.0, 0.0, 20, 0.0000,     0, 0.0, 0.0, 0.0, 25,     9,    60, 0.1668, 0.1547
M5,30/04/22,10:15:47,   445,  1245,   449,  895.5, 390, 0.0, 0.0, 0.0, 20, 0.0000,     0, 0.0, 0.0, 0.0, 25,     9,    60, 0.1668, 0.1547
M5,30/04/22,10:15:48,   445,  1246,   450,  895.5, 390, 0.0, 0.0, 0.0, 20, 0.0000,     0, 0.0, 0.0, 0.0, 25,     9,    60, 0.1668, 0.1547
R5,30/04/22,10:15:39,   445,  1237,   448,  895.5, 390, 0.0, 0.0, 0.0,  0, 0.0000,     0, 0.0, 0.0, 0.0, 25,     9,    60, 0.1668, 0.1547
End
M3,30/04/22,10:15:52,   445,  1250,   449,  895.5, 390, 0.0, 0.0, 0.0,  0, 0.0000,     0, 0.0, 0.0, 0.0
