;EGM-4 Data
;SoftwareVersion=1.03
;Plot	RecNo	Day	Month	Hour	Min	CO2 Ref	mb Ref	mbR Temp	Input A	Input B	Input C	Input D	Input E	Input F	Input G	Input H	ATMP	Probe Type
59	0014	08	12	14	47	00475	06.2	+05.7	0000	068.2	000.0	0039	0062	+00.54	02	00	0898	08
60	0001	08	12	14	49	00429	06.2	+05.7	0000	067.6	000.0	0000	0000	+00.00	02	00	0898	08
60	0002	08	12	14	49	00425	06.2	+05.6	0000	068.0	000.0	0000	0004	+00.00	02	00	0898	08
60	0003	08	12	14	49	00432	06.2	+05.6	0000	068.0	000.0	0000	0009	+00.00	02	00	0898	08
60	0004	08	12	14	49	00439	06.2	+05.8	0000	068.0	000.0	0011	0014	+00.66	02	00	0898	08
60	0005	08	12	14	49	00454	06.2	+05.7	0000	068.0	000.0	0025	0019	+01.15	02	00	0898	08
60	0006	08	12	14	50	00465	06.2	+05.6	0000	068.0	000.0	0039	0024	+01.40	02	00	0898	08
60	0007	08	12	14	50	00474	06.1	+05.6	0000	068.0	000.0	0050	0028	+01.50	02	00	0898	08
60	0008	08	12	14	50	00479	06.2	+05.6	0000	068.0	000.0	0059	0033	+01.50	02	00	0898	08
60	0009	08	12	14	50	00484	06.2	+05.7	0000	068.0	000.0	0065	0038	+01.46	02	00	0898	08
60	0010	08	12	14	50	00487	06.3	+05.8	0000	068.0	000.0	0070	0043	+01.39	02	00	0898	08
60	0011	08	12	14	50	00490	06.3	+05.9	0000	068.0	000.0	0073	0048	+01.31	02	00	0898	08
60	0012	08	12	14	51	00492	06.2	+05.8	0000	068.0	000.0	0076	0052	+01.23	02	00	0898	08
60	0013	08	12	14	51	00498	06.2	+05.7	0000	067.9	000.0	0079	0057	+01.18	02	00	0898	08
60	0014	08	12	14	51	00498	06.2	+05.9	0000	067.9	000.0	0081	0062	+01.11	02	00	0898	08
61	0001	08	12	14	52	00485	06.2	+05.9	0000	067.7	000.0	0000	0000	+00.00	02	00	0898	08
61	0002	08	12	14	52	00490	06.2	+05.7	0000	067.7	000.0	0000	0004	+00.00	02	00	0898	08
61	0003	08	12	14	52	00496	06.2	+05.7	0000	067.7	000.0	0000	0009	+00.00	02	00	0898	08
61	0004	08	12	14	52	00501	06.2	+05.8	0000	067.7	000.0	0016	0014	+00.99	02	00	0898	08
61	0005	08	12	14	53	00503	06.2	+05.9	0000	067.7	000.0	0018	0019	+00.83	02	00	0898	08
61	0006	08	12	14	53	00500	06.2	+05.8	0000	067.6	000.0	0017	0024	+00.60	02	00	0898	08
61	0007	08	12	14	53	00496	06.2	+05.8	0000	067.6	000.0	0012	0028	+00.38	02	00	0898	08
61	0008	08	12	14	53	00492	06.2	+05.9	0000	067.5	000.0	0007	0033	+00.20	02	00	0898	08
61	0009	08	12	14	53	00491	06.2	+05.9	0000	067.5	000.0	0004	0038	+00.09	02	00	0898	08
61	0010	08	12	14	53	00492	06.1	+05.7	0000	067.5	000.0	0001	0043	+00.03	02	00	0898	08
61	0011	08	12	14	53	00493	06.1	+05.7	0000	067.5	000.0	0000	0048	+00.01	02	00	0898	08
61	0012	08	12	14	54	00494	06.1	+05.7	0000	067.4	000.0	0000	0052	+00.00	02	00	0898	08
61	0013	08	12	14	54	00492	06.1	+05.6	0000	067.4	000.0	0000	0057	-00.01	02	01	0898	08
61	0014	08	12	14	54	00493	06.1	+05.7	0000	067.4	000.0	0001	0062	-00.01	02	01	0898	08
62	0006	08	12	14	57	00509	06.2	+05.8	0000	067.7	000.0	0000	0000	+00.00	02	00	0898	08
62	0007	08	12	14	57	00510	06.2	+05.7	0000	067.6	000.0	0000	0004	+00.00	02	00	0898	08
62	0008	08	12	14	57	00511	06.2	+05.8	0000	067.6	000.0	0000	0009	+00.00	02	00	0898	08
62	0009	08	12	14	57	00512	06.1	+05.6	0000	067.6	000.0	0002	0014	+00.14	02	00	0898	08
62	0010	08	12	14	57	00513	06.1	+05.6	0000	067.6	000.0	0003	0019	+00.16	02	00	0898	08
62	0011	08	12	14	58	00514	06.2	+05.7	0000	067.6	000.0	0004	0024	+00.16	02	00	0898	08
62	0012	08	12	14	58	00513	06.2	+05.8	0000	067.6	000.0	0004	0028	+00.12	02	00	0898	08
62	0013	08	12	14	58	00515	06.2	+05.7	0000	067.6	000.0	0005	0033	+00.13	02	00	0898	08
62	0014	08	12	14	58	00515	06.2	+05.7	0000	067.6	000.0	0005	0038	+00.12	02	00	0898	08
62	0015	08	12	14	58	00516	06.2	+05.7	0000	067.6	000.0	0006	0043	+00.13	02	00	0898	08
62	0016	08	12	14	58	00518	06.2	+05.8	0000	067.6	000.0	0007	0048	+00.13	02	00	0898	08
62	0017	08	12	14	59	00520	06.2	+05.7	0000	067.6	000.0	0009	0052	+00.15	02	00	0898	08
62	0018	08	12	14	59	00523	06.2	+05.7	0000	067.6	000.0	0011	0057	+00.17	02	00	0898	08
62	0019	08	12	14	59	00523	06.1	+05.6	0000	067.6	000.0	0013	0062	+00.18	02	00	0898	08
63	0006	08	12	15	07	00417	05.8	+04.8	0000	067.9	000.0	0000	0000	+00.00	02	00	0895	08
63	0007	08	12	15	08	00419	05.8	+04.7	0000	067.9	000.0	0000	0004	+00.00	02	00	0897	08
63	0008	08	12	15	08	00407	05.8	+04.8	0000	067.9	000.0	0000	0009	+00.00	02	00	0895	08
63	0009	08	12	15	08	00397	05.8	+04.8	0000	067.9	000.0	0021	0014	-01.27	02	01	0895	08
63	0010	08	12	15	08	00395	05.8	+04.8	0000	067.9	000.0	0026	0019	-01.18	02	01	0895	08
63	0011	08	12	15	08	00399	05.8	+04.8	0000	067.9	000.0	0026	0019	-01.18	02	01	0897	08
63	0012	08	12	15	09	00453	05.8	+04.7	0000	067.9	000.0	0000	0000	+00.00	02	00	0895	08
63	0013	08	12	15	09	00452	05.8	+04.7	0000	067.9	000.0	0000	0004	+00.00	02	00	0897	08
63	0014	08	12	15	09	00449	05.8	+04.8	0000	067.9	000.0	0000	0009	+00.00	02	00	0895	08
63	0015	08	12	15	10	00441	05.8	+04.8	0000	067.9	000.0	0010	0014	-00.63	02	01	0897	08
63	0016	08	12	15	10	00437	05.8	+04.8	0000	067.9	000.0	0016	0019	-00.73	02	01	0897	08
63	0017	08	12	15	10	00435	05.8	+04.7	0000	067.9	000.0	0019	0024	-00.71	02	01	0897	08
63	0018	08	12	15	10	00437	05.8	+04.9	0000	067.9	000.0	0019	0028	-00.57	02	01	0897	08
63	0019	08	12	15	10	00435	05.7	+04.6	0000	067.9	000.0	0020	0033	-00.51	02	01	0897	08
63	0020	08	12	15	10	00437	05.8	+04.7	0000	067.9	000.0	0018	0038	-00.42	02	01	0897	08
63	0021	08	12	15	10	00443	05.8	+04.7	0000	067.9	000.0	0015	0043	-00.29	02	01	0897	08
63	0022	08	12	15	11	00441	05.8	+04.8	0000	067.9	000.0	0013	0048	-00.23	02	01	0897	08
63	0023	08	12	15	11	00441	05.9	+04.9	0000	067.9	000.0	0011	0052	-00.18	02	01	0897	08
63	0024	08	12	15	11	00437	05.8	+04.8	0000	067.9	000.0	0011	0057	-00.17	02	01	0897	08
63	0025	08	12	15	11	00434	05.8	+04.8	0000	067.9	000.0	0012	0062	-00.17	02	01	0897	08
64	0001	08	12	15	13	00420	05.8	+04.8	0000	068.3	000.0	0000	0000	+00.00	02	00	0897	08
64	0002	08	12	15	13	00423	05.9	+04.8	0000	068.3	000.0	0000	0004	+00.00	02	00	0897	08
64	0003	08	12	15	13	00429	05.8	+04.8	0000	068.3	000.0	0000	0009	+00.00	02	00	0895	08
64	0004	08	12	15	14	00432	05.9	+04.9	0000	068.3	000.0	0012	0014	+00.76	02	00	0897	08
64	0005	08	12	15	14	00435	05.8	+04.7	0000	068.3	000.0	0015	0019	+00.69	02	00	0897	08
64	0006	08	12	15	14	00435	05.9	+04.9	0000	068.3	000.0	0016	0024	+00.58	02	00	0897	08
64	0007	08	12	15	14	00429	05.8	+04.7	0000	068.3	000.0	0012	0028	+00.36	02	00	0897	08
64	0008	08	12	15	14	00429	05.9	+04.8	0000	068.4	000.0	0009	0033	+00.24	02	00	0897	08
64	0009	08	12	15	14	00427	05.9	+04.9	0000	068.4	000.0	0006	0038	+00.15	02	00	0897	08
64	0010	08	12	15	15	00427	05.8	+04.6	0000	068.4	000.0	0004	0043	+00.09	02	00	0897	08
64	0011	08	12	15	15	00426	05.8	+04.6	0000	068.4	000.0	0002	0048	+00.04	02	00	0895	08
64	0012	08	12	15	15	00430	05.8	+04.6	0000	068.4	000.0	0002	0052	+00.04	02	00	0897	08
64	0013	08	12	15	15	00428	05.8	+04.8	0000	068.4	000.0	0002	0057	+00.03	02	00	0895	08
64	0014	08	12	15	15	00426	05.9	+04.8	0000	068.4	000.0	0001	0062	+00.01	02	00	0897	08
65	0001	08	12	15	17	00428	05.9	+04.8	0000	068.7	000.0	0000	0000	+00.00	02	00	0897	08
65	0002	08	12	15	17	00431	05.9	+04.8	0000	068.7	000.0	0000	0004	+00.00	02	00	0897	08
65	0003	08	12	15	17	00433	05.8	+04.6	0000	068.7	000.0	0000	0009	+00.00	02	00	0897	08
65	0004	08	12	15	17	00436	05.8	+04.7	0000	068.7	000.0	0007	0014	+00.44	02	00	0897	08
65	0005	08	12	15	17	00433	05.9	+04.8	0000	068.7	000.0	0005	0019	+00.26	02	00	0897	08
65	0006	08	12	15	18	00433	05.8	+04.7	0000	068.7	000.0	0004	0024	+00.16	02	00	0897	08
65	0007	08	12	15	18	00431	05.9	+04.8	0000	068.7	000.0	0002	0028	+00.07	02	00	0897	08
65	0008	08	12	15	18	00431	05.9	+04.8	0000	068.7	000.0	0001	0033	+00.03	02	00	0895	08
65	0009	08	12	15	18	00435	05.8	+04.7	0000	068.7	000.0	0003	0038	+00.06	02	00	0897	08
65	0010	08	12	15	18	00435	05.9	+04.7	0000	068.7	000.0	0003	0043	+00.07	02	00	0897	08
65	0011	08	12	15	18	00434	05.9	+04.8	0000	068.7	000.0	0003	0048	+00.06	02	00	0895	08
65	0012	08	12	15	19	00429	05.9	+04.7	0000	068.8	000.0	0001	0052	+00.03	02	00	0895	08
65	0013	08	12	15	19	00430	05.9	+04.8	0000	068.8	000.0	0000	0057	+00.00	02	00	0895	08
65	0014	08	12	15	19	00432	05.8	+04.7	0000	068.8	000.0	0000	0062	+00.00	02	00	0895	08
66	0001	08	12	15	20	00399	06.0	+05.0	0000	069.2	000.0	0000	0000	+00.00	02	00	0897	08
66	0002	08	12	15	21	00400	06.0	+04.9	0000	069.2	000.0	0000	0004	+00.00	02	00	0897	08
66	0003	08	12	15	21	00405	05.9	+04.8	0000	069.2	000.0	0000	0009	+00.00	02	00	0897	08
66	0004	08	12	15	21	00410	06.0	+04.9	0000	069.2	000.0	0011	0014	+00.69	02	00	0895	08
66	0005	08	12	15	21	00412	06.0	+04.9	0000	069.2	000.0	0014	0019	+00.65	02	00	0897	08
66	0006	08	12	15	21	00415	05.9	+04.8	0000	069.2	000.0	0017	0024	+00.61	02	00	0897	08
66	0007	08	12	15	21	00417	05.9	+04.8	0000	069.2	000.0	0019	0028	+00.58	02	00	0897	08
66	0008	08	12	15	21	00419	06.0	+05.0	0000	069.1	000.0	0021	0033	+00.54	02	00	0897	08
66	0009	08	12	15	22	00422	06.0	+05.0	0000	069.1	000.0	0023	0038	+00.53	02	00	0897	08
66	0010	08	12	15	22	00425	05.9	+04.8	0000	069.1	000.0	0026	0043	+00.52	02	00	0897	08
66	0011	08	12	15	22	00430	05.9	+04.8	0000	069.0	000.0	0029	0048	+00.53	02	00	0897	08
66	0012	08	12	15	22	00431	05.9	+04.8	0000	069.0	000.0	0032	0052	+00.52	02	00	0895	08
66	0013	08	12	15	22	00431	05.9	+04.9	0000	069.0	000.0	0033	0057	+00.50	02	00	0897	08
66	0014	08	12	15	22	00430	05.9	+04.8	0000	069.0	000.0	0034	0062	+00.46	02	00	0897	08
67	0001	08	12	15	27	00484	06.0	+05.2	0000	068.4	000.0	0000	0000	+00.00	02	00	0895	08
67	0002	08	12	15	27	00484	06.0	+05.2	0000	068.6	000.0	0000	0004	+00.00	02	00	0895	08
67	0003	08	12	15	27	00489	06.0	+05.1	0000	068.6	000.0	0000	0009	+00.00	02	00	0895	08
67	0004	08	12	15	27	00491	06.0	+05.1	0000	068.6	000.0	0007	0014	+00.47	02	00	0895	08
67	0005	08	12	15	27	00490	06.0	+05.1	0000	068.6	000.0	0007	0019	+00.34	02	00	0895	08
67	0006	08	12	15	27	00491	06.0	+05.2	0000	068.6	000.0	0007	0024	+00.28	02	00	0897	08
67	0007	08	12	15	27	00488	06.0	+05.1	0000	068.6	000.0	0005	0028	+00.16	02	00	0897	08
67	0008	08	12	15	28	00486	06.1	+05.3	0000	068.5	000.0	0002	0033	+00.07	02	00	0895	08
67	0009	08	12	15	28	00485	06.1	+05.3	0000	068.5	000.0	0000	0038	+00.02	02	00	0897	08
67	0010	08	12	15	28	00484	06.0	+05.1	0000	068.5	000.0	0000	0043	-00.01	02	01	0897	08
67	0011	08	12	15	28	00481	06.0	+05.2	0000	068.5	000.0	0003	0048	-00.06	02	01	0895	08
67	0012	08	12	15	28	00476	06.0	+05.1	0000	068.5	000.0	0007	0052	-00.12	02	01	0895	08
67	0013	08	12	15	28	00477	06.0	+05.2	0000	068.5	000.0	0010	0057	-00.15	02	01	0897	08
67	0014	08	12	15	28	00476	06.0	+05.1	0000	068.4	000.0	0012	0062	-00.16	02	01	0895	08
68	0001	08	12	15	31	00414	06.1	+05.3	0000	068.4	000.0	0000	0000	+00.00	02	00	0897	08
68	0002	08	12	15	31	00416	05.9	+05.1	0000	068.2	000.0	0000	0004	+00.00	02	00	0895	08
68	0003	08	12	15	32	00416	06.0	+05.3	0000	068.1	000.0	0000	0009	+00.00	02	00	0897	08
68	0004	08	12	15	32	00416	06.0	+05.2	0000	068.1	000.0	0001	0014	+00.08	02	00	0897	08
68	0005	08	12	15	32	00415	06.0	+05.2	0000	068.0	000.0	0000	0019	+00.03	02	00	0897	08
68	0006	08	12	15	32	00421	06.0	+05.3	0000	068.0	000.0	0004	0024	+00.16	02	00	0897	08
68	0007	08	12	15	32	00424	06.0	+05.3	0000	068.0	000.0	0008	0028	+00.23	02	00	0897	08
68	0008	08	12	15	32	00425	06.0	+05.2	0000	068.0	000.0	0010	0033	+00.27	02	00	0897	08
68	0009	08	12	15	33	00429	06.0	+05.3	0000	068.0	000.0	0014	0038	+00.31	02	00	0897	08
68	0010	08	12	15	33	00429	05.9	+05.2	0000	067.9	000.0	0016	0043	+00.32	02	00	0895	08
68	0011	08	12	15	33	00430	05.9	+05.2	0000	067.9	000.0	0017	0048	+00.31	02	00	0897	08
68	0012	08	12	15	33	00430	05.9	+05.2	0000	067.9	000.0	0018	0052	+00.30	02	00	0895	08
68	0013	08	12	15	33	00427	05.9	+05.1	0000	067.8	000.0	0017	0057	+00.26	02	00	0895	08
68	0014	08	12	15	33	00420	05.9	+05.2	0000	067.8	000.0	0014	0062	+00.20	02	00	0897	08
69	0001	08	12	15	41	00525	05.6	+04.9	0000	065.4	000.0	0000	0000	+00.00	02	00	0895	08
69	0002	08	12	15	41	00524	05.7	+05.0	0000	065.4	000.0	0000	0004	+00.00	02	00	0895	08
69	0003	08	12	15	41	00521	05.7	+05.0	0000	065.4	000.0	0000	0009	+00.00	02	00	0895	08
69	0004	08	12	15	42	00528	05.6	+04.9	0000	065.4	000.0	0001	0014	+00.10	02	00	0895	08
69	0005	08	12	15	42	00539	05.6	+04.9	0000	065.4	000.0	0013	0019	+00.57	02	00	0895	08
69	0006	08	12	15	42	00551	05.6	+04.9	0000	065.4	000.0	0026	0024	+00.93	02	00	0895	08
69	0007	08	12	15	42	00568	05.6	+04.9	0000	065.3	000.0	0043	0028	+01.28	02	00	0895	08
69	0008	08	12	15	42	00598	05.6	+05.0	0000	065.3	000.0	0069	0033	+01.76	02	00	0895	08
69	0009	08	12	15	42	00621	05.6	+04.8	0000	065.2	000.0	0096	0038	+02.13	02	00	0895	08
69	0010	08	12	15	43	00634	05.6	+04.8	0000	065.2	000.0	0118	0043	+02.34	02	00	0897	08
69	0011	08	12	15	43	00651	05.6	+05.0	0000	065.2	000.0	0140	0048	+02.48	02	00	0895	08
69	0012	08	12	15	43	00665	05.6	+04.8	0000	065.2	000.0	0158	0052	+02.56	02	00	0895	08
69	0013	08	12	15	43	00678	05.7	+05.0	0000	065.2	000.0	0176	0057	+02.60	02	00	0895	08
69	0014	08	12	15	43	00697	05.6	+04.9	0000	065.2	000.0	0194	0062	+02.65	02	00	0895	08
01	0001	09	12	10	40	00796	06.0	+05.3	0000	067.6	000.0	0000	0000	+00.00	00	00	0888	08
01	0002	09	12	10	40	00806	06.0	+05.2	0000	067.6	000.0	0000	0004	+00.00	00	00	0888	08
01	0003	09	12	10	40	00816	06.0	+05.3	0000	067.6	000.0	0000	0009	+00.00	00	00	0888	08
01	0004	09	12	10	40	00824	06.0	+05.2	0000	067.6	000.0	0028	0014	+01.65	02	00	0888	08
01	0005	09	12	10	40	00832	06.0	+05.4	0000	067.6	000.0	0035	0019	+01.58	02	00	0888	08
01	0006	09	12	10	40	00841	06.0	+05.4	0000	067.6	000.0	0044	0024	+01.56	02	00	0888	08
01	0007	09	12	10	40	00850	05.9	+05.2	0000	067.6	000.0	0053	0028	+01.56	02	00	0888	08
01	0008	09	12	10	40	00859	06.0	+05.2	0000	067.6	000.0	0062	0033	+01.57	02	00	0888	08
01	0009	09	12	10	40	00868	06.0	+05.3	0000	067.6	000.0	0071	0038	+01.57	02	00	0888	08
01	0010	09	12	10	40	00877	06.0	+05.3	0000	067.6	000.0	0080	0043	+01.57	02	00	0888	08
01	0011	09	12	10	40	00888	05.9	+05.2	0000	067.6	000.0	0090	0048	+01.58	02	00	0887	08
01	0012	09	12	10	40	00895	06.1	+05.5	0000	067.6	000.0	0098	0052	+01.58	02	00	0887	08
01	0013	09	12	10	40	00902	06.0	+05.3	0000	067.6	000.0	0106	0057	+01.57	02	00	0888	08
01	0014	09	12	10	41	00910	06.0	+05.4	0000	067.6	000.0	0114	0062	+01.55	02	00	0888	08
02	0001	09	12	10	44	00628	06.2	+05.6	0000	068.5	000.0	0000	0000	+00.00	02	00	0888	08
02	0002	09	12	10	44	00636	06.2	+05.6	0000	068.5	000.0	0000	0004	+00.00	02	00	0888	08
02	0003	09	12	10	44	00645	06.1	+05.5	0000	068.5	000.0	0000	0009	+00.00	02	00	0888	08
02	0004	09	12	10	44	00653	06.1	+05.4	0000	068.5	000.0	0024	0014	+01.45	02	00	0888	08
02	0005	09	12	10	44	00659	06.1	+05.4	0000	068.5	000.0	0031	0019	+01.38	02	00	0888	08
02	0006	09	12	10	44	00665	06.1	+05.4	0000	068.4	000.0	0037	0024	+01.32	02	00	0888	08
02	0007	09	12	10	44	00674	06.2	+05.6	0000	068.4	000.0	0044	0028	+01.32	02	00	0888	08
02	0008	09	12	10	44	00683	06.1	+05.4	0000	068.4	000.0	0053	0033	+01.34	02	00	0888	08
02	0009	09	12	10	45	00690	06.1	+05.4	0000	068.4	000.0	0060	0038	+01.34	02	00	0888	08
02	0010	09	12	10	45	00697	06.1	+05.4	0000	068.4	000.0	0068	0043	+01.34	02	00	0888	08
02	0011	09	12	10	45	00703	06.1	+05.4	0000	068.4	000.0	0075	0048	+01.33	02	00	0888	08
02	0012	09	12	10	45	00710	06.1	+05.5	0000	068.4	000.0	0082	0052	+01.32	02	00	0887	08
02	0013	09	12	10	45	00717	06.1	+05.4	0000	068.4	000.0	0089	0057	+01.30	02	00	0888	08
02	0014	09	12	10	45	00721	06.2	+05.6	0000	068.4	000.0	0094	0062	+01.28	02	00	0888	08
03	0001	09	12	10	46	00778	06.2	+05.6	0000	068.5	000.0	0000	0000	+00.00	02	00	0888	08
03	0002	09	12	10	46	00784	06.1	+05.4	0000	068.6	000.0	0000	0004	+00.00	02	00	0888	08
03	0003	09	12	10	46	00791	06.2	+05.6	0000	068.6	000.0	0000	0009	+00.00	02	00	0888	08
03	0004	09	12	10	46	00797	06.2	+05.6	0000	068.7	000.0	0019	0014	+01.15	02	00	0888	08
03	0005	09	12	10	46	00802	06.1	+05.5	0000	068.6	000.0	0024	0019	+01.08	02	00	0888	08
03	0006	09	12	10	46	00809	06.1	+05.4	0000	068.6	000.0	0031	0024	+01.09	02	00	0888	08
03	0007	09	12	10	46	00814	06.2	+05.6	0000	068.6	000.0	0036	0028	+01.07	02	00	0888	08
03	0008	09	12	10	46	00824	06.1	+05.5	0000	068.6	000.0	0044	0033	+01.12	02	00	0888	08
03	0009	09	12	10	46	00831	06.1	+05.4	0000	068.6	000.0	0052	0038	+01.15	02	00	0888	08
03	0010	09	12	10	46	00836	06.1	+05.4	0000	068.6	000.0	0058	0043	+01.15	02	00	0888	08
03	0011	09	12	10	47	00842	06.2	+05.6	0000	068.5	000.0	0065	0048	+01.15	02	00	0888	08
03	0012	09	12	10	47	00849	06.1	+05.5	0000	068.5	000.0	0071	0052	+01.14	02	00	0888	08
03	0013	09	12	10	47	00853	06.1	+05.5	0000	068.5	000.0	0076	0057	+01.13	02	00	0888	08
03	0014	09	12	10	47	00861	06.1	+05.5	0000	068.5	000.0	0083	0062	+01.13	02	00	0888	08
04	0001	09	12	10	49	01066	06.2	+05.6	0000	068.5	000.0	0000	0000	+00.00	02	00	0887	08
04	0002	09	12	10	49	01073	06.2	+05.6	0000	068.4	000.0	0000	0004	+00.00	02	00	0887	08
04	0003	09	12	10	49	01078	06.1	+05.6	0000	068.3	000.0	0000	0009	+00.00	02	00	0888	08
04	0004	09	12	10	49	01087	06.2	+05.6	0000	068.2	000.0	0020	0014	+01.21	02	00	0887	08
04	0005	09	12	10	49	01092	06.2	+05.6	0000	068.2	000.0	0027	0019	+01.19	02	00	0887	08
04	0006	09	12	10	50	01095	06.1	+05.5	0000	068.2	000.0	0030	0024	+01.08	02	00	0888	08
04	0007	09	12	10	50	01102	06.1	+05.5	0000	068.1	000.0	0036	0028	+01.06	02	00	0888	08
04	0008	09	12	10	50	01107	06.1	+05.5	0000	068.1	000.0	0041	0033	+01.03	02	00	0888	08
04	0009	09	12	10	50	01110	06.2	+05.7	0000	068.1	000.0	0044	0038	+00.98	02	00	0888	08
04	0010	09	12	10	50	01116	06.2	+05.6	0000	068.1	000.0	0049	0043	+00.96	02	00	0887	08
04	0011	09	12	10	50	01122	06.1	+05.4	0000	068.1	000.0	0054	0048	+00.96	02	00	0887	08
04	0012	09	12	10	50	01124	06.2	+05.7	0000	068.1	000.0	0058	0052	+00.93	02	00	0888	08
04	0013	09	12	10	50	01128	06.1	+05.4	0000	068.1	000.0	0061	0057	+00.90	02	00	0888	08
04	0014	09	12	10	50	01139	06.2	+05.7	0000	068.1	000.0	0067	0062	+00.92	02	00	0887	08
06	0001	09	12	10	56	00630	06.0	+05.5	0000	067.2	000.0	0000	0000	+00.00	02	00	0888	08
06	0002	09	12	10	56	00636	06.1	+05.6	0000	067.2	000.0	0000	0004	+00.00	02	00	0888	08
06	0003	09	12	10	56	00642	06.0	+05.4	0000	067.2	000.0	0000	0009	+00.00	02	00	0887	08
06	0004	09	12	10	56	00646	06.1	+05.6	0000	067.3	000.0	0016	0014	+00.98	02	00	0887	08
06	0005	09	12	10	56	00652	06.0	+05.3	0000	067.3	000.0	0021	0019	+00.96	02	00	0887	08
06	0006	09	12	10	56	00655	06.1	+05.5	0000	067.4	000.0	0025	0024	+00.91	02	00	0888	08
06	0007	09	12	10	56	00658	06.0	+05.4	0000	067.4	000.0	0028	0028	+00.85	02	00	0888	08
06	0008	09	12	10	56	00664	06.0	+05.4	0000	067.4	000.0	0033	0033	+00.83	02	00	0888	08
06	0009	09	12	10	56	00668	06.0	+05.4	0000	067.4	000.0	0037	0038	+00.81	02	00	0888	08
06	0010	09	12	10	57	00673	06.0	+05.4	0000	067.4	000.0	0041	0043	+00.81	02	00	0888	08
06	0011	09	12	10	57	00678	06.0	+05.4	0000	067.4	000.0	0046	0048	+00.81	02	00	0888	08
06	0012	09	12	10	57	00682	06.0	+05.4	0000	067.4	000.0	0050	0052	+00.81	02	00	0888	08
06	0013	09	12	10	57	00685	06.0	+05.4	0000	067.4	000.0	0054	0057	+00.80	02	00	0888	08
06	0014	09	12	10	57	00686	06.0	+05.4	0000	067.4	000.0	0057	0062	+00.77	02	00	0888	08
07	0001	09	12	10	59	00745	06.0	+05.4	0000	067.6	000.0	0000	0000	+00.00	02	00	0888	08
07	0002	09	12	10	59	00751	06.0	+05.4	0000	067.6	000.0	0000	0004	+00.00	02	00	0888	08
07	0003	09	12	10	59	00757	06.0	+05.4	0000	067.5	000.0	0000	0009	+00.00	02	00	0888	08
07	0004	09	12	10	59	00762	06.1	+05.6	0000	067.6	000.0	0017	0014	+01.05	02	00	0888	08
07	0005	09	12	10	59	00771	06.1	+05.5	0000	067.6	000.0	0025	0019	+01.13	02	00	0887	08
07	0006	09	12	10	59	00774	06.1	+05.6	0000	067.6	000.0	0030	0024	+01.06	02	00	0888	08
07	0007	09	12	11	00	00780	06.1	+05.6	0000	067.6	000.0	0035	0028	+01.04	02	00	0888	08
07	0008	09	12	11	00	00785	06.1	+05.6	0000	067.6	000.0	0040	0033	+01.02	02	00	0888	08
07	0009	09	12	11	00	00792	06.0	+05.4	0000	067.6	000.0	0046	0038	+01.02	02	00	0888	08
07	0010	09	12	11	00	00798	06.0	+05.4	0000	067.6	000.0	0052	0043	+01.03	02	00	0888	08
07	0011	09	12	11	00	00803	06.1	+05.5	0000	067.6	000.0	0058	0048	+01.02	02	00	0888	08
07	0012	09	12	11	00	00808	06.1	+05.6	0000	067.6	000.0	0063	0052	+01.01	02	00	0888	08
07	0013	09	12	11	00	00813	06.0	+05.4	0000	067.6	000.0	0068	0057	+01.00	02	00	0887	08
07	0014	09	12	11	00	00814	06.1	+05.5	0000	067.6	000.0	0072	0062	+00.97	02	00	0888	08
08	0001	09	12	11	01	00847	06.1	+05.6	0000	067.6	000.0	0000	0000	+00.00	02	00	0888	08
08	0002	09	12	11	01	00852	06.1	+05.5	0000	067.6	000.0	0000	0004	+00.00	02	00	0888	08
08	0003	09	12	11	01	00856	06.0	+05.4	0000	067.5	000.0	0000	0009	+00.00	02	00	0888	08
08	0004	09	12	11	01	00861	06.0	+05.5	0000	067.4	000.0	0013	0014	+00.80	02	00	0888	08
08	0005	09	12	11	02	00867	06.0	+05.4	0000	067.4	000.0	0019	0019	+00.85	02	00	0888	08
08	0006	09	12	11	02	00872	06.0	+05.5	0000	067.3	000.0	0024	0024	+00.87	02	00	0888	08
08	0007	09	12	11	02	00876	06.1	+05.6	0000	067.3	000.0	0029	0028	+00.85	02	00	0888	08
08	0008	09	12	11	02	00883	06.0	+05.5	0000	067.3	000.0	0034	0033	+00.88	02	00	0888	08
08	0009	09	12	11	02	00890	06.0	+05.4	0000	067.3	000.0	0041	0038	+00.91	02	00	0887	08
08	0010	09	12	11	02	00896	06.0	+05.5	0000	067.3	000.0	0047	0043	+00.93	02	00	0888	08
08	0011	09	12	11	02	00905	06.1	+05.7	0000	067.3	000.0	0055	0048	+00.98	02	00	0888	08
08	0012	09	12	11	02	00912	06.1	+05.6	0000	067.3	000.0	0063	0052	+01.01	02	00	0888	08
08	0013	09	12	11	02	00919	06.0	+05.5	0000	067.3	000.0	0071	0057	+01.04	02	00	0888	08
08	0014	09	12	11	02	00925	06.0	+05.5	0000	067.2	000.0	0078	0062	+01.06	02	00	0887	08
09	0001	09	12	11	04	00973	06.1	+05.6	0000	067.2	000.0	0000	0000	+00.00	02	00	0888	08
09	0002	09	12	11	04	00978	06.1	+05.6	0000	067.3	000.0	0000	0004	+00.00	02	00	0888	08
09	0003	09	12	11	04	00983	06.0	+05.5	0000	067.3	000.0	0000	0009	+00.00	02	00	0888	08
09	0004	09	12	11	04	00984	06.1	+05.6	0000	067.2	000.0	0011	0014	+00.68	02	00	0887	08
09	0005	09	12	11	05	00988	06.1	+05.6	0000	067.2	000.0	0014	0019	+00.63	02	00	0887	08
09	0006	09	12	11	05	00990	06.0	+05.5	0000	067.2	000.0	0016	0024	+00.58	02	00	0888	08
09	0007	09	12	11	05	00990	06.1	+05.6	0000	067.2	000.0	0017	0028	+00.51	02	00	0888	08
09	0008	09	12	11	05	00994	06.1	+05.6	0000	067.2	000.0	0019	0033	+00.49	02	00	0888	08
09	0009	09	12	11	05	00994	06.0	+05.5	0000	067.2	000.0	0020	0038	+00.44	02	00	0888	08
09	0010	09	12	11	05	00996	06.0	+05.4	0000	067.2	000.0	0021	0043	+00.42	02	00	0888	08
09	0011	09	12	11	05	00999	06.0	+05.5	0000	067.2	000.0	0023	0048	+00.40	02	00	0887	08
09	0012	09	12	11	05	00998	06.1	+05.6	0000	067.2	000.0	0023	0052	+00.38	02	00	0888	08
09	0013	09	12	11	05	01001	06.1	+05.6	0000	067.2	000.0	0025	0057	+00.37	02	00	0888	08
09	0014	09	12	11	05	01004	06.1	+05.6	0000	067.2	000.0	0027	0062	+00.36	02	00	0888	08
10	0001	09	12	11	11	01318	06.2	+06.1	0000	066.0	000.0	0000	0000	+00.00	02	00	0887	08
10	0002	09	12	11	11	01317	06.2	+06.1	0000	066.0	000.0	0000	0004	+00.00	02	00	0887	08
10	0003	09	12	11	11	01317	06.2	+06.1	0000	066.0	000.0	0000	0009	+00.00	02	00	0887	08
10	0004	09	12	11	11	01317	06.2	+06.3	0000	066.0	000.0	0001	0014	-00.08	02	01	0887	08
10	0005	09	12	11	11	01315	06.2	+06.1	0000	065.9	000.0	0002	0019	-00.11	02	01	0887	08
10	0006	09	12	11	11	01314	06.2	+06.2	0000	065.9	000.0	0004	0024	-00.15	02	01	0887	08
10	0007	09	12	11	12	01313	06.2	+06.2	0000	065.8	000.0	0005	0028	-00.16	02	01	0887	08
10	0008	09	12	11	12	01310	06.2	+06.3	0000	065.8	000.0	0007	0033	-00.19	02	01	0887	08
10	0009	09	12	11	12	01310	06.2	+06.1	0000	065.8	000.0	0008	0038	-00.19	02	01	0887	08
10	0010	09	12	11	12	01307	06.2	+06.3	0000	065.7	000.0	0010	0043	-00.21	02	01	0888	08
10	0011	09	12	11	12	01311	06.2	+06.3	0000	065.7	000.0	0010	0048	-00.18	02	01	0887	08
10	0012	09	12	11	12	01314	06.1	+06.1	0000	065.6	000.0	0008	0052	-00.13	02	01	0887	08
10	0013	09	12	11	12	01315	06.1	+06.2	0000	065.6	000.0	0007	0057	-00.10	02	01	0887	08
10	0014	09	12	11	12	01315	06.2	+06.3	0000	065.6	000.0	0005	0062	-00.07	02	01	0887	08
11	0001	09	12	11	15	01376	06.3	+06.4	0000	065.6	000.0	0000	0000	+00.00	02	00	0887	08
11	0002	09	12	11	15	01384	06.2	+06.1	0000	065.5	000.0	0000	0004	+00.00	02	00	0887	08
11	0003	09	12	11	15	01392	06.2	+06.2	0000	065.5	000.0	0000	0009	+00.00	02	00	0887	08
11	0004	09	12	11	15	01392	06.2	+06.3	0000	065.4	000.0	0017	0014	+00.99	02	00	0888	08
11	0005	09	12	11	15	01399	06.1	+06.1	0000	065.4	000.0	0021	0019	+00.94	02	00	0887	08
11	0006	09	12	11	15	01398	06.2	+06.2	0000	065.3	000.0	0022	0024	+00.78	02	00	0888	08
11	0007	09	12	11	15	01408	06.1	+06.2	0000	065.3	000.0	0028	0028	+00.83	02	00	0887	08
11	0008	09	12	11	15	01411	06.2	+06.4	0000	065.3	000.0	0032	0033	+00.81	02	00	0887	08
11	0009	09	12	11	15	01414	06.2	+06.3	0000	065.3	000.0	0035	0038	+00.78	02	00	0887	08
11	0010	09	12	11	15	01417	06.2	+06.3	0000	065.2	000.0	0038	0043	+00.76	02	00	0887	08
11	0011	09	12	11	15	01419	06.2	+06.4	0000	065.2	000.0	0041	0048	+00.73	02	00	0887	08
11	0012	09	12	11	15	01423	06.1	+06.1	0000	065.2	000.0	0044	0052	+00.71	02	00	0887	08
11	0013	09	12	11	16	01428	06.1	+06.2	0000	065.2	000.0	0048	0057	+00.70	02	00	0887	08
11	0014	09	12	11	16	01432	06.1	+06.2	0000	065.2	000.0	0052	0062	+00.70	02	00	0887	08
12	0001	09	12	11	18	00448	06.3	+06.3	0000	066.0	000.0	0000	0000	+00.00	02	00	0887	08
12	0002	09	12	11	18	00448	06.2	+06.2	0000	066.0	000.0	0000	0004	+00.00	02	00	0887	08
12	0003	09	12	11	18	00449	06.2	+06.1	0000	066.0	000.0	0000	0009	+00.00	02	00	0887	08
12	0004	09	12	11	18	00452	06.2	+06.2	0000	066.0	000.0	0004	0014	+00.24	02	00	0887	08
12	0005	09	12	11	18	00450	06.2	+06.2	0000	066.0	000.0	0003	0019	+00.15	02	00	0887	08
12	0006	09	12	11	18	00450	06.2	+06.1	0000	066.0	000.0	0002	0024	+00.10	02	00	0887	08
12	0007	09	12	11	18	00452	06.2	+06.1	0000	066.0	000.0	0003	0028	+00.10	02	00	0887	08
12	0008	09	12	11	18	00456	06.2	+06.2	0000	066.0	000.0	0006	0033	+00.15	02	00	0887	08
12	0009	09	12	11	18	00454	06.2	+06.0	0000	066.0	000.0	0006	0038	+00.15	02	00	0887	08
12	0010	09	12	11	18	00456	06.2	+06.2	0000	066.0	000.0	0007	0043	+00.15	02	00	0887	08
12	0011	09	12	11	18	00459	06.2	+06.2	0000	066.0	000.0	0009	0048	+00.17	02	00	0887	08
12	0012	09	12	11	19	00461	06.2	+06.0	0000	066.0	000.0	0012	0052	+00.19	02	00	0887	08
12	0013	09	12	11	19	00464	06.2	+06.2	0000	066.0	000.0	0014	0057	+00.21	02	00	0887	08
12	0014	09	12	11	19	00466	06.2	+06.1	0000	066.0	000.0	0017	0062	+00.23	02	00	0887	08
13	0001	09	12	11	20	00489	06.2	+06.2	0000	066.0	000.0	0000	0000	+00.00	02	00	0887	08
13	0002	09	12	11	20	00490	06.1	+06.0	0000	066.0	000.0	0000	0004	+00.00	02	00	0887	08
13	0003	09	12	11	20	00490	06.2	+06.2	0000	066.0	000.0	0000	0009	+00.00	02	00	0887	08
13	0004	09	12	11	21	00493	06.2	+06.2	0000	066.0	000.0	0003	0014	+00.20	02	00	0887	08
13	0005	09	12	11	21	00494	06.1	+06.0	0000	066.0	000.0	0005	0019	+00.23	02	00	0887	08
13	0006	09	12	11	21	00497	06.1	+06.0	0000	066.0	000.0	0008	0024	+00.29	02	00	0887	08
13	0007	09	12	11	21	00501	06.2	+06.2	0000	066.0	000.0	0011	0028	+00.33	02	00	0887	08
13	0008	09	12	11	21	00503	06.1	+06.0	0000	066.0	000.0	0014	0033	+00.37	02	00	0887	08
13	0009	09	12	11	21	00507	06.2	+06.2	0000	066.0	000.0	0018	0038	+00.40	02	00	0887	08
13	0010	09	12	11	21	00510	06.1	+06.0	0000	066.0	000.0	0022	0043	+00.43	02	00	0887	08
13	0011	09	12	11	21	00514	06.1	+06.0	0000	066.0	000.0	0025	0048	+00.45	02	00	0887	08
13	0012	09	12	11	21	00516	06.2	+06.2	0000	066.0	000.0	0029	0052	+00.46	02	00	0887	08
13	0013	09	12	11	21	00519	06.1	+06.0	0000	066.0	000.0	0032	0057	+00.47	02	00	0887	08
13	0014	09	12	11	21	00524	06.1	+06.0	0000	066.0	000.0	0036	0062	+00.49	02	00	0887	08
14	0001	09	12	11	23	00569	06.2	+06.0	0000	066.4	000.0	0000	0000	+00.00	02	00	0887	08
14	0002	09	12	11	23	00571	06.3	+06.2	0000	066.4	000.0	0000	0004	+00.00	02	00	0887	08
14	0003	09	12	11	23	00574	06.2	+06.0	0000	066.4	000.0	0000	0009	+00.00	02	00	0887	08
14	0004	09	12	11	23	00578	06.2	+06.0	0000	066.4	000.0	0009	0014	+00.53	02	00	0887	08
14	0005	09	12	11	23	00579	06.2	+06.0	0000	066.4	000.0	0010	0019	+00.46	02	00	0887	08
14	0006	09	12	11	23	00579	06.2	+06.0	0000	066.4	000.0	0011	0024	+00.39	02	00	0887	08
14	0007	09	12	11	23	00581	06.2	+06.0	0000	066.4	000.0	0012	0028	+00.36	02	00	0888	08
14	0008	09	12	11	23	00587	06.2	+06.1	0000	066.4	000.0	0016	0033	+00.40	02	00	0887	08
14	0009	09	12	11	23	00590	06.2	+06.0	0000	066.4	000.0	0019	0038	+00.43	02	00	0887	08
14	0010	09	12	11	24	00591	06.2	+06.1	0000	066.4	000.0	0022	0043	+00.44	02	00	0887	08
14	0011	09	12	11	24	00595	06.2	+06.0	0000	066.4	000.0	0025	0048	+00.45	02	00	0887	08
14	0012	09	12	11	24	00595	06.2	+06.1	0000	066.4	000.0	0027	0052	+00.44	02	00	0887	08
14	0013	09	12	11	24	00596	06.3	+06.2	0000	066.4	000.0	0029	0057	+00.42	02	00	0887	08
14	0014	09	12	11	24	00596	06.2	+06.1	0000	066.4	000.0	0030	0062	+00.40	02	00	0887	08
15	0001	09	12	11	26	00602	06.2	+06.0	0000	066.4	000.0	0000	0000	+00.00	02	00	0887	08
15	0002	09	12	11	26	00602	06.3	+06.1	0000	066.5	000.0	0000	0004	+00.00	02	00	0887	08
15	0003	09	12	11	26	00604	06.3	+06.2	0000	066.5	000.0	0000	0009	+00.00	02	00	0887	08
15	0004	09	12	11	26	00605	06.2	+06.0	0000	066.5	000.0	0003	0014	+00.22	02	00	0887	08
15	0005	09	12	11	26	00606	06.3	+06.2	0000	066.5	000.0	0004	0019	+00.22	02	00	0887	08
15	0006	09	12	11	26	00609	06.3	+06.2	0000	066.5	000.0	0007	0024	+00.26	02	00	0887	08
15	0007	09	12	11	26	00613	06.3	+06.2	0000	066.4	000.0	0010	0028	+00.31	02	00	0887	08
15	0008	09	12	11	26	00617	06.2	+06.1	0000	066.4	000.0	0015	0033	+00.38	02	00	0887	08
15	0009	09	12	11	26	00621	06.3	+06.2	0000	066.4	000.0	0019	0038	+00.42	02	00	0887	08
15	0010	09	12	11	26	00620	06.2	+06.0	0000	066.5	000.0	0021	0043	+00.42	02	00	0887	08
15	0011	09	12	11	26	00624	06.2	+06.0	0000	066.5	000.0	0024	0048	+00.42	02	00	0887	08
15	0012	09	12	11	26	00628	06.2	+06.0	0000	066.5	000.0	0027	0052	+00.44	02	00	0887	08
15	0013	09	12	11	27	00630	06.2	+06.1	0000	066.5	000.0	0030	0057	+00.44	02	00	0887	08
15	0014	09	12	11	27	00633	06.2	+06.0	0000	066.5	000.0	0033	0062	+00.45	02	00	0887	08
16	0001	09	12	11	30	00671	06.5	+06.4	0000	067.8	000.0	0000	0000	+00.00	02	00	0887	08
16	0002	09	12	11	30	00669	06.4	+06.2	0000	067.8	000.0	0000	0004	+00.00	02	00	0887	08
16	0003	09	12	11	30	00667	06.4	+06.3	0000	067.7	000.0	0000	0009	+00.00	02	00	0887	08
16	0004	09	12	11	30	00665	06.4	+06.3	0000	067.6	000.0	0005	0014	-00.33	02	01	0887	08
16	0005	09	12	11	30	00664	06.5	+06.4	0000	067.7	000.0	0007	0019	-00.31	02	01	0887	08
16	0006	09	12	11	30	00663	06.5	+06.4	0000	067.6	000.0	0008	0024	-00.28	02	01	0887	08
16	0007	09	12	11	31	00663	06.4	+06.3	0000	067.6	000.0	0008	0028	-00.24	02	01	0887	08
16	0008	09	12	11	31	00664	06.4	+06.4	0000	067.6	000.0	0007	0033	-00.19	02	01	0887	08
16	0009	09	12	11	31	00663	06.5	+06.5	0000	067.6	000.0	0007	0038	-00.16	02	01	0887	08
16	0010	09	12	11	31	00665	06.5	+06.4	0000	067.5	000.0	0006	0043	-00.12	02	01	0887	08
16	0011	09	12	11	31	00666	06.4	+06.4	0000	067.5	000.0	0005	0048	-00.08	02	01	0887	08
16	0012	09	12	11	31	00667	06.5	+06.5	0000	067.5	000.0	0003	0052	-00.05	02	01	0887	08
16	0013	09	12	11	31	00667	06.4	+06.4	0000	067.5	000.0	0002	0057	-00.03	02	01	0887	08
16	0014	09	12	11	31	00669	06.4	+06.4	0000	067.5	000.0	0001	0062	-00.01	02	01	0887	08
17	0001	09	12	11	33	00694	06.4	+06.4	0000	066.5	000.0	0000	0000	+00.00	02	00	0887	08
17	0002	09	12	11	33	00691	06.5	+06.6	0000	066.6	000.0	0000	0004	+00.00	02	00	0887	08
17	0003	09	12	11	33	00692	06.5	+06.6	0000	066.6	000.0	0000	0009	+00.00	02	00	0887	08
17	0004	09	12	11	33	00694	06.5	+06.6	0000	066.6	000.0	0000	0014	+00.02	02	00	0887	08
17	0005	09	12	11	33	00696	06.4	+06.5	0000	066.5	000.0	0002	0019	+00.11	02	00	0887	08
17	0006	09	12	11	34	00699	06.5	+06.6	0000	066.5	000.0	0005	0024	+00.19	02	00	0887	08
17	0007	09	12	11	34	00701	06.4	+06.5	0000	066.5	000.0	0008	0028	+00.25	02	00	0887	08
17	0008	09	12	11	34	00702	06.4	+06.5	0000	066.5	000.0	0010	0033	+00.26	02	00	0887	08
17	0009	09	12	11	34	00704	06.3	+06.4	0000	066.5	000.0	0012	0038	+00.28	02	00	0887	08
17	0010	09	12	11	34	00705	06.4	+06.6	0000	066.5	000.0	0014	0043	+00.28	02	00	0887	08
17	0011	09	12	11	34	00706	06.3	+06.4	0000	066.4	000.0	0015	0048	+00.27	02	00	0887	08
17	0012	09	12	11	34	00710	06.4	+06.7	0000	066.4	000.0	0018	0052	+00.29	02	00	0887	08
17	0013	09	12	11	34	00716	06.4	+06.5	0000	066.4	000.0	0021	0057	+00.32	02	00	0887	08
17	0014	09	12	11	34	00722	06.4	+06.6	0000	066.4	000.0	0026	0062	+00.36	02	00	0887	08
18	0001	09	12	11	35	00748	06.4	+06.6	0000	066.1	000.0	0000	0000	+00.00	02	00	0887	08
18	0002	09	12	11	35	00748	06.4	+06.6	0000	066.1	000.0	0000	0004	+00.00	02	00	0887	08
18	0003	09	12	11	35	00746	06.4	+06.7	0000	066.0	000.0	0000	0009	+00.00	02	00	0887	08
18	0004	09	12	11	35	00746	06.3	+06.4	0000	066.0	000.0	0003	0014	-00.17	02	01	0887	08
18	0005	09	12	11	35	00747	06.3	+06.5	0000	066.0	000.0	0001	0019	-00.07	02	01	0887	08
18	0006	09	12	11	36	00748	06.3	+06.5	0000	065.9	000.0	0000	0024	-00.02	02	01	0887	08
18	0007	09	12	11	36	00750	06.3	+06.5	0000	065.9	000.0	0001	0028	+00.03	02	00	0887	08
18	0008	09	12	11	36	00750	06.4	+06.6	0000	065.8	000.0	0002	0033	+00.06	02	00	0887	08
18	0009	09	12	11	36	00752	06.3	+06.5	0000	065.8	000.0	0004	0038	+00.09	02	00	0887	08
18	0010	09	12	11	36	00755	06.4	+06.6	0000	065.8	000.0	0006	0043	+00.13	02	00	0887	08
18	0011	09	12	11	36	00755	06.4	+06.7	0000	065.8	000.0	0008	0048	+00.15	02	00	0887	08
18	0012	09	12	11	36	00755	06.4	+06.6	0000	065.8	000.0	0009	0052	+00.15	02	00	0887	08
18	0013	09	12	11	36	00757	06.4	+06.6	0000	065.8	000.0	0010	0057	+00.16	02	00	0887	08
18	0014	09	12	11	36	00755	06.3	+06.4	0000	065.7	000.0	0011	0062	+00.15	02	00	0887	08
19	0001	09	12	11	37	00773	06.3	+06.6	0000	065.2	000.0	0000	0000	+00.00	02	00	0887	08
19	0002	09	12	11	37	00773	06.3	+06.5	0000	065.2	000.0	0000	0004	+00.00	02	00	0887	08
19	0003	09	12	11	37	00776	06.4	+06.7	0000	065.2	000.0	0000	0009	+00.00	02	00	0887	08
19	0004	09	12	11	37	00778	06.4	+06.7	0000	065.2	000.0	0006	0014	+00.35	02	00	0887	08
19	0005	09	12	11	37	00779	06.3	+06.5	0000	065.2	000.0	0007	0019	+00.30	02	00	0887	08
19	0006	09	12	11	38	00776	06.3	+06.5	0000	065.2	000.0	0005	0024	+00.18	02	00	0887	08
19	0007	09	12	11	38	00777	06.4	+06.7	0000	065.2	000.0	0005	0028	+00.14	02	00	0887	08
19	0008	09	12	11	38	00780	06.4	+06.7	0000	065.2	000.0	0005	0033	+00.15	02	00	0887	08
19	0009	09	12	11	38	00782	06.3	+06.6	0000	065.2	000.0	0007	0038	+00.16	02	00	0887	08
19	0010	09	12	11	38	00781	06.3	+06.6	0000	065.2	000.0	0008	0043	+00.15	02	00	0887	08
19	0011	09	12	11	38	00784	06.3	+06.5	0000	065.2	000.0	0009	0048	+00.17	02	00	0887	08
19	0012	09	12	11	38	00786	06.3	+06.5	0000	065.2	000.0	0011	0052	+00.18	02	00	0887	08
19	0013	09	12	11	38	00788	06.3	+06.5	0000	065.2	000.0	0013	0057	+00.19	02	00	0887	08
19	0014	09	12	11	38	00788	06.3	+06.6	0000	065.2	000.0	0014	0062	+00.20	02	00	0887	08
20	0001	09	12	11	39	00787	06.3	+06.6	0000	065.2	000.0	0000	0000	+00.00	02	00	0887	08
20	0002	09	12	11	39	00786	06.2	+06.5	0000	065.0	000.0	0000	0004	+00.00	02	00	0887	08
20	0003	09	12	11	39	00790	06.3	+06.7	0000	065.0	000.0	0000	0009	+00.00	02	00	0887	08
20	0004	09	12	11	39	00791	06.3	+06.6	0000	064.9	000.0	0005	0014	+00.30	02	00	0887	08
20	0005	09	12	11	40	00794	06.3	+06.7	0000	065.0	000.0	0007	0019	+00.35	02	00	0887	08
20	0006	09	12	11	40	00797	06.3	+06.6	0000	065.0	000.0	0010	0024	+00.37	02	00	0887	08
20	0007	09	12	11	40	00800	06.3	+06.6	0000	064.9	000.0	0013	0028	+00.40	02	00	0887	08
20	0008	09	12	11	40	00800	06.2	+06.5	0000	064.9	000.0	0015	0033	+00.38	02	00	0887	08
20	0009	09	12	11	40	00802	06.2	+06.5	0000	064.9	000.0	0016	0038	+00.36	02	00	0887	08
20	0010	09	12	11	40	00804	06.3	+06.6	0000	064.9	000.0	0018	0043	+00.36	02	00	0887	08
20	0011	09	12	11	40	00803	06.3	+06.7	0000	064.9	000.0	0019	0048	+00.33	02	00	0887	08
20	0012	09	12	11	40	00807	06.3	+06.6	0000	064.9	000.0	0020	0052	+00.33	02	00	0887	08
20	0013	09	12	11	40	00809	06.3	+06.6	0000	064.9	000.0	0022	0057	+00.33	02	00	0887	08
20	0014	09	12	11	40	00811	06.3	+06.6	0000	064.9	000.0	0024	0062	+00.33	02	00	0887	08
21	0001	09	12	11	42	00423	06.3	+06.6	0000	065.2	000.0	0000	0000	+00.00	02	00	0887	08
21	0002	09	12	11	42	00427	06.3	+06.5	0000	065.1	000.0	0000	0004	+00.00	02	00	0887	08
21	0003	09	12	11	43	00431	06.3	+06.6	0000	065.2	000.0	0000	0009	+00.00	02	00	0887	08
21	0004	09	12	11	43	00435	06.2	+06.5	0000	065.1	000.0	0011	0014	+00.67	02	00	0887	08
21	0005	09	12	11	43	00440	06.4	+06.7	0000	065.1	000.0	0016	0019	+00.73	02	00	0887	08
21	0006	09	12	11	43	00443	06.3	+06.6	0000	065.1	000.0	0020	0024	+00.72	02	00	0887	08
21	0007	09	12	11	43	00446	06.3	+06.6	0000	065.0	000.0	0023	0028	+00.69	02	00	0887	08
21	0008	09	12	11	43	00446	06.3	+06.6	0000	065.0	000.0	0024	0033	+00.62	02	00	0887	08
21	0009	09	12	11	43	00444	06.3	+06.6	0000	065.0	000.0	0023	0038	+00.52	02	00	0887	08
21	0010	09	12	11	43	00442	06.4	+06.8	0000	065.0	000.0	0021	0043	+00.42	02	00	0887	08
21	0011	09	12	11	43	00441	06.3	+06.7	0000	065.0	000.0	0019	0048	+00.34	02	00	0887	08
21	0012	09	12	11	43	00440	06.3	+06.7	0000	065.0	000.0	0017	0052	+00.28	02	00	0887	08
21	0013	09	12	11	43	00438	06.3	+06.6	0000	064.9	000.0	0014	0057	+00.21	02	00	0887	08
21	0014	09	12	11	43	00437	06.3	+06.6	0000	064.9	000.0	0012	0062	+00.16	02	00	0887	08
22	0001	09	12	11	47	00522	06.3	+06.8	0000	063.9	000.0	0000	0000	+00.00	02	00	0887	08
22	0002	09	12	11	48	00520	06.3	+06.8	0000	064.0	000.0	0000	0004	+00.00	02	00	0887	08
22	0003	09	12	11	48	00521	06.3	+06.8	0000	064.0	000.0	0000	0009	+00.00	02	00	0888	08
22	0004	09	12	11	48	00520	06.4	+07.0	0000	064.0	000.0	0001	0014	-00.10	02	01	0887	08
22	0005	09	12	11	48	00519	06.3	+06.8	0000	064.0	000.0	0002	0019	-00.10	02	01	0887	08
22	0006	09	12	11	48	00518	06.3	+07.0	0000	063.9	000.0	0003	0024	-00.11	02	01	0888	08
22	0007	09	12	11	48	00515	06.4	+07.0	0000	063.9	000.0	0005	0028	-00.15	02	01	0888	08
22	0008	09	12	11	48	00512	06.3	+07.0	0000	063.9	000.0	0008	0033	-00.20	02	01	0888	08
22	0009	09	12	11	48	00510	06.3	+06.9	0000	063.8	000.0	0011	0038	-00.24	02	01	0888	08
22	0010	09	12	11	48	00508	06.3	+06.9	0000	063.8	000.0	0013	0043	-00.26	02	01	0888	08
22	0011	09	12	11	48	00506	06.3	+07.0	0000	063.8	000.0	0015	0048	-00.27	02	01	0888	08
22	0012	09	12	11	48	00506	06.3	+06.9	0000	063.7	000.0	0017	0052	-00.27	02	01	0888	08
22	0013	09	12	11	48	00506	06.3	+06.8	0000	063.7	000.0	0018	0057	-00.26	02	01	0887	08
22	0014	09	12	11	48	00506	06.3	+06.8	0000	063.7	000.0	0018	0062	-00.25	02	01	0887	08
23	0001	09	12	11	52	00554	06.3	+06.9	0000	063.5	000.0	0000	0000	+00.00	02	00	0888	08
23	0002	09	12	11	52	00556	06.2	+06.8	0000	063.6	000.0	0000	0004	+00.00	02	00	0888	08
23	0003	09	12	11	52	00555	06.2	+06.8	0000	063.7	000.0	0000	0009	+00.00	02	00	0888	08
23	0004	09	12	11	52	00556	06.3	+06.9	0000	063.8	000.0	0000	0014	+00.04	02	00	0888	08
23	0005	09	12	11	52	00558	06.3	+06.8	0000	063.8	000.0	0002	0019	+00.11	02	00	0887	08
23	0006	09	12	11	52	00560	06.3	+06.8	0000	063.8	000.0	0005	0024	+00.18	02	00	0887	08
23	0007	09	12	11	52	00561	06.3	+06.8	0000	063.9	000.0	0006	0028	+00.19	02	00	0887	08
23	0008	09	12	11	52	00563	06.3	+06.8	0000	063.8	000.0	0008	0033	+00.22	02	00	0888	08
23	0009	09	12	11	52	00565	06.3	+06.8	0000	063.8	000.0	0011	0038	+00.24	02	00	0888	08
23	0010	09	12	11	52	00567	06.2	+06.8	0000	063.8	000.0	0013	0043	+00.25	02	00	0888	08
23	0011	09	12	11	52	00568	06.3	+06.8	0000	063.8	000.0	0014	0048	+00.25	02	00	0888	08
23	0012	09	12	11	52	00570	06.3	+07.0	0000	063.8	000.0	0016	0052	+00.26	02	00	0888	08
23	0013	09	12	11	53	00573	06.3	+06.9	0000	063.7	000.0	0018	0057	+00.27	02	00	0887	08
23	0014	09	12	11	53	00571	06.2	+06.7	0000	063.7	000.0	0019	0062	+00.26	02	00	0888	08
24	0001	09	12	11	54	00601	06.4	+06.9	0000	064.4	000.0	0000	0000	+00.00	02	00	0888	08
24	0002	09	12	11	54	00603	06.2	+06.6	0000	064.0	000.0	0000	0004	+00.00	02	00	0887	08
24	0003	09	12	11	55	00605	06.3	+06.8	0000	064.0	000.0	0000	0009	+00.00	02	00	0887	08
24	0004	09	12	11	55	00605	06.2	+06.7	0000	064.0	000.0	0004	0014	+00.26	02	00	0888	08
24	0005	09	12	11	55	00606	06.2	+06.7	0000	064.0	000.0	0004	0019	+00.21	02	00	0888	08
24	0006	09	12	11	55	00610	06.2	+06.7	0000	064.0	000.0	0007	0024	+00.27	02	00	0888	08
24	0007	09	12	11	55	00613	06.3	+06.8	0000	064.0	000.0	0010	0028	+00.31	02	00	0887	08
24	0008	09	12	11	55	00615	06.3	+06.9	0000	064.0	000.0	0013	0033	+00.33	02	00	0887	08
24	0009	09	12	11	55	00614	06.3	+06.8	0000	064.0	000.0	0014	0038	+00.31	02	00	0887	08
24	0010	09	12	11	55	00613	06.2	+06.7	0000	064.0	000.0	0014	0043	+00.27	02	00	0888	08
24	0011	09	12	11	55	00616	06.3	+06.7	0000	064.0	000.0	0015	0048	+00.26	02	00	0887	08
24	0012	09	12	11	55	00615	06.3	+06.7	0000	064.0	000.0	0015	0052	+00.24	02	00	0887	08
24	0013	09	12	11	55	00617	06.3	+06.8	0000	064.0	000.0	0016	0057	+00.23	02	00	0887	08
24	0014	09	12	11	55	00616	06.3	+06.8	0000	064.0	000.0	0016	0062	+00.22	02	00	0888	08
25	0001	09	12	11	57	00635	06.3	+06.6	0000	064.8	000.0	0000	0000	+00.00	02	00	0888	08
25	0002	09	12	11	58	00637	06.3	+06.7	0000	064.8	000.0	0000	0004	+00.00	02	00	0887	08
25	0003	09	12	11	58	00639	06.3	+06.7	0000	064.8	000.0	0000	0009	+00.00	02	00	0887	08
25	0004	09	12	11	58	00640	06.3	+06.6	0000	064.8	000.0	0004	0014	+00.28	02	00	0888	08
25	0005	09	12	11	58	00641	06.4	+06.8	0000	064.8	000.0	0005	0019	+00.24	02	00	0887	08
25	0006	09	12	11	58	00642	06.3	+06.8	0000	064.8	000.0	0006	0024	+00.22	02	00	0888	08
25	0007	09	12	11	58	00644	06.3	+06.7	0000	064.8	000.0	0007	0028	+00.22	02	00	0888	08
25	0008	09	12	11	58	00646	06.3	+06.6	0000	064.8	000.0	0009	0033	+00.24	02	00	0888	08
25	0009	09	12	11	58	00648	06.4	+06.8	0000	064.8	000.0	0011	0038	+00.26	02	00	0887	08
25	0010	09	12	11	58	00648	06.3	+06.6	0000	064.8	000.0	0013	0043	+00.25	02	00	0888	08
25	0011	09	12	11	58	00649	06.2	+06.6	0000	064.7	000.0	0013	0048	+00.24	02	00	0888	08
25	0012	09	12	11	58	00649	06.2	+06.6	0000	064.7	000.0	0014	0052	+00.23	02	00	0888	08
25	0013	09	12	11	58	00651	06.2	+06.6	0000	064.7	000.0	0015	0057	+00.23	02	00	0887	08
25	0014	09	12	11	59	00652	06.3	+06.7	0000	064.6	000.0	0016	0062	+00.22	02	00	0888	08
26	0001	09	12	12	01	00713	06.3	+06.6	0000	065.2	000.0	0000	0000	+00.00	02	00	0887	08
26	0002	09	12	12	01	00711	06.3	+06.6	0000	065.1	000.0	0000	0004	+00.00	02	00	0887	08
26	0003	09	12	12	01	00715	06.3	+06.4	0000	065.1	000.0	0000	0009	+00.00	02	00	0887	08
26	0004	09	12	12	01	00714	06.3	+06.6	0000	065.2	000.0	0002	0014	+00.13	02	00	0887	08
26	0005	09	12	12	01	00713	06.3	+06.4	0000	065.2	000.0	0001	0019	+00.06	02	00	0887	08
26	0006	09	12	12	01	00712	06.3	+06.4	0000	065.2	000.0	0000	0024	+00.00	02	00	0887	08
26	0007	09	12	12	01	00709	06.3	+06.6	0000	065.1	000.0	0002	0028	-00.06	02	01	0887	08
26	0008	09	12	12	01	00707	06.3	+06.6	0000	065.2	000.0	0004	0033	-00.12	02	01	0887	08
26	0009	09	12	12	01	00706	06.3	+06.7	0000	065.1	000.0	0007	0038	-00.15	02	01	0887	08
26	0010	09	12	12	01	00706	06.3	+06.5	0000	065.1	000.0	0008	0043	-00.16	02	01	0887	08
26	0011	09	12	12	01	00708	06.2	+06.4	0000	065.1	000.0	0008	0048	-00.14	02	01	0887	08
26	0012	09	12	12	01	00709	06.3	+06.6	0000	065.1	000.0	0007	0052	-00.11	02	01	0887	08
26	0013	09	12	12	02	00711	06.3	+06.4	0000	065.1	000.0	0006	0057	-00.09	02	01	0887	08
26	0014	09	12	12	02	00714	06.2	+06.5	0000	065.1	000.0	0004	0062	-00.05	02	01	0888	08
27	0001	09	12	12	03	00663	06.3	+06.5	0000	065.6	000.0	0000	0000	+00.00	02	00	0887	08
27	0002	09	12	12	03	00666	06.3	+06.4	0000	065.6	000.0	0000	0004	+00.00	02	00	0887	08
27	0003	09	12	12	04	00672	06.3	+06.4	0000	065.7	000.0	0000	0009	+00.00	02	00	0887	08
27	0004	09	12	12	04	00678	06.3	+06.4	0000	065.7	000.0	0015	0014	+00.93	02	00	0888	08
27	0005	09	12	12	04	00683	06.4	+06.6	0000	065.7	000.0	0021	0019	+00.95	02	00	0888	08
27	0006	09	12	12	04	00688	06.3	+06.4	0000	065.7	000.0	0026	0024	+00.94	02	00	0888	08
27	0007	09	12	12	04	00697	06.4	+06.6	0000	065.8	000.0	0034	0028	+01.00	02	00	0887	08
27	0008	09	12	12	04	00705	06.3	+06.6	0000	065.8	000.0	0042	0033	+01.07	02	00	0887	08
27	0009	09	12	12	04	00712	06.3	+06.4	0000	065.8	000.0	0050	0038	+01.10	02	00	0887	08
27	0010	09	12	12	04	00716	06.3	+06.4	0000	065.9	000.0	0056	0043	+01.10	02	00	0887	08
27	0011	09	12	12	04	00720	06.4	+06.6	0000	065.9	000.0	0061	0048	+01.09	02	00	0888	08
27	0012	09	12	12	04	00729	06.3	+06.4	0000	065.9	000.0	0068	0052	+01.09	02	00	0887	08
27	0013	09	12	12	04	00732	06.3	+06.4	0000	065.9	000.0	0073	0057	+01.08	02	00	0888	08
27	0014	09	12	12	04	00739	06.4	+06.5	0000	065.9	000.0	0079	0062	+01.07	02	00	0887	08
28	0001	09	12	12	08	00734	06.5	+06.7	0000	066.1	000.0	0000	0000	+00.00	02	00	0888	08
28	0002	09	12	12	08	00736	06.5	+06.8	0000	066.1	000.0	0000	0004	+00.00	02	00	0888	08
28	0003	09	12	12	08	00736	06.5	+06.8	0000	066.1	000.0	0000	0009	+00.00	02	00	0888	08
28	0004	09	12	12	09	00736	06.5	+06.8	0000	066.1	000.0	0001	0014	+00.06	02	00	0888	08
28	0005	09	12	12	09	00737	06.4	+06.7	0000	066.1	000.0	0002	0019	+00.10	02	00	0888	08
28	0006	09	12	12	09	00739	06.4	+06.8	0000	066.0	000.0	0004	0024	+00.14	02	00	0888	08
28	0007	09	12	12	09	00740	06.4	+06.8	0000	065.9	000.0	0005	0028	+00.15	02	00	0888	08
28	0008	09	12	12	09	00739	06.5	+06.8	0000	065.9	000.0	0005	0033	+00.13	02	00	0888	08
28	0009	09	12	12	09	00737	06.5	+06.8	0000	065.9	000.0	0004	0038	+00.09	02	00	0888	08
28	0010	09	12	12	09	00739	06.5	+06.9	0000	065.9	000.0	0004	0043	+00.08	02	00	0887	08
28	0011	09	12	12	09	00738	06.4	+06.8	0000	065.8	000.0	0003	0048	+00.07	02	00	0888	08
28	0012	09	12	12	09	00736	06.4	+06.8	0000	065.8	000.0	0003	0052	+00.04	02	00	0888	08
28	0013	09	12	12	09	00734	06.4	+06.8	0000	065.7	000.0	0001	0057	+00.02	02	00	0888	08
28	0014	09	12	12	09	00735	06.5	+06.9	0000	065.7	000.0	0000	0062	+00.00	02	00	0888	08
29	0001	09	12	12	10	00756	06.3	+06.7	0000	064.8	000.0	0000	0000	+00.00	02	00	0888	08
29	0002	09	12	12	10	00754	06.4	+06.8	0000	065.0	000.0	0000	0004	+00.00	02	00	0888	08
29	0003	09	12	12	11	00754	06.4	+06.9	0000	064.9	000.0	0000	0009	+00.00	02	00	0888	08
29	0004	09	12	12	11	00755	06.3	+06.7	0000	064.9	000.0	0001	0014	-00.06	02	01	0888	08
29	0005	09	12	12	11	00755	06.3	+06.7	0000	064.9	000.0	0000	0019	-00.01	02	01	0888	08
29	0006	09	12	12	11	00754	06.3	+06.7	0000	064.9	000.0	0000	0024	-00.03	02	01	0888	08
29	0007	09	12	12	11	00754	06.3	+06.7	0000	064.9	000.0	0001	0028	-00.03	02	01	0888	08
29	0008	09	12	12	11	00752	06.3	+06.7	0000	064.9	000.0	0002	0033	-00.06	02	01	0888	08
29	0009	09	12	12	11	00754	06.4	+06.9	0000	064.8	000.0	0002	0038	-00.04	02	01	0888	08
29	0010	09	12	12	11	00756	06.4	+06.7	0000	064.9	000.0	0000	0043	-00.01	02	01	0887	08
29	0011	09	12	12	11	00756	06.3	+06.7	0000	064.9	000.0	0000	0048	-00.00	02	01	0888	08
29	0012	09	12	12	11	00760	06.4	+06.7	0000	064.9	000.0	0002	0052	+00.03	02	00	0888	08
29	0013	09	12	12	11	00761	06.4	+06.8	0000	064.9	000.0	0004	0057	+00.06	02	00	0888	08
29	0014	09	12	12	11	00760	06.4	+06.7	0000	064.9	000.0	0005	0062	+00.07	02	00	0888	08
30	0001	09	12	12	14	00395	06.4	+06.7	0000	065.7	000.0	0000	0000	+00.00	02	00	0888	08
30	0002	09	12	12	14	00400	06.5	+06.8	0000	065.7	000.0	0000	0004	+00.00	02	00	0888	08
30	0003	09	12	12	14	00403	06.4	+06.7	0000	065.7	000.0	0000	0009	+00.00	02	00	0888	08
30	0004	09	12	12	14	00405	06.4	+06.8	0000	065.7	000.0	0010	0014	+00.59	02	00	0888	08
30	0005	09	12	12	14	00408	06.5	+06.8	0000	065.7	000.0	0012	0019	+00.53	02	00	0888	08
30	0006	09	12	12	14	00413	06.4	+06.7	0000	065.7	000.0	0016	0024	+00.58	02	00	0888	08
30	0007	09	12	12	14	00416	06.5	+06.8	0000	065.8	000.0	0020	0028	+00.59	02	00	0888	08
30	0008	09	12	12	14	00421	06.5	+06.8	0000	065.8	000.0	0024	0033	+00.62	02	00	0888	08
30	0009	09	12	12	14	00424	06.4	+06.6	0000	065.9	000.0	0028	0038	+00.63	02	00	0888	08
30	0010	09	12	12	15	00426	06.5	+06.8	0000	065.9	000.0	0031	0043	+00.62	02	00	0888	08
30	0011	09	12	12	15	00429	06.5	+06.8	0000	065.9	000.0	0034	0048	+00.61	02	00	0888	08
30	0012	09	12	12	15	00430	06.4	+06.7	0000	065.9	000.0	0036	0052	+00.58	02	00	0888	08
30	0013	09	12	12	15	00432	06.4	+06.7	0000	065.9	000.0	0038	0057	+00.56	02	00	0888	08
30	0014	09	12	12	15	00433	06.5	+06.8	0000	066.0	000.0	0039	0062	+00.53	02	00	0888	08
31	0001	09	12	12	16	00442	06.5	+06.8	0000	066.1	000.0	0000	0000	+00.00	02	00	0888	08
31	0002	09	12	12	17	00441	06.5	+06.8	0000	066.1	000.0	0000	0004	+00.00	02	00	0888	08
31	0003	09	12	12	17	00441	06.5	+06.9	0000	065.9	000.0	0000	0009	+00.00	02	00	0888	08
31	0004	09	12	12	17	00442	06.5	+06.8	0000	065.9	000.0	0000	0014	+00.02	02	00	0888	08
31	0005	09	12	12	17	00441	06.5	+07.0	0000	065.9	000.0	0000	0019	+00.01	02	00	0888	08
31	0006	09	12	12	17	00442	06.5	+06.8	0000	065.8	000.0	0000	0024	+00.01	02	00	0888	08
31	0007	09	12	12	17	00444	06.5	+06.8	0000	065.8	000.0	0002	0028	+00.05	02	00	0888	08
31	0008	09	12	12	17	00439	06.5	+06.9	0000	065.8	000.0	0000	0033	+00.00	02	00	0888	08
31	0009	09	12	12	17	00440	06.5	+06.8	0000	065.8	000.0	0000	0038	-00.01	02	01	0888	08
31	0010	09	12	12	17	00441	06.4	+06.8	0000	065.8	000.0	0001	0043	-00.01	02	01	0888	08
31	0011	09	12	12	17	00441	06.6	+07.0	0000	065.8	000.0	0001	0048	-00.01	02	01	0888	08
31	0012	09	12	12	17	00443	06.5	+06.8	0000	065.8	000.0	0000	0052	-00.00	02	01	0887	08
31	0013	09	12	12	17	00442	06.5	+07.0	0000	065.7	000.0	0000	0057	+00.00	02	00	0888	08
31	0014	09	12	12	18	00441	06.5	+07.0	0000	065.7	000.0	0000	0062	+00.00	02	00	0888	08
32	0001	09	12	12	19	00440	06.6	+07.0	0000	066.2	000.0	0000	0000	+00.00	02	00	0887	08
32	0002	09	12	12	19	00440	06.5	+06.8	0000	066.1	000.0	0000	0004	+00.00	02	00	0888	08
32	0003	09	12	12	19	00440	06.6	+07.0	0000	066.2	000.0	0000	0009	+00.00	02	00	0888	08
32	0004	09	12	12	19	00440	06.5	+06.9	0000	066.2	000.0	0000	0014	-00.00	02	01	0888	08
32	0005	09	12	12	19	00440	06.6	+07.0	0000	066.2	000.0	0000	0019	+00.01	02	00	0888	08
32	0006	09	12	12	19	00441	06.6	+07.1	0000	066.2	000.0	0001	0024	+00.04	02	00	0888	08
32	0007	09	12	12	19	00443	06.6	+07.0	0000	066.1	000.0	0002	0028	+00.08	02	00	0888	08
32	0008	09	12	12	19	00445	06.5	+06.8	0000	066.1	000.0	0004	0033	+00.12	02	00	0888	08
32	0009	09	12	12	19	00445	06.5	+06.9	0000	066.1	000.0	0005	0038	+00.12	02	00	0887	08
32	0010	09	12	12	20	00446	06.6	+06.9	0000	066.1	000.0	0006	0043	+00.13	02	00	0887	08
32	0011	09	12	12	20	00447	06.6	+07.0	0000	066.1	000.0	0008	0048	+00.14	02	00	0887	08
32	0012	09	12	12	20	00447	06.6	+07.0	0000	066.1	000.0	0008	0052	+00.14	02	00	0888	08
32	0013	09	12	12	20	00447	06.6	+07.0	0000	066.1	000.0	0009	0057	+00.13	02	00	0888	08
32	0014	09	12	12	20	00449	06.6	+06.9	0000	066.1	000.0	0009	0062	+00.13	02	00	0888	08
33	0001	09	12	12	21	00478	06.6	+07.0	0000	065.7	000.0	0000	0000	+00.00	02	00	0888	08
33	0002	09	12	12	21	00477	06.6	+07.1	0000	065.7	000.0	0000	0004	+00.00	02	00	0888	08
33	0003	09	12	12	22	00479	06.6	+07.2	0000	065.7	000.0	0000	0009	+00.00	02	00	0888	08
33	0004	09	12	12	22	00478	06.6	+07.2	0000	065.7	000.0	0001	0014	+00.06	02	00	0888	08
33	0005	09	12	12	22	00480	06.7	+07.2	0000	065.7	000.0	0001	0019	+00.09	02	00	0888	08
33	0006	09	12	12	22	00483	06.6	+07.0	0000	065.7	000.0	0004	0024	+00.15	02	00	0888	08
33	0007	09	12	12	22	00483	06.6	+07.1	0000	065.7	000.0	0006	0028	+00.18	02	00	0888	08
33	0008	09	12	12	22	00487	06.6	+07.0	0000	065.7	000.0	0008	0033	+00.22	02	00	0887	08
33	0009	09	12	12	22	00487	06.6	+07.2	0000	065.7	000.0	0010	0038	+00.22	02	00	0888	08
33	0010	09	12	12	22	00491	06.7	+07.2	0000	065.7	000.0	0013	0043	+00.25	02	00	0887	08
33	0011	09	12	12	22	00490	06.6	+07.2	0000	065.7	000.0	0014	0048	+00.25	02	00	0888	08
33	0012	09	12	12	22	00490	06.6	+07.2	0000	065.6	000.0	0015	0052	+00.25	02	00	0887	08
33	0013	09	12	12	22	00488	06.5	+07.1	0000	065.6	000.0	0015	0057	+00.22	02	00	0888	08
33	0014	09	12	12	22	00488	06.5	+07.1	0000	065.6	000.0	0014	0062	+00.19	02	00	0888	08
34	0014	09	12	12	58	00818	07.1	+09.9	0000	058.1	000.0	0000	0000	+00.00	02	00	0887	08
34	0015	09	12	12	58	00817	06.9	+09.7	0000	057.7	000.0	0000	0004	+00.00	02	00	0887	08
34	0016	09	12	12	58	00816	06.9	+09.7	0000	057.8	000.0	0000	0009	+00.00	02	00	0887	08
34	0017	09	12	12	58	00817	07.0	+09.7	0000	057.9	000.0	0001	0014	-00.09	02	01	0887	08
34	0018	09	12	12	58	00818	06.9	+09.6	0000	057.9	000.0	0000	0019	-00.00	02	01	0887	08
34	0019	09	12	12	58	00819	06.9	+09.7	0000	058.0	000.0	0000	0024	+00.02	02	00	0887	08
34	0020	09	12	12	58	00819	06.9	+09.6	0000	058.0	000.0	0001	0028	+00.04	02	00	0887	08
34	0021	09	12	12	58	00821	06.9	+09.6	0000	058.0	000.0	0003	0033	+00.07	02	00	0887	08
34	0022	09	12	12	58	00821	06.9	+09.6	0000	058.0	000.0	0004	0038	+00.08	02	00	0887	08
34	0023	09	12	12	58	00823	06.9	+09.5	0000	058.0	000.0	0005	0043	+00.10	02	00	0888	08
34	0024	09	12	12	58	00826	06.9	+09.6	0000	058.0	000.0	0007	0048	+00.13	02	00	0887	08
34	0025	09	12	12	58	00827	06.9	+09.5	0000	058.0	000.0	0009	0052	+00.15	02	00	0887	08
34	0026	09	12	12	58	00827	06.9	+09.5	0000	058.0	000.0	0010	0057	+00.16	02	00	0887	08
34	0027	09	12	12	59	00831	06.9	+09.5	0000	058.0	000.0	0013	0062	+00.17	02	00	0887	08
35	0001	09	12	13	00	00809	06.9	+09.3	0000	059.0	000.0	0000	0000	+00.00	02	00	0887	08
35	0002	09	12	13	00	00810	06.8	+09.2	0000	058.8	000.0	0000	0004	+00.00	02	00	0887	08
35	0003	09	12	13	00	00810	06.8	+09.1	0000	058.9	000.0	0000	0009	+00.00	02	00	0888	08
35	0004	09	12	13	00	00810	06.8	+09.2	0000	058.9	000.0	0000	0014	+00.05	02	00	0887	08
35	0005	09	12	13	00	00813	06.8	+09.1	0000	058.9	000.0	0002	0019	+00.12	02	00	0887	08
35	0006	09	12	13	00	00813	06.8	+09.1	0000	058.9	000.0	0003	0024	+00.12	02	00	0887	08
35	0007	09	12	13	00	00812	06.7	+09.0	0000	058.9	000.0	0003	0028	+00.09	02	00	0887	08
35	0008	09	12	13	00	00811	06.8	+09.2	0000	058.9	000.0	0002	0033	+00.06	02	00	0887	08
35	0009	09	12	13	00	00811	06.7	+09.0	0000	058.9	000.0	0002	0038	+00.04	02	00	0887	08
35	0010	09	12	13	00	00809	06.7	+09.0	0000	059.0	000.0	0000	0043	+00.01	02	00	0888	08
35	0011	09	12	13	01	00810	06.8	+09.0	0000	059.0	000.0	0000	0048	+00.00	02	00	0887	08
35	0012	09	12	13	01	00812	06.8	+09.1	0000	059.0	000.0	0001	0052	+00.01	02	00	0887	08
35	0013	09	12	13	01	00808	06.7	+08.9	0000	059.0	000.0	0000	0057	-00.00	02	01	0888	08
35	0014	09	12	13	01	00811	06.7	+08.9	0000	059.1	000.0	0000	0062	-00.00	02	01	0887	08
36	0001	09	12	13	02	00791	06.6	+08.6	0000	059.8	000.0	0000	0000	+00.00	02	00	0887	08
36	0002	09	12	13	02	00786	06.8	+08.8	0000	059.9	000.0	0000	0004	+00.00	02	00	0887	08
36	0003	09	12	13	02	00785	06.6	+08.6	0000	059.8	000.0	0000	0009	+00.00	02	00	0887	08
36	0004	09	12	13	02	00784	06.6	+08.6	0000	059.9	000.0	0005	0014	-00.35	02	01	0887	08
36	0005	09	12	13	03	00788	06.7	+08.5	0000	059.9	000.0	0002	0019	-00.12	02	01	0887	08
36	0006	09	12	13	03	00790	06.7	+08.5	0000	059.9	000.0	0000	0024	+00.00	02	00	0888	08
36	0007	09	12	13	03	00791	06.7	+08.7	0000	060.0	000.0	0002	0028	+00.08	02	00	0887	08
36	0008	09	12	13	03	00794	06.7	+08.5	0000	060.0	000.0	0005	0033	+00.13	02	00	0887	08
36	0009	09	12	13	03	00796	06.6	+08.4	0000	060.0	000.0	0008	0038	+00.18	02	00	0887	08
36	0010	09	12	13	03	00797	06.6	+08.4	0000	060.0	000.0	0010	0043	+00.20	02	00	0887	08
36	0011	09	12	13	03	00795	06.7	+08.6	0000	060.0	000.0	0010	0048	+00.19	02	00	0887	08
36	0012	09	12	13	03	00795	06.7	+08.6	0000	060.1	000.0	0011	0052	+00.17	02	00	0887	08
36	0013	09	12	13	03	00790	06.7	+08.5	0000	060.1	000.0	0009	0057	+00.13	02	00	0887	08
36	0014	09	12	13	03	00789	06.6	+08.4	0000	060.1	000.0	0007	0062	+00.10	02	00	0887	08
37	0001	09	12	13	05	00410	06.7	+08.3	0000	061.5	000.0	0000	0000	+00.00	02	00	0887	08
37	0002	09	12	13	05	00408	06.7	+08.3	0000	061.5	000.0	0000	0004	+00.00	02	00	0888	08
37	0003	09	12	13	05	00407	06.7	+08.3	0000	061.6	000.0	0000	0009	+00.00	02	00	0887	08
37	0004	09	12	13	05	00411	06.7	+08.2	0000	061.7	000.0	0000	0014	+00.01	02	00	0887	08
37	0005	09	12	13	05	00412	06.8	+08.4	0000	061.8	000.0	0002	0019	+00.12	02	00	0887	08
37	0006	09	12	13	05	00415	06.7	+08.3	0000	061.8	000.0	0005	0024	+00.20	02	00	0887	08
37	0007	09	12	13	06	00417	06.7	+08.2	0000	061.8	000.0	0008	0028	+00.25	02	00	0887	08
37	0008	09	12	13	06	00417	06.7	+08.2	0000	061.8	000.0	0010	0033	+00.25	02	00	0887	08
37	0009	09	12	13	06	00418	06.6	+08.0	0000	061.9	000.0	0011	0038	+00.24	02	00	0887	08
37	0010	09	12	13	06	00416	06.8	+08.2	0000	061.9	000.0	0010	0043	+00.20	02	00	0887	08
37	0011	09	12	13	06	00417	06.7	+08.0	0000	061.9	000.0	0010	0048	+00.18	02	00	0887	08
37	0012	09	12	13	06	00416	06.7	+08.0	0000	062.0	000.0	0009	0052	+00.15	02	00	0887	08
37	0013	09	12	13	06	00413	06.7	+08.0	0000	062.0	000.0	0008	0057	+00.12	02	00	0887	08
37	0014	09	12	13	07	00415	06.7	+08.0	0000	062.1	000.0	0007	0062	+00.10	02	00	0887	08
38	0001	09	12	13	08	00415	06.7	+08.0	0000	062.8	000.0	0000	0000	+00.00	02	00	0888	08
38	0002	09	12	13	08	00414	06.7	+08.0	0000	062.8	000.0	0000	0004	+00.00	02	00	0887	08
38	0003	09	12	13	08	00413	06.7	+07.9	0000	062.8	000.0	0000	0009	+00.00	02	00	0887	08
38	0004	09	12	13	08	00412	06.6	+07.8	0000	062.8	000.0	0003	0014	-00.19	02	01	0887	08
38	0005	09	12	13	09	00409	06.7	+07.9	0000	062.8	000.0	0006	0019	-00.27	02	01	0887	08
38	0006	09	12	13	09	00409	06.6	+07.8	0000	062.8	000.0	0006	0024	-00.24	02	01	0888	08
38	0007	09	12	13	09	00411	06.7	+08.0	0000	062.8	000.0	0006	0028	-00.17	02	01	0887	08
38	0008	09	12	13	09	00410	06.7	+07.9	0000	062.9	000.0	0005	0033	-00.14	02	01	0887	08
38	0009	09	12	13	09	00412	06.6	+07.8	0000	062.9	000.0	0004	0038	-00.10	02	01	0887	08
38	0010	09	12	13	09	00417	06.7	+07.9	0000	062.9	000.0	0001	0043	-00.02	02	01	0887	08
38	0011	09	12	13	10	00418	06.7	+07.8	0000	062.9	000.0	0001	0048	+00.02	02	00	0887	08
38	0012	09	12	13	10	00419	06.7	+07.8	0000	063.0	000.0	0004	0052	+00.06	02	00	0887	08
38	0013	09	12	13	10	00420	06.7	+08.0	0000	063.0	000.0	0006	0057	+00.09	02	00	0887	08
38	0014	09	12	13	10	00422	06.6	+07.8	0000	063.0	000.0	0008	0062	+00.11	02	00	0887	08
39	0001	09	12	13	11	00430	06.7	+07.9	0000	063.7	000.0	0000	0000	+00.00	02	00	0887	08
39	0002	09	12	13	11	00430	06.7	+07.8	0000	063.7	000.0	0000	0004	+00.00	02	00	0887	08
39	0003	09	12	13	12	00429	06.7	+07.8	0000	063.7	000.0	0000	0009	+00.00	02	00	0887	08
39	0004	09	12	13	12	00425	06.7	+07.9	0000	063.7	000.0	0004	0014	-00.27	02	01	0887	08
39	0005	09	12	13	12	00427	06.7	+07.8	0000	063.7	000.0	0004	0019	-00.18	02	01	0887	08
39	0006	09	12	13	12	00429	06.8	+07.9	0000	063.7	000.0	0002	0024	-00.07	02	01	0887	08
39	0007	09	12	13	12	00432	06.7	+07.8	0000	063.7	000.0	0000	0028	+00.01	02	00	0887	08
39	0008	09	12	13	12	00432	06.7	+07.9	0000	063.7	000.0	0002	0033	+00.06	02	00	0887	08
39	0009	09	12	13	12	00432	06.7	+07.8	0000	063.7	000.0	0003	0038	+00.07	02	00	0887	08
39	0010	09	12	13	13	00433	06.7	+07.8	0000	063.7	000.0	0004	0043	+00.08	02	00	0887	08
39	0011	09	12	13	13	00431	06.7	+07.8	0000	063.7	000.0	0004	0048	+00.07	02	00	0887	08
39	0012	09	12	13	13	00433	06.7	+07.7	0000	063.7	000.0	0004	0052	+00.07	02	00	0887	08
39	0013	09	12	13	13	00434	06.7	+07.9	0000	063.7	000.0	0005	0057	+00.07	02	00	0887	08
39	0014	09	12	13	13	00437	06.7	+07.8	0000	063.7	000.0	0006	0062	+00.09	02	00	0887	08
40	0008	09	12	13	18	00544	06.6	+07.7	0000	063.2	000.0	0000	0000	+00.00	02	00	0887	08
40	0009	09	12	13	18	00544	06.6	+07.8	0000	063.2	000.0	0000	0004	+00.00	02	00	0887	08
40	0010	09	12	13	19	00545	06.6	+07.6	0000	063.2	000.0	0000	0009	+00.00	02	00	0887	08
40	0011	09	12	13	19	00548	06.6	+07.7	0000	063.2	000.0	0003	0014	+00.22	02	00	0887	08
40	0012	09	12	13	19	00550	06.5	+07.6	0000	063.3	000.0	0006	0019	+00.27	02	00	0887	08
40	0013	09	12	13	19	00552	06.6	+07.7	0000	063.3	000.0	0008	0024	+00.31	02	00	0887	08
40	0014	09	12	13	19	00554	06.5	+07.6	0000	063.2	000.0	0010	0028	+00.31	02	00	0887	08
40	0015	09	12	13	19	00552	06.6	+07.5	0000	063.3	000.0	0010	0033	+00.26	02	00	0887	08
40	0016	09	12	13	19	00547	06.6	+07.6	0000	063.3	000.0	0007	0038	+00.17	02	00	0887	08
40	0017	09	12	13	20	00546	06.5	+07.6	0000	063.3	000.0	0005	0043	+00.10	02	00	0887	08
40	0018	09	12	13	20	00541	06.5	+07.4	0000	063.3	000.0	0001	0048	+00.01	02	00	0887	08
40	0019	09	12	13	20	00538	06.5	+07.4	0000	063.3	000.0	0003	0052	-00.04	02	01	0887	08
40	0020	09	12	13	20	00536	06.5	+07.4	0000	063.3	000.0	0006	0057	-00.09	02	01	0887	08
40	0021	09	12	13	20	00534	06.5	+07.4	0000	063.3	000.0	0010	0062	-00.14	02	01	0887	08
41	0001	09	12	13	22	00423	06.6	+07.4	0000	064.5	000.0	0000	0000	+00.00	02	00	0887	08
41	0002	09	12	13	22	00425	06.5	+07.2	0000	064.5	000.0	0000	0004	+00.00	02	00	0887	08
41	0003	09	12	13	23	00424	06.5	+07.2	0000	064.5	000.0	0000	0009	+00.00	02	00	0887	08
41	0004	09	12	13	23	00430	06.5	+07.2	0000	064.5	000.0	0006	0014	+00.35	02	00	0887	08
41	0005	09	12	13	23	00448	06.5	+07.2	0000	064.5	000.0	0022	0019	+00.98	02	00	0887	08
41	0006	09	12	13	23	00465	06.6	+07.2	0000	064.5	000.0	0040	0024	+01.43	02	00	0887	08
41	0007	09	12	13	23	00476	06.5	+07.1	0000	064.5	000.0	0056	0028	+01.65	02	00	0887	08
41	0008	09	12	13	23	00481	06.5	+07.2	0000	064.6	000.0	0066	0033	+01.68	02	00	0887	08
41	0009	09	12	13	24	00483	06.5	+07.1	0000	064.6	000.0	0073	0038	+01.61	02	00	0887	08
41	0010	09	12	13	24	00487	06.5	+07.0	0000	064.6	000.0	0077	0043	+01.52	02	00	0887	08
41	0011	09	12	13	24	00486	06.4	+07.0	0000	064.6	000.0	0079	0048	+01.39	02	00	0887	08
41	0012	09	12	13	24	00485	06.5	+07.0	0000	064.6	000.0	0078	0052	+01.25	02	00	0887	08
41	0013	09	12	13	24	00484	06.4	+06.9	0000	064.6	000.0	0076	0057	+01.12	02	00	0887	08
41	0014	09	12	13	24	00483	06.4	+06.8	0000	064.6	000.0	0074	0062	+01.01	02	00	0887	08
42	0013	09	12	13	29	00453	06.6	+06.5	0000	068.2	000.0	0000	0000	+00.00	02	00	0887	08
42	0014	09	12	13	29	00462	06.5	+06.3	0000	068.2	000.0	0000	0004	+00.00	02	00	0887	08
42	0015	09	12	13	29	00468	06.4	+06.3	0000	068.1	000.0	0000	0009	+00.00	02	00	0887	08
42	0016	09	12	13	29	00472	06.6	+06.5	0000	068.1	000.0	0018	0014	+01.11	02	00	0887	08
42	0017	09	12	13	29	00470	06.5	+06.3	0000	068.1	000.0	0017	0019	+00.77	02	00	0887	08
42	0018	09	12	13	29	00466	06.5	+06.4	0000	068.1	000.0	0013	0024	+00.47	02	00	0887	08
42	0019	09	12	13	30	00468	06.5	+06.3	0000	068.1	000.0	0011	0028	+00.34	02	00	0887	08
42	0020	09	12	13	30	00469	06.5	+06.4	0000	068.1	000.0	0010	0033	+00.27	02	00	0887	08
42	0021	09	12	13	30	00470	06.5	+06.4	0000	068.1	000.0	0010	0038	+00.23	02	00	0887	08
42	0022	09	12	13	30	00468	06.5	+06.3	0000	068.1	000.0	0009	0043	+00.18	02	00	0887	08
42	0023	09	12	13	30	00466	06.5	+06.3	0000	068.1	000.0	0007	0048	+00.13	02	00	0887	08
42	0024	09	12	13	30	00465	06.6	+06.4	0000	068.2	000.0	0005	0052	+00.09	02	00	0887	08
42	0025	09	12	13	30	00462	06.4	+06.2	0000	068.2	000.0	0003	0057	+00.04	02	00	0887	08
42	0026	09	12	13	31	00464	06.5	+06.3	0000	068.2	000.0	0002	0062	+00.02	02	00	0887	08
44	0001	09	12	13	32	00480	06.6	+06.4	0000	069.1	000.0	0000	0000	+00.00	02	00	0887	08
44	0002	09	12	13	32	00476	06.5	+06.3	0000	068.9	000.0	0000	0004	+00.00	02	00	0887	08
44	0003	09	12	13	33	00470	06.5	+06.2	0000	069.0	000.0	0000	0009	+00.00	02	00	0887	08
44	0004	09	12	13	33	00469	06.6	+06.4	0000	069.0	000.0	0011	0014	-00.69	02	01	0887	08
44	0005	09	12	13	33	00469	06.5	+06.2	0000	069.0	000.0	0011	0019	-00.50	02	01	0887	08
44	0006	09	12	13	33	00473	06.5	+06.2	0000	069.0	000.0	0008	0024	-00.28	02	01	0887	08
44	0007	09	12	13	33	00474	06.5	+06.2	0000	069.0	000.0	0005	0028	-00.14	02	01	0887	08
44	0008	09	12	13	33	00474	06.5	+06.3	0000	069.0	000.0	0003	0033	-00.07	02	01	0887	08
44	0009	09	12	13	34	00472	06.6	+06.4	0000	069.0	000.0	0002	0038	-00.06	02	01	0887	08
44	0010	09	12	13	34	00471	06.6	+06.4	0000	069.0	000.0	0003	0043	-00.06	02	01	0887	08
44	0011	09	12	13	34	00471	06.5	+06.2	0000	069.0	000.0	0003	0048	-00.06	02	01	0887	08
44	0012	09	12	13	34	00468	06.6	+06.4	0000	069.0	000.0	0004	0052	-00.07	02	01	0887	08
44	0013	09	12	13	34	00472	06.5	+06.2	0000	069.0	000.0	0004	0057	-00.06	02	01	0887	08
44	0014	09	12	13	34	00476	06.5	+06.2	0000	069.0	000.0	0002	0062	-00.03	02	01	0887	08
45	0001	09	12	13	35	00468	06.6	+06.2	0000	069.4	000.0	0000	0000	+00.00	02	00	0887	08
45	0002	09	12	13	35	00469	06.6	+06.2	0000	069.4	000.0	0000	0004	+00.00	02	00	0887	08
45	0003	09	12	13	35	00470	06.6	+06.2	0000	069.4	000.0	0000	0009	+00.00	02	00	0887	08
45	0004	09	12	13	36	00469	06.6	+06.2	0000	069.5	000.0	0001	0014	+00.06	02	00	0887	08
45	0005	09	12	13	36	00468	06.6	+06.2	0000	069.6	000.0	0000	0019	+00.00	02	00	0887	08
45	0006	09	12	13	36	00465	06.6	+06.2	0000	069.6	000.0	0002	0024	-00.08	02	01	0887	08
45	0007	09	12	13	36	00467	06.6	+06.3	0000	069.6	000.0	0002	0028	-00.08	02	01	0887	08
45	0008	09	12	13	36	00463	06.6	+06.1	0000	069.7	000.0	0005	0033	-00.13	02	01	0887	08
45	0009	09	12	13	36	00462	06.7	+06.4	0000	069.7	000.0	0007	0038	-00.15	02	01	0887	08
45	0010	09	12	13	37	00459	06.6	+06.2	0000	069.7	000.0	0009	0043	-00.18	02	01	0887	08
45	0011	09	12	13	37	00462	06.6	+06.2	0000	069.8	000.0	0010	0048	-00.17	02	01	0887	08
45	0012	09	12	13	37	00468	06.6	+06.2	0000	069.8	000.0	0007	0052	-00.11	02	01	0886	08
45	0013	09	12	13	37	00470	06.6	+06.2	0000	069.8	000.0	0004	0057	-00.06	02	01	0887	08
45	0014	09	12	13	37	00471	06.7	+06.4	0000	069.9	000.0	0002	0062	-00.02	02	01	0887	08
45	0001	09	12	13	39	00459	06.7	+06.3	0000	070.3	000.0	0000	0000	+00.00	02	00	0887	08
45	0002	09	12	13	39	00461	06.6	+06.2	0000	070.3	000.0	0000	0004	+00.00	02	00	0887	08
45	0003	09	12	13	39	00463	06.7	+06.4	0000	070.3	000.0	0000	0009	+00.00	02	00	0887	08
45	0004	09	12	13	40	00462	06.7	+06.4	0000	070.3	000.0	0003	0014	+00.18	02	00	0887	08
45	0005	09	12	13	40	00463	06.7	+06.2	0000	070.4	000.0	0003	0019	+00.14	02	00	0887	08
45	0006	09	12	13	40	00470	06.6	+06.2	0000	070.4	000.0	0008	0024	+00.30	02	00	0887	08
45	0007	09	12	13	40	00474	06.7	+06.2	0000	070.4	000.0	0013	0028	+00.39	02	00	0887	08
45	0008	09	12	13	40	00472	06.7	+06.4	0000	070.5	000.0	0015	0033	+00.37	02	00	0887	08
45	0009	09	12	13	40	00469	06.6	+06.1	0000	070.5	000.0	0013	0038	+00.30	02	00	0887	08
45	0010	09	12	13	40	00470	06.7	+06.2	0000	070.5	000.0	0013	0043	+00.26	02	00	0886	08
45	0011	09	12	13	41	00471	06.7	+06.4	0000	070.5	000.0	0013	0048	+00.23	02	00	0887	08
45	0012	09	12	13	41	00473	06.7	+06.2	0000	070.6	000.0	0013	0052	+00.22	02	00	0887	08
45	0013	09	12	13	41	00477	06.7	+06.4	0000	070.6	000.0	0015	0057	+00.23	02	00	0887	08
45	0014	09	12	13	41	00482	06.7	+06.2	0000	070.6	000.0	0018	0062	+00.25	02	00	0887	08
46	0001	09	12	13	44	00472	07.0	+06.5	0000	072.4	000.0	0000	0000	+00.00	02	00	0886	08
46	0002	09	12	13	45	00467	06.9	+06.4	0000	072.5	000.0	0000	0004	+00.00	02	00	0887	08
46	0003	09	12	13	45	00464	07.0	+06.6	0000	072.6	000.0	0000	0009	+00.00	02	00	0887	08
46	0004	09	12	13	45	00462	07.1	+06.6	0000	072.7	000.0	0010	0014	-00.59	02	01	0887	08
46	0005	09	12	13	45	00466	07.0	+06.4	0000	072.8	000.0	0007	0019	-00.31	02	01	0886	08
46	0006	09	12	13	45	00469	07.0	+06.4	0000	072.9	000.0	0003	0024	-00.11	02	01	0887	08
46	0007	09	12	13	45	00469	07.0	+06.4	0000	073.0	000.0	0001	0028	-00.03	02	01	0887	08
46	0008	09	12	13	45	00466	07.1	+06.7	0000	073.0	000.0	0001	0033	-00.03	02	01	0886	08
46	0009	09	12	13	46	00464	07.1	+06.5	0000	073.1	000.0	0002	0038	-00.05	02	01	0886	08
46	0010	09	12	13	46	00462	07.2	+06.7	0000	073.1	000.0	0004	0043	-00.08	02	01	0886	08
46	0011	09	12	13	46	00461	07.1	+06.5	0000	073.2	000.0	0005	0048	-00.10	02	01	0886	08
46	0012	09	12	13	46	00458	07.1	+06.6	0000	073.2	000.0	0008	0052	-00.12	02	01	0886	08
46	0013	09	12	13	46	00457	07.1	+06.6	0000	073.2	000.0	0010	0057	-00.14	02	01	0886	08
46	0014	09	12	13	46	00460	07.1	+06.6	0000	073.3	000.0	0010	0062	-00.13	02	01	0886	08
47	0001	09	12	13	47	00463	07.2	+06.7	0000	073.7	000.0	0000	0000	+00.00	02	00	0886	08
47	0002	09	12	13	47	00465	07.3	+06.8	0000	073.7	000.0	0000	0004	+00.00	02	00	0886	08
47	0003	09	12	13	48	00464	07.3	+06.9	0000	073.6	000.0	0000	0009	+00.00	02	00	0886	08
47	0004	09	12	13	48	00460	07.1	+06.7	0000	073.5	000.0	0002	0014	-00.13	02	01	0886	08
47	0005	09	12	13	48	00462	07.2	+06.7	0000	073.5	000.0	0002	0019	-00.10	02	01	0886	08
47	0006	09	12	13	48	00465	07.2	+06.8	0000	073.4	000.0	0000	0024	+00.00	02	00	0886	08
47	0007	09	12	13	48	00463	07.2	+06.8	0000	073.3	000.0	0000	0028	+00.00	02	00	0886	08
47	0008	09	12	13	48	00465	07.2	+06.9	0000	073.3	000.0	0000	0033	+00.02	02	00	0887	08
47	0009	09	12	13	48	00468	07.2	+06.9	0000	073.2	000.0	0003	0038	+00.07	02	00	0886	08
47	0010	09	12	13	49	00471	07.2	+06.8	0000	073.2	000.0	0006	0043	+00.11	02	00	0887	08
47	0011	09	12	13	49	00472	07.2	+07.0	0000	073.1	000.0	0008	0048	+00.15	02	00	0886	08
47	0012	09	12	13	49	00470	07.2	+06.9	0000	073.1	000.0	0009	0052	+00.14	02	00	0886	08
47	0013	09	12	13	49	00468	07.2	+06.9	0000	073.1	000.0	0008	0057	+00.12	02	00	0887	08
47	0014	09	12	13	49	00469	07.2	+06.8	0000	073.0	000.0	0008	0062	+00.11	02	00	0886	08
48	0001	09	12	13	51	00410	07.1	+06.8	0000	072.1	000.0	0000	0000	+00.00	02	00	0887	08
48	0002	09	12	13	51	00410	07.1	+06.8	0000	072.1	000.0	0000	0004	+00.00	02	00	0886	08
48	0003	09	12	13	51	00411	07.1	+06.8	0000	072.1	000.0	0000	0009	+00.00	02	00	0887	08
48	0004	09	12	13	51	00413	07.1	+06.8	0000	071.9	000.0	0002	0014	+00.15	02	00	0887	08
48	0005	09	12	13	51	00412	07.1	+06.8	0000	071.9	000.0	0002	0019	+00.11	02	00	0886	08
48	0006	09	12	13	51	00415	07.1	+07.0	0000	071.8	000.0	0004	0024	+00.16	02	00	0886	08
48	0007	09	12	13	52	00419	07.0	+06.8	0000	071.7	000.0	0008	0028	+00.23	02	00	0886	08
48	0008	09	12	13	52	00423	07.2	+07.1	0000	071.7	000.0	0011	0033	+00.29	02	00	0886	08
48	0009	09	12	13	52	00424	07.1	+06.9	0000	071.7	000.0	0014	0038	+00.32	02	00	0886	08
48	0010	09	12	13	52	00421	07.1	+06.9	0000	071.6	000.0	0014	0043	+00.29	02	00	0886	08
48	0011	09	12	13	52	00424	07.1	+07.0	0000	071.6	000.0	0016	0048	+00.28	02	00	0887	08
48	0012	09	12	13	52	00425	07.1	+07.0	0000	071.6	000.0	0017	0052	+00.27	02	00	0886	08
48	0013	09	12	13	53	00423	07.0	+06.8	0000	071.6	000.0	0016	0057	+00.24	02	00	0887	08
48	0014	09	12	13	53	00423	07.1	+06.9	0000	071.6	000.0	0016	0062	+00.22	02	00	0887	08
49	0001	09	12	13	54	00437	07.2	+07.0	0000	072.1	000.0	0000	0000	+00.00	02	00	0886	08
49	0002	09	12	13	54	00445	07.1	+06.8	0000	072.1	000.0	0000	0004	+00.00	02	00	0887	08
49	0003	09	12	13	54	00454	07.1	+06.8	0000	072.1	000.0	0000	0009	+00.00	02	00	0886	08
49	0004	09	12	13	55	00457	07.2	+07.0	0000	072.1	000.0	0021	0014	+01.23	02	00	0887	08
49	0005	09	12	13	55	00457	07.2	+07.0	0000	072.1	000.0	0020	0019	+00.91	02	00	0886	08
49	0006	09	12	13	55	00452	07.2	+06.9	0000	072.1	000.0	0016	0024	+00.57	02	00	0886	08
49	0007	09	12	13	55	00451	07.1	+06.8	0000	072.1	000.0	0012	0028	+00.36	02	00	0886	08
49	0008	09	12	13	55	00450	07.1	+06.8	0000	072.1	000.0	0009	0033	+00.23	02	00	0886	08
49	0009	09	12	13	55	00455	07.2	+07.0	0000	072.1	000.0	0010	0038	+00.22	02	00	0886	08
49	0010	09	12	13	55	00458	07.2	+06.9	0000	072.1	000.0	0011	0043	+00.22	02	00	0887	08
49	0011	09	12	13	56	00460	07.1	+06.8	0000	072.1	000.0	0013	0048	+00.23	02	00	0886	08
49	0012	09	12	13	56	00460	07.1	+06.8	0000	072.1	000.0	0014	0052	+00.22	02	00	0887	08
49	0013	09	12	13	56	00460	07.1	+06.8	0000	072.1	000.0	0015	0057	+00.22	02	00	0887	08
49	0014	09	12	13	56	00459	07.0	+06.7	0000	072.1	000.0	0015	0062	+00.20	02	00	0887	08
50	0001	09	12	13	57	00453	07.1	+06.8	0000	071.6	000.0	0000	0000	+00.00	02	00	0886	08
50	0002	09	12	13	57	00448	07.0	+06.7	0000	071.4	000.0	0000	0004	+00.00	02	00	0887	08
50	0003	09	12	13	58	00450	07.0	+06.7	0000	071.5	000.0	0000	0009	+00.00	02	00	0886	08
50	0004	09	12	13	58	00448	07.1	+06.8	0000	071.5	000.0	0004	0014	-00.23	02	01	0886	08
50	0005	09	12	13	58	00444	07.0	+06.7	0000	071.6	000.0	0007	0019	-00.31	02	01	0886	08
50	0006	09	12	13	58	00441	07.1	+06.8	0000	071.6	000.0	0010	0024	-00.37	02	01	0886	08
50	0007	09	12	13	58	00440	07.0	+06.8	0000	071.6	000.0	0012	0028	-00.36	02	01	0886	08
50	0008	09	12	13	58	00444	07.0	+06.6	0000	071.6	000.0	0011	0033	-00.29	02	01	0887	08
50	0009	09	12	13	58	00449	07.0	+06.6	0000	071.7	000.0	0011	0033	-00.29	02	01	0886	08
51	0001	09	12	14	01	00438	07.0	+06.6	0000	072.4	000.0	0000	0000	+00.00	02	00	0887	08
51	0002	09	12	14	02	00436	07.0	+06.7	0000	072.1	000.0	0000	0004	+00.00	02	00	0886	08
51	0003	09	12	14	02	00438	07.0	+06.6	0000	072.1	000.0	0000	0009	+00.00	02	00	0886	08
51	0004	09	12	14	02	00439	07.0	+06.7	0000	072.1	000.0	0001	0014	+00.08	02	00	0886	08
51	0005	09	12	14	02	00443	07.0	+06.6	0000	072.1	000.0	0005	0019	+00.22	02	00	0886	08
51	0006	09	12	14	02	00441	07.0	+06.7	0000	072.0	000.0	0005	0024	+00.17	02	00	0886	08
51	0007	09	12	14	02	00442	07.0	+06.6	0000	072.0	000.0	0005	0028	+00.15	02	00	0886	08
51	0008	09	12	14	02	00445	07.0	+06.7	0000	072.0	000.0	0007	0033	+00.18	02	00	0886	08
51	0009	09	12	14	03	00445	07.0	+06.6	0000	072.0	000.0	0008	0038	+00.19	02	00	0886	08
51	0010	09	12	14	03	00441	07.0	+06.6	0000	072.0	000.0	0007	0043	+00.14	02	00	0886	08
51	0011	09	12	14	03	00445	06.9	+06.6	0000	072.0	000.0	0007	0048	+00.13	02	00	0886	08
51	0012	09	12	14	03	00449	07.0	+06.8	0000	072.0	000.0	0009	0052	+00.15	02	00	0886	08
51	0013	09	12	14	03	00455	07.0	+06.7	0000	071.9	000.0	0013	0057	+00.20	02	00	0886	08
51	0014	09	12	14	03	00455	07.0	+06.7	0000	071.9	000.0	0016	0062	+00.22	02	00	0887	08
52	0001	09	12	14	05	00419	07.0	+06.5	0000	072.8	000.0	0000	0000	+00.00	02	00	0887	08
52	0002	09	12	14	05	00411	07.0	+06.4	0000	072.8	000.0	0000	0004	+00.00	02	00	0887	08
52	0003	09	12	14	05	00409	07.1	+06.6	0000	072.8	000.0	0000	0009	+00.00	02	00	0887	08
52	0004	09	12	14	06	00409	07.0	+06.5	0000	072.9	000.0	0009	0014	-00.55	02	01	0887	08
52	0005	09	12	14	06	00410	07.1	+06.7	0000	072.9	000.0	0008	0019	-00.36	02	01	0887	08
52	0006	09	12	14	06	00411	07.0	+06.5	0000	072.9	000.0	0006	0024	-00.23	02	01	0887	08
52	0007	09	12	14	06	00415	07.0	+06.5	0000	072.8	000.0	0002	0028	-00.07	02	01	0887	08
52	0008	09	12	14	06	00422	07.0	+06.4	0000	072.8	000.0	0003	0033	+00.09	02	00	0887	08
52	0009	09	12	14	06	00426	07.1	+06.7	0000	072.8	000.0	0010	0038	+00.22	02	00	0887	08
52	0010	09	12	14	07	00427	07.1	+06.6	0000	072.8	000.0	0014	0043	+00.27	02	00	0887	08
52	0011	09	12	14	07	00427	07.0	+06.5	0000	072.8	000.0	0016	0048	+00.29	02	00	0887	08
52	0012	09	12	14	07	00427	07.1	+06.6	0000	072.8	000.0	0018	0052	+00.29	02	00	0887	08
52	0013	09	12	14	07	00428	07.0	+06.4	0000	072.8	000.0	0019	0057	+00.29	02	00	0887	08
52	0014	09	12	14	07	00430	07.1	+06.7	0000	072.8	000.0	0021	0062	+00.29	02	00	0887	08
53	0001	09	12	14	08	00452	07.0	+06.5	0000	072.8	000.0	0000	0000	+00.00	02	00	0887	08
53	0002	09	12	14	08	00453	07.0	+06.5	0000	072.8	000.0	0000	0004	+00.00	02	00	0887	08
53	0003	09	12	14	09	00454	07.0	+06.5	0000	072.8	000.0	0000	0009	+00.00	02	00	0887	08
53	0004	09	12	14	09	00452	07.0	+06.5	0000	072.8	000.0	0000	0014	+00.04	02	00	0887	08
53	0005	09	12	14	09	00454	07.0	+06.5	0000	072.8	000.0	0001	0019	+00.06	02	00	0887	08
53	0006	09	12	14	09	00458	07.0	+06.5	0000	072.8	000.0	0005	0024	+00.17	02	00	0887	08
53	0007	09	12	14	09	00462	07.1	+06.6	0000	072.8	000.0	0009	0028	+00.27	02	00	0887	08
53	0008	09	12	14	09	00462	07.1	+06.6	0000	072.8	000.0	0011	0033	+00.28	02	00	0887	08
53	0009	09	12	14	09	00464	07.1	+06.7	0000	072.8	000.0	0013	0038	+00.28	02	00	0887	08
53	0010	09	12	14	10	00464	07.0	+06.5	0000	072.8	000.0	0014	0043	+00.27	02	00	0887	08
53	0011	09	12	14	10	00466	07.0	+06.5	0000	072.8	000.0	0015	0048	+00.27	02	00	0887	08
53	0012	09	12	14	10	00465	07.1	+06.6	0000	072.8	000.0	0016	0052	+00.25	02	00	0887	08
53	0013	09	12	14	10	00466	07.1	+06.6	0000	072.8	000.0	0016	0057	+00.24	02	00	0887	08
53	0014	09	12	14	10	00468	07.0	+06.6	0000	072.8	000.0	0017	0062	+00.23	02	00	0887	08
54	0001	09	12	14	11	00456	07.0	+06.6	0000	072.8	000.0	0000	0000	+00.00	02	00	0887	08
54	0002	09	12	14	11	00459	07.0	+06.5	0000	072.8	000.0	0000	0004	+00.00	02	00	0887	08
54	0003	09	12	14	11	00456	07.0	+06.5	0000	072.9	000.0	0000	0009	+00.00	02	00	0887	08
54	0004	09	12	14	12	00460	07.0	+06.5	0000	072.9	000.0	0002	0014	+00.16	02	00	0887	08
54	0005	09	12	14	12	00465	07.1	+06.6	0000	072.9	000.0	0007	0019	+00.33	02	00	0887	08
54	0006	09	12	14	12	00475	07.1	+06.5	0000	072.9	000.0	0016	0024	+00.58	02	00	0887	08
54	0007	09	12	14	12	00482	07.0	+06.4	0000	073.0	000.0	0025	0028	+00.73	02	00	0887	08
54	0008	09	12	14	12	00485	07.1	+06.7	0000	073.0	000.0	0031	0033	+00.79	02	00	0887	08
54	0009	09	12	14	12	00487	07.1	+06.5	0000	073.0	000.0	0035	0038	+00.77	02	00	0887	08
54	0010	09	12	14	13	00485	07.1	+06.4	0000	073.1	000.0	0036	0043	+00.71	02	00	0887	08
54	0011	09	12	14	13	00487	07.1	+06.6	0000	073.1	000.0	0037	0048	+00.66	02	00	0887	08
54	0012	09	12	14	13	00486	07.1	+06.6	0000	073.2	000.0	0037	0052	+00.60	02	00	0887	08
54	0013	09	12	14	13	00485	07.1	+06.4	0000	073.2	000.0	0036	0057	+00.53	02	00	0887	08
54	0014	09	12	14	13	00488	07.1	+06.5	0000	073.2	000.0	0036	0062	+00.50	02	00	0887	08
55	0001	09	12	14	15	00426	07.1	+06.5	0000	073.2	000.0	0000	0000	+00.00	02	00	0887	08
55	0002	09	12	14	15	00427	07.1	+06.6	0000	073.3	000.0	0000	0004	+00.00	02	00	0887	08
55	0003	09	12	14	15	00424	07.0	+06.4	0000	073.3	000.0	0000	0009	+00.00	02	00	0887	08
55	0004	09	12	14	15	00427	07.0	+06.4	0000	073.3	000.0	0000	0014	+00.00	02	00	0887	08
55	0005	09	12	14	15	00440	07.0	+06.4	0000	073.3	000.0	0011	0019	+00.49	02	00	0887	08
55	0006	09	12	14	16	00438	07.1	+06.6	0000	073.3	000.0	0014	0024	+00.49	02	00	0887	08
55	0007	09	12	14	16	00429	07.0	+06.4	0000	073.3	000.0	0009	0028	+00.28	02	00	0887	08
55	0008	09	12	14	16	00420	07.1	+06.5	0000	073.3	000.0	0001	0033	+00.04	02	00	0887	08
55	0009	09	12	14	16	00415	07.1	+06.6	0000	073.3	000.0	0006	0038	-00.13	02	01	0887	08
55	0010	09	12	14	16	00408	07.1	+06.5	0000	073.3	000.0	0014	0043	-00.28	02	01	0887	08
55	0011	09	12	14	16	00402	07.1	+06.6	0000	073.3	000.0	0022	0048	-00.40	02	01	0887	08
55	0012	09	12	14	16	00400	07.1	+06.4	0000	073.3	000.0	0029	0052	-00.46	02	01	0887	08
55	0013	09	12	14	17	00401	07.1	+06.4	0000	073.4	000.0	0033	0057	-00.48	02	01	0887	08
55	0014	09	12	14	17	00403	07.1	+06.4	0000	073.4	000.0	0035	0062	-00.47	02	01	0887	08
56	0001	09	12	14	18	00398	07.1	+06.6	0000	073.2	000.0	0000	0000	+00.00	02	00	0887	08
56	0002	09	12	14	18	00405	07.1	+06.6	0000	073.4	000.0	0000	0004	+00.00	02	00	0887	08
56	0003	09	12	14	18	00412	07.1	+06.6	0000	073.5	000.0	0000	0009	+00.00	02	00	0887	08
56	0004	09	12	14	18	00414	07.0	+06.4	0000	073.4	000.0	0016	0014	+00.97	02	00	0887	08
56	0005	09	12	14	18	00415	07.0	+06.4	0000	073.3	000.0	0017	0019	+00.75	02	00	0887	08
56	0006	09	12	14	18	00418	07.0	+06.4	0000	073.3	000.0	0018	0024	+00.66	02	00	0887	08
56	0007	09	12	14	18	00418	07.0	+06.4	0000	073.3	000.0	0018	0028	+00.55	02	00	0887	08
56	0008	09	12	14	19	00415	07.0	+06.4	0000	073.3	000.0	0016	0033	+00.42	02	00	0887	08
56	0009	09	12	14	19	00410	07.0	+06.5	0000	073.3	000.0	0012	0038	+00.26	02	00	0887	08
56	0010	09	12	14	19	00410	07.0	+06.4	0000	073.3	000.0	0008	0043	+00.17	02	00	0887	08
56	0011	09	12	14	19	00411	07.0	+06.4	0000	073.3	000.0	0007	0048	+00.12	02	00	0887	08
56	0012	09	12	14	19	00408	07.0	+06.4	0000	073.3	000.0	0004	0052	+00.07	02	00	0887	08
56	0013	09	12	14	19	00404	07.0	+06.4	0000	073.3	000.0	0001	0057	+00.01	02	00	0887	08
56	0014	09	12	14	20	00403	07.1	+06.5	0000	073.3	000.0	0001	0062	-00.02	02	01	0887	08
57	0001	09	12	14	20	00408	07.1	+06.3	0000	074.4	000.0	0000	0000	+00.00	02	00	0887	08
57	0002	09	12	14	21	00390	07.1	+06.4	0000	074.4	000.0	0000	0004	+00.00	02	00	0887	08
57	0003	09	12	14	21	00379	07.1	+06.3	0000	074.4	000.0	0000	0009	+00.00	02	00	0887	08
57	0004	09	12	14	21	00375	07.1	+06.4	0000	074.4	000.0	0033	0014	-01.97	02	01	0887	08
57	0005	09	12	14	21	00380	07.1	+06.4	0000	074.4	000.0	0033	0014	-01.97	02	01	0887	08
58	0005	09	12	14	25	00402	07.3	+06.7	0000	074.5	000.0	0000	0000	+00.00	02	00	0887	08
58	0006	09	12	14	25	00402	07.3	+06.7	0000	074.6	000.0	0000	0004	+00.00	02	00	0887	08
58	0007	09	12	14	25	00400	07.3	+06.6	0000	074.6	000.0	0000	0009	+00.00	02	00	0887	08
58	0008	09	12	14	25	00403	07.2	+06.6	0000	074.5	000.0	0000	0014	-00.00	02	01	0887	08
58	0009	09	12	14	25	00406	07.2	+06.5	0000	074.6	000.0	0003	0019	+00.15	02	00	0887	08
58	0010	09	12	14	25	00412	07.2	+06.6	0000	074.6	000.0	0008	0024	+00.31	02	00	0887	08
58	0011	09	12	14	25	00414	07.2	+06.6	0000	074.5	000.0	0013	0028	+00.38	02	00	0887	08
58	0012	09	12	14	26	00415	07.2	+06.6	0000	074.5	000.0	0015	0033	+00.39	02	00	0887	08
58	0013	09	12	14	26	00415	07.2	+06.6	0000	074.5	000.0	0016	0038	+00.36	02	00	0887	08
58	0014	09	12	14	26	00412	07.3	+06.7	0000	074.5	000.0	0015	0043	+00.30	02	00	0887	08
58	0015	09	12	14	26	00411	07.3	+06.7	0000	074.5	000.0	0014	0048	+00.25	02	00	0887	08
58	0016	09	12	14	26	00409	07.2	+06.6	0000	074.5	000.0	0012	0052	+00.20	02	00	0888	08
58	0017	09	12	14	26	00407	07.2	+06.6	0000	074.5	000.0	0010	0057	+00.14	02	00	0887	08
58	0018	09	12	14	26	00409	07.2	+06.6	0000	074.5	000.0	0009	0062	+00.12	02	00	0887	08
59	0007	09	12	14	29	00415	07.2	+06.7	0000	073.7	000.0	0000	0000	+00.00	02	00	0888	08
59	0008	09	12	14	29	00414	07.3	+07.0	0000	073.7	000.0	0000	0004	+00.00	02	00	0887	08
59	0009	09	12	14	30	00419	07.2	+06.8	0000	073.7	000.0	0000	0009	+00.00	02	00	0887	08
59	0010	09	12	14	30	00000	00.0	+00.0	0000	0000	0000	0000	0000	0000	00	00	0000	00
59	0011	09	12	14	30	00420	07.3	+06.8	0000	073.7	000.0	0006	0019	+00.30	02	00	0887	08
59	0012	09	12	14	30	00419	07.3	+06.9	0000	073.7	000.0	0005	0024	+00.21	02	00	0888	08
59	0013	09	12	14	30	00418	07.3	+06.9	0000	073.7	000.0	0004	0028	+00.13	02	00	0887	08
59	0014	09	12	14	30	00415	07.3	+06.9	0000	073.7	000.0	0001	0033	+00.04	02	00	0888	08
59	0015	09	12	14	30	00415	07.2	+06.7	0000	073.7	000.0	0000	0038	-00.00	02	01	0887	08
59	0016	09	12	14	31	00414	07.3	+06.8	0000	073.7	000.0	0001	0043	-00.03	02	01	0887	08
59	0017	09	12	14	31	00413	07.3	+06.8	0000	073.7	000.0	0003	0048	-00.05	02	01	0887	08
59	0018	09	12	14	31	00415	07.2	+06.8	0000	073.7	000.0	0003	0052	-00.05	02	01	0887	08
59	0019	09	12	14	31	00412	07.4	+06.9	0000	073.7	000.0	0004	0057	-00.06	02	01	0887	08
59	0020	09	12	14	31	00413	07.3	+06.9	0000	073.7	000.0	0005	0062	-00.07	02	01	0888	08
60	0001	09	12	14	32	00418	07.3	+06.8	0000	073.7	000.0	0000	0000	+00.00	02	00	0887	08
60	0002	09	12	14	32	00414	07.2	+06.7	0000	073.7	000.0	0000	0004	+00.00	02	00	0887	08
60	0003	09	12	14	32	00412	07.2	+06.8	0000	073.7	000.0	0000	0009	+00.00	02	00	0887	08
60	0004	09	12	14	33	00413	07.3	+07.0	0000	073.7	000.0	0004	0014	-00.29	02	01	0888	08
60	0005	09	12	14	33	00414	07.3	+07.0	0000	073.7	000.0	0003	0019	-00.17	02	01	0887	08
60	0006	09	12	14	33	00415	07.3	+06.8	0000	073.7	000.0	0002	0024	-00.07	02	01	0888	08
60	0007	09	12	14	33	00414	07.3	+06.9	0000	073.7	000.0	0002	0028	-00.05	02	01	0887	08
60	0008	09	12	14	33	00414	07.3	+06.9	0000	073.7	000.0	0001	0033	-00.04	02	01	0887	08
60	0009	09	12	14	33	00412	07.2	+06.8	0000	073.7	000.0	0002	0038	-00.06	02	01	0887	08
60	0010	09	12	14	33	00416	07.3	+06.8	0000	073.7	000.0	0001	0043	-00.02	02	01	0887	08
60	0011	09	12	14	34	00416	07.3	+06.8	0000	073.7	000.0	0000	0048	+00.00	02	00	0888	08
60	0012	09	12	14	34	00417	07.3	+06.8	0000	073.7	000.0	0001	0052	+00.01	02	00	0887	08
60	0013	09	12	14	34	00417	07.3	+06.8	0000	073.7	000.0	0002	0057	+00.03	02	00	0887	08
60	0014	09	12	14	34	00417	07.3	+06.8	0000	073.7	000.0	0002	0062	+00.03	02	00	0887	08
61	0001	09	12	14	35	00400	07.3	+06.9	0000	073.7	000.0	0000	0000	+00.00	02	00	0887	08
61	0002	09	12	14	35	00401	07.3	+06.9	0000	073.7	000.0	0000	0004	+00.00	02	00	0887	08
61	0003	09	12	14	36	00409	07.4	+07.0	0000	073.7	000.0	0000	0009	+00.00	02	00	0887	08
61	0004	09	12	14	36	00412	07.3	+06.9	0000	073.7	000.0	0012	0014	+00.73	02	00	0887	08
61	0005	09	12	14	36	00412	07.3	+07.0	0000	073.7	000.0	0013	0019	+00.59	02	00	0887	08
61	0006	09	12	14	36	00409	07.3	+07.0	0000	073.6	000.0	0011	0024	+00.40	02	00	0887	08
61	0007	09	12	14	36	00411	07.3	+07.0	0000	073.6	000.0	0010	0028	+00.31	02	00	0887	08
61	0008	09	12	14	36	00406	07.3	+07.0	0000	073.6	000.0	0007	0033	+00.18	02	00	0887	08
61	0009	09	12	14	36	00405	07.3	+06.9	0000	073.5	000.0	0004	0038	+00.09	02	00	0887	08
61	0010	09	12	14	37	00408	07.3	+07.0	0000	073.5	000.0	0003	0043	+00.07	02	00	0887	08
61	0011	09	12	14	37	00413	07.4	+07.1	0000	073.5	000.0	0005	0048	+00.10	02	00	0887	08
61	0012	09	12	14	37	00419	07.4	+07.1	0000	073.5	000.0	0009	0052	+00.15	02	00	0887	08
61	0013	09	12	14	37	00421	07.3	+07.0	0000	073.5	000.0	0013	0057	+00.19	02	00	0887	08
61	0014	09	12	14	37	00421	07.3	+07.0	0000	073.4	000.0	0015	0062	+00.21	02	00	0887	08
62	0001	09	12	14	38	00411	07.4	+07.2	0000	072.9	000.0	0000	0000	+00.00	02	00	0887	08
62	0002	09	12	14	38	00411	07.3	+07.1	0000	072.9	000.0	0000	0004	+00.00	02	00	0887	08
62	0003	09	12	14	39	00410	07.4	+07.2	0000	072.9	000.0	0000	0009	+00.00	02	00	0887	08
62	0004	09	12	14	39	00411	07.3	+07.0	0000	072.9	000.0	0000	0014	-00.04	02	01	0887	08
62	0005	09	12	14	39	00418	07.2	+06.9	0000	072.9	000.0	0005	0019	+00.24	02	00	0887	08
62	0006	09	12	14	39	00422	07.3	+07.1	0000	072.9	000.0	0010	0024	+00.37	02	00	0887	08
62	0007	09	12	14	39	00422	07.3	+07.1	0000	072.9	000.0	0013	0028	+00.39	02	00	0887	08
62	0008	09	12	14	39	00421	07.3	+07.0	0000	072.9	000.0	0014	0033	+00.35	02	00	0887	08
62	0009	09	12	14	39	00421	07.3	+07.0	0000	072.9	000.0	0013	0038	+00.30	02	00	0887	08
62	0010	09	12	14	40	00421	07.4	+07.1	0000	072.9	000.0	0013	0043	+00.26	02	00	0887	08
62	0011	09	12	14	40	00416	07.4	+07.1	0000	073.0	000.0	0011	0048	+00.19	02	00	0888	08
62	0012	09	12	14	40	00416	07.4	+07.1	0000	073.0	000.0	0008	0052	+00.14	02	00	0887	08
62	0013	09	12	14	40	00415	07.4	+07.1	0000	073.0	000.0	0007	0057	+00.10	02	00	0887	08
62	0014	09	12	14	40	00412	07.4	+07.1	0000	073.0	000.0	0004	0062	+00.05	02	00	0887	08
63	0001	09	12	14	41	00419	07.4	+07.2	0000	073.4	000.0	0000	0000	+00.00	02	00	0887	08
63	0002	09	12	14	41	00416	07.4	+07.0	0000	073.6	000.0	0000	0004	+00.00	02	00	0887	08
63	0003	09	12	14	41	00415	07.4	+07.1	0000	073.6	000.0	0000	0009	+00.00	02	00	0887	08
63	0004	09	12	14	42	00412	07.4	+07.1	0000	073.7	000.0	0006	0014	-00.35	02	01	0887	08
63	0005	09	12	14	42	00411	07.5	+07.3	0000	073.7	000.0	0007	0019	-00.33	02	01	0887	08
63	0006	09	12	14	42	00413	07.4	+07.2	0000	073.7	000.0	0006	0024	-00.23	02	01	0888	08
63	0007	09	12	14	42	00411	07.4	+07.1	0000	073.8	000.0	0007	0028	-00.22	02	01	0887	08
63	0008	09	12	14	42	00414	07.6	+07.3	0000	073.8	000.0	0005	0033	-00.14	02	01	0887	08
63	0009	09	12	14	42	00417	07.5	+07.2	0000	073.9	000.0	0003	0038	-00.06	02	01	0887	08
63	0010	09	12	14	43	00416	07.6	+07.3	0000	073.9	000.0	0001	0043	-00.03	02	01	0887	08
63	0011	09	12	14	43	00410	07.5	+07.2	0000	073.9	000.0	0003	0048	-00.06	02	01	0888	08
63	0012	09	12	14	43	00404	07.5	+07.2	0000	073.9	000.0	0007	0052	-00.11	02	01	0887	08
63	0013	09	12	14	43	00404	07.5	+07.2	0000	074.0	000.0	0009	0057	-00.14	02	01	0887	08
;Received 1000 record(s)