;EGM-4 Data
;SoftwareVersion=1.03
;Plot	RecNo	Day	Month	Hour	Min	CO2 Ref	mb Ref	mbR Temp	Input A	Input B	Input C	Input D	Input E	Input F	Input G	Input H	ATMP	Probe Type
90	0015	27	04	16	39	00478	12.3	+17.9	0000	059.8	000.0	0006	0062	+00.09	02	00	0900	08
21	0012	27	04	09	55	00555	10.4	+19.4	0000	046.2	000.0	0000	0033	-00.01	02	01	0899	08
21	0013	27	04	09	55	00555	10.3	+19.3	0000	046.2	000.0	0000	0038	-00.01	02	01	0899	08
21	0014	27	04	09	55	00556	10.4	+19.4	0000	046.2	000.0	0000	0043	+00.00	02	00	0898	08
21	0015	27	04	09	55	00555	10.4	+19.4	0000	046.2	000.0	0000	0048	-00.00	02	01	0899	08
21	0016	27	04	09	55	00555	10.4	+19.4	0000	046.2	000.0	0000	0052	-00.00	02	01	0899	08
21	0017	27	04	09	55	00555	10.4	+19.4	0000	046.2	000.0	0000	0057	-00.00	02	01	0899	08
21	0018	27	04	09	55	00555	10.3	+19.3	0000	046.2	000.0	0000	0062	-00.00	02	01	0899	08
22	0001	27	04	09	56	00428	10.3	+19.3	0000	046.2	000.0	0000	0000	+00.00	02	00	0898	08
22	0002	27	04	09	56	00428	10.3	+19.3	0000	046.3	000.0	0000	0004	+00.00	02	00	0899	08
22	0003	27	04	09	56	00428	10.3	+19.3	0000	046.3	000.0	0000	0009	+00.00	02	00	0899	08
22	0004	27	04	09	56	00428	10.4	+19.3	0000	046.3	000.0	0000	0014	-00.00	02	01	0899	08
22	0005	27	04	09	56	00429	10.4	+19.3	0000	046.4	000.0	0000	0019	+00.01	02	00	0899	08
22	0006	27	04	09	56	00429	10.3	+19.3	0000	046.4	000.0	0000	0024	+00.01	02	00	0899	08
22	0007	27	04	09	57	00429	10.4	+19.3	0000	046.4	000.0	0000	0028	+00.02	02	00	0899	08
22	0008	27	04	09	57	00429	10.4	+19.3	0000	046.4	000.0	0000	0033	+00.02	02	00	0899	08
22	0009	27	04	09	57	00430	10.4	+19.3	0000	046.5	000.0	0001	0038	+00.03	02	00	0898	08
22	0010	27	04	09	57	00429	10.4	+19.2	0000	046.5	000.0	0001	0043	+00.02	02	00	0899	08
22	0011	27	04	09	57	00430	10.4	+19.3	0000	046.5	000.0	0001	0048	+00.02	02	00	0899	08
22	0012	27	04	09	57	00430	10.4	+19.2	0000	046.5	000.0	0001	0052	+00.03	02	00	0899	08
22	0013	27	04	09	57	00430	10.4	+19.3	0000	046.6	000.0	0001	0057	+00.02	02	00	0899	08
22	0014	27	04	09	57	00431	10.4	+19.2	0000	046.6	000.0	0002	0062	+00.03	02	00	0898	08
23	0001	27	04	09	59	00428	10.0	+19.2	0000	045.1	000.0	0000	0000	+00.00	02	00	0899	08
23	0002	27	04	10	00	00429	10.0	+19.2	0000	045.1	000.0	0000	0004	+00.00	02	00	0899	08
23	0003	27	04	10	00	00430	10.0	+19.2	0000	045.1	000.0	0000	0009	+00.00	02	00	0899	08
23	0004	27	04	10	00	00431	10.1	+19.2	0000	045.2	000.0	0002	0014	+00.14	02	00	0899	08
23	0005	27	04	10	00	00431	10.0	+19.2	0000	045.2	000.0	0003	0019	+00.14	02	00	0899	08
23	0006	27	04	10	00	00432	10.0	+19.2	0000	045.2	000.0	0003	0024	+00.14	02	00	0899	08
23	0007	27	04	10	00	00433	10.0	+19.2	0000	045.2	000.0	0004	0028	+00.13	02	00	0899	08
23	0008	27	04	10	00	00434	10.1	+19.2	0000	045.3	000.0	0005	0033	+00.13	02	00	0899	08
23	0009	27	04	10	00	00434	10.1	+19.2	0000	045.3	000.0	0006	0038	+00.13	02	00	0899	08
23	0010	27	04	10	00	00435	10.1	+19.2	0000	045.3	000.0	0006	0043	+00.13	02	00	0900	08
23	0011	27	04	10	00	00436	10.1	+19.2	0000	045.4	000.0	0007	0048	+00.13	02	00	0899	08
23	0012	27	04	10	00	00437	10.1	+19.2	0000	045.4	000.0	0008	0052	+00.13	02	00	0899	08
23	0013	27	04	10	00	00437	10.1	+19.2	0000	045.4	000.0	0008	0057	+00.13	02	00	0899	08
23	0014	27	04	10	00	00438	10.1	+19.2	0000	045.4	000.0	0009	0062	+00.13	02	00	0899	08
24	0001	27	04	10	02	00537	10.2	+19.1	0000	046.2	000.0	0000	0000	+00.00	02	00	0899	08
24	0002	27	04	10	02	00555	10.2	+19.1	0000	046.2	000.0	0000	0004	+00.00	02	00	0899	08
24	0003	27	04	10	02	00572	10.2	+19.1	0000	046.2	000.0	0000	0009	+00.00	02	00	0899	08
24	0004	27	04	10	02	00578	10.2	+19.1	0000	046.1	000.0	0041	0014	+02.47	02	00	0898	08
24	0005	27	04	10	02	00581	10.2	+19.1	0000	046.1	000.0	0043	0019	+01.94	02	00	0899	08
24	0006	27	04	10	02	00584	10.2	+19.1	0000	046.1	000.0	0045	0024	+01.61	02	00	0899	08
24	0007	27	04	10	02	00588	10.1	+19.0	0000	046.1	000.0	0046	0028	+01.39	02	00	0899	08
24	0008	27	04	10	02	00592	10.2	+19.1	0000	046.1	000.0	0048	0033	+01.23	02	00	0899	08
24	0009	27	04	10	02	00595	10.3	+19.1	0000	046.2	000.0	0050	0038	+01.12	02	00	0899	08
24	0010	27	04	10	03	00598	10.3	+19.1	0000	046.2	000.0	0051	0043	+01.03	02	00	0899	08
24	0011	27	04	10	03	00602	10.1	+19.0	0000	046.2	000.0	0054	0048	+00.96	02	00	0899	08
24	0012	27	04	10	03	00606	10.2	+19.1	0000	046.2	000.0	0056	0052	+00.92	02	00	0898	08
24	0013	27	04	10	03	00608	10.2	+19.1	0000	046.2	000.0	0058	0057	+00.87	02	00	0899	08
24	0014	27	04	10	03	00611	10.3	+19.0	0000	046.2	000.0	0061	0062	+00.83	02	00	0899	08
25	0001	27	04	10	06	00429	10.1	+18.9	0000	046.1	000.0	0000	0000	+00.00	02	00	0900	08
25	0002	27	04	10	06	00431	10.2	+18.9	0000	046.4	000.0	0000	0004	+00.00	02	00	0900	08
25	0003	27	04	10	06	00433	10.2	+18.9	0000	046.5	000.0	0000	0009	+00.00	02	00	0899	08
25	0004	27	04	10	06	00433	10.2	+18.9	0000	046.6	000.0	0003	0014	+00.21	02	00	0900	08
25	0005	27	04	10	06	00433	10.2	+18.9	0000	046.6	000.0	0003	0019	+00.16	02	00	0900	08
25	0006	27	04	10	06	00435	10.2	+18.9	0000	046.6	000.0	0004	0024	+00.16	02	00	0899	08
25	0007	27	04	10	06	00434	10.2	+18.9	0000	046.6	000.0	0004	0028	+00.14	02	00	0900	08
25	0008	27	04	10	06	00435	10.2	+18.9	0000	046.6	000.0	0005	0033	+00.13	02	00	0900	08
25	0009	27	04	10	06	00436	10.1	+18.8	0000	046.6	000.0	0005	0038	+00.13	02	00	0900	08
25	0010	27	04	10	06	00437	10.2	+18.9	0000	046.6	000.0	0006	0043	+00.13	02	00	0900	08
25	0011	27	04	10	06	00438	10.1	+18.8	0000	046.6	000.0	0007	0048	+00.13	02	00	0900	08
25	0012	27	04	10	07	00438	10.1	+18.8	0000	046.6	000.0	0008	0052	+00.13	02	00	0900	08
25	0013	27	04	10	07	00440	10.1	+18.8	0000	046.6	000.0	0009	0057	+00.13	02	00	0900	08
25	0014	27	04	10	07	00440	10.2	+18.8	0000	046.7	000.0	0009	0062	+00.13	02	00	0900	08
26	0001	27	04	10	08	00429	10.4	+18.8	0000	048.2	000.0	0000	0000	+00.00	02	00	0900	08
26	0002	27	04	10	08	00430	10.3	+18.8	0000	047.9	000.0	0000	0004	+00.00	02	00	0900	08
26	0003	27	04	10	08	00431	10.3	+18.8	0000	047.9	000.0	0000	0009	+00.00	02	00	0900	08
26	0004	27	04	10	08	00433	10.3	+18.7	0000	047.8	000.0	0003	0014	+00.22	02	00	0899	08
26	0005	27	04	10	08	00434	10.3	+18.7	0000	047.8	000.0	0004	0019	+00.21	02	00	0899	08
26	0006	27	04	10	09	00434	10.4	+18.8	0000	047.9	000.0	0005	0024	+00.20	02	00	0900	08
26	0007	27	04	10	09	00435	10.4	+18.8	0000	047.9	000.0	0006	0028	+00.19	02	00	0900	08
26	0008	27	04	10	09	00436	10.4	+18.7	0000	047.9	000.0	0007	0033	+00.19	02	00	0900	08
26	0009	27	04	10	09	00437	10.4	+18.7	0000	048.0	000.0	0008	0038	+00.18	02	00	0900	08
26	0010	27	04	10	09	00438	10.5	+18.7	0000	048.0	000.0	0009	0043	+00.18	02	00	0900	08
26	0011	27	04	10	09	00439	10.5	+18.7	0000	048.1	000.0	0010	0048	+00.18	02	00	0900	08
26	0012	27	04	10	09	00440	10.5	+18.7	0000	048.1	000.0	0011	0052	+00.18	02	00	0900	08
26	0013	27	04	10	09	00441	10.5	+18.7	0000	048.2	000.0	0012	0057	+00.18	02	00	0900	08
26	0014	27	04	10	09	00442	10.5	+18.7	0000	048.2	000.0	0013	0062	+00.18	02	00	0900	08
27	0001	27	04	10	10	00425	10.6	+18.7	0000	049.2	000.0	0000	0000	+00.00	02	00	0900	08
27	0002	27	04	10	10	00427	10.6	+18.7	0000	049.2	000.0	0000	0004	+00.00	02	00	0900	08
27	0003	27	04	10	11	00428	10.6	+18.7	0000	049.2	000.0	0000	0009	+00.00	02	00	0900	08
27	0004	27	04	10	11	00429	10.6	+18.7	0000	049.2	000.0	0004	0014	+00.24	02	00	0900	08
27	0005	27	04	10	11	00431	10.6	+18.7	0000	049.2	000.0	0005	0019	+00.23	02	00	0900	08
27	0006	27	04	10	11	00432	10.5	+18.6	0000	049.2	000.0	0006	0024	+00.23	02	00	0900	08
27	0007	27	04	10	11	00433	10.6	+18.7	0000	049.2	000.0	0007	0028	+00.22	02	00	0900	08
27	0008	27	04	10	11	00434	10.5	+18.6	0000	049.2	000.0	0008	0033	+00.22	02	00	0900	08
27	0009	27	04	10	11	00436	10.7	+18.7	0000	049.2	000.0	0010	0038	+00.22	02	00	0900	08
27	0010	27	04	10	11	00437	10.7	+18.6	0000	049.2	000.0	0011	0043	+00.22	02	00	0900	08
27	0011	27	04	10	11	00438	10.7	+18.7	0000	049.3	000.0	0012	0048	+00.22	02	00	0900	08
27	0012	27	04	10	11	00440	10.7	+18.7	0000	049.3	000.0	0013	0052	+00.22	02	00	0899	08
27	0013	27	04	10	11	00441	10.7	+18.6	0000	049.3	000.0	0015	0057	+00.22	02	00	0900	08
27	0014	27	04	10	11	00442	10.7	+18.7	0000	049.4	000.0	0016	0062	+00.22	02	00	0900	08
28	0001	27	04	10	13	00426	10.7	+18.7	0000	049.7	000.0	0000	0000	+00.00	02	00	0900	08
28	0002	27	04	10	13	00427	10.6	+18.7	0000	049.6	000.0	0000	0004	+00.00	02	00	0900	08
28	0003	27	04	10	13	00427	10.6	+18.7	0000	049.4	000.0	0000	0009	+00.00	02	00	0900	08
28	0004	27	04	10	13	00427	10.6	+18.7	0000	049.3	000.0	0000	0014	+00.05	02	00	0900	08
28	0005	27	04	10	13	00428	10.6	+18.7	0000	049.3	000.0	0001	0019	+00.05	02	00	0900	08
28	0006	27	04	10	13	00428	10.5	+18.7	0000	049.1	000.0	0001	0024	+00.05	02	00	0900	08
28	0007	27	04	10	13	00429	10.5	+18.7	0000	049.1	000.0	0002	0028	+00.06	02	00	0899	08
28	0008	27	04	10	13	00429	10.5	+18.7	0000	049.0	000.0	0002	0033	+00.06	02	00	0900	08
28	0009	27	04	10	13	00429	10.5	+18.7	0000	049.0	000.0	0002	0038	+00.05	02	00	0900	08
28	0010	27	04	10	13	00430	10.5	+18.7	0000	049.0	000.0	0003	0043	+00.06	02	00	0899	08
28	0011	27	04	10	13	00429	10.5	+18.7	0000	048.9	000.0	0003	0048	+00.05	02	00	0900	08
28	0012	27	04	10	13	00430	10.5	+18.7	0000	048.9	000.0	0003	0052	+00.05	02	00	0900	08
28	0013	27	04	10	14	00431	10.5	+18.7	0000	048.9	000.0	0003	0057	+00.05	02	00	0899	08
28	0014	27	04	10	14	00430	10.4	+18.6	0000	048.9	000.0	0004	0062	+00.05	02	00	0900	08
29	0001	27	04	10	15	00425	10.2	+18.7	0000	047.7	000.0	0000	0000	+00.00	02	00	0900	08
29	0002	27	04	10	15	00426	10.2	+18.7	0000	047.7	000.0	0000	0004	+00.00	02	00	0899	08
29	0003	27	04	10	15	00426	10.2	+18.7	0000	047.7	000.0	0000	0009	+00.00	02	00	0900	08
29	0004	27	04	10	15	00426	10.2	+18.7	0000	047.7	000.0	0001	0014	+00.08	02	00	0900	08
29	0005	27	04	10	15	00427	10.3	+18.7	0000	047.7	000.0	0002	0019	+00.09	02	00	0900	08
29	0006	27	04	10	15	00428	10.2	+18.7	0000	047.7	000.0	0002	0024	+00.10	02	00	0900	08
29	0007	27	04	10	15	00429	10.2	+18.7	0000	047.7	000.0	0003	0028	+00.11	02	00	0899	08
29	0008	27	04	10	15	00429	10.2	+18.7	0000	047.7	000.0	0004	0033	+00.11	02	00	0900	08
29	0009	27	04	10	16	00430	10.2	+18.7	0000	047.7	000.0	0005	0038	+00.11	02	00	0899	08
29	0010	27	04	10	16	00430	10.2	+18.7	0000	047.7	000.0	0005	0043	+00.11	02	00	0900	08
29	0011	27	04	10	16	00431	10.2	+18.7	0000	047.7	000.0	0006	0048	+00.11	02	00	0900	08
29	0012	27	04	10	16	00431	10.2	+18.7	0000	047.7	000.0	0006	0052	+00.10	02	00	0900	08
29	0013	27	04	10	16	00432	10.2	+18.7	0000	047.7	000.0	0007	0057	+00.10	02	00	0900	08
29	0014	27	04	10	16	00432	10.2	+18.7	0000	047.7	000.0	0007	0062	+00.10	02	00	0900	08
30	0001	27	04	10	18	00430	10.3	+18.6	0000	048.2	000.0	0000	0000	+00.00	02	00	0900	08
30	0002	27	04	10	18	00430	10.2	+18.6	0000	047.8	000.0	0000	0004	+00.00	02	00	0900	08
30	0003	27	04	10	18	00430	10.2	+18.6	0000	047.7	000.0	0000	0009	+00.00	02	00	0900	08
30	0004	27	04	10	18	00432	10.2	+18.6	0000	047.7	000.0	0001	0014	+00.09	02	00	0899	08
30	0005	27	04	10	18	00431	10.2	+18.6	0000	047.7	000.0	0001	0019	+00.08	02	00	0900	08
30	0006	27	04	10	18	00433	10.3	+18.6	0000	047.8	000.0	0002	0024	+00.09	02	00	0899	08
30	0007	27	04	10	18	00432	10.3	+18.6	0000	047.9	000.0	0002	0028	+00.08	02	00	0900	08
30	0008	27	04	10	18	00433	10.3	+18.6	0000	047.9	000.0	0003	0033	+00.08	02	00	0900	08
30	0009	27	04	10	18	00433	10.4	+18.6	0000	048.0	000.0	0003	0038	+00.08	02	00	0900	08
30	0010	27	04	10	19	00434	10.4	+18.6	0000	048.1	000.0	0004	0043	+00.08	02	00	0900	08
30	0011	27	04	10	19	00435	10.4	+18.6	0000	048.1	000.0	0004	0048	+00.08	02	00	0899	08
30	0012	27	04	10	19	00435	10.4	+18.6	0000	048.2	000.0	0005	0052	+00.08	02	00	0900	08
30	0013	27	04	10	19	00435	10.4	+18.5	0000	048.2	000.0	0005	0057	+00.08	02	00	0900	08
30	0014	27	04	10	19	00437	10.5	+18.6	0000	048.3	000.0	0006	0062	+00.08	02	00	0899	08
31	0001	27	04	11	43	00437	10.7	+16.2	0000	058.2	000.0	0000	0000	+00.00	00	00	0900	08
31	0002	27	04	11	44	00438	10.7	+16.2	0000	058.2	000.0	0000	0004	+00.00	00	00	0900	08
31	0003	27	04	11	44	00439	10.7	+16.2	0000	058.2	000.0	0000	0009	+00.00	00	00	0900	08
31	0004	27	04	11	44	00438	10.6	+16.2	0000	058.1	000.0	0001	0014	+00.09	02	00	0900	08
31	0005	27	04	11	44	00439	10.6	+16.2	0000	058.0	000.0	0002	0019	+00.09	02	00	0900	08
31	0006	27	04	11	44	00440	10.7	+16.3	0000	057.9	000.0	0002	0024	+00.08	02	00	0900	08
31	0007	27	04	11	44	00439	10.7	+16.3	0000	057.9	000.0	0002	0028	+00.05	02	00	0900	08
31	0008	27	04	11	44	00440	10.7	+16.4	0000	057.9	000.0	0002	0033	+00.05	02	00	0900	08
31	0009	27	04	11	44	00440	10.6	+16.3	0000	057.8	000.0	0002	0038	+00.05	02	00	0900	08
31	0010	27	04	11	44	00441	10.7	+16.4	0000	057.7	000.0	0002	0043	+00.05	02	00	0900	08
31	0011	27	04	11	44	00441	10.7	+16.4	0000	057.7	000.0	0003	0048	+00.05	02	00	0900	08
31	0012	27	04	11	44	00442	10.7	+16.4	0000	057.6	000.0	0003	0052	+00.06	02	00	0899	08
31	0013	27	04	11	44	00441	10.7	+16.4	0000	057.6	000.0	0003	0057	+00.05	02	00	0900	08
31	0014	27	04	11	45	00441	10.6	+16.4	0000	057.6	000.0	0003	0062	+00.05	02	00	0900	08
32	0001	27	04	11	46	00428	10.7	+16.8	0000	055.8	000.0	0000	0000	+00.00	02	00	0900	08
32	0002	27	04	11	46	00430	10.7	+16.8	0000	055.8	000.0	0000	0004	+00.00	02	00	0900	08
32	0003	27	04	11	46	00431	10.7	+16.8	0000	055.8	000.0	0000	0009	+00.00	02	00	0900	08
32	0004	27	04	11	46	00434	10.7	+16.8	0000	055.8	000.0	0005	0014	+00.33	02	00	0900	08
32	0005	27	04	11	46	00435	10.7	+16.8	0000	055.8	000.0	0006	0019	+00.29	02	00	0900	08
32	0006	27	04	11	46	00438	10.7	+16.9	0000	055.8	000.0	0009	0024	+00.33	02	00	0900	08
32	0007	27	04	11	47	00439	10.6	+16.9	0000	055.7	000.0	0010	0028	+00.32	02	00	0900	08
32	0008	27	04	11	47	00442	10.7	+16.9	0000	055.7	000.0	0013	0033	+00.33	02	00	0900	08
32	0009	27	04	11	47	00444	10.7	+16.9	0000	055.6	000.0	0015	0038	+00.34	02	00	0900	08
32	0010	27	04	11	47	00446	10.7	+16.9	0000	055.6	000.0	0017	0043	+00.35	02	00	0900	08
32	0011	27	04	11	47	00448	10.7	+17.0	0000	055.6	000.0	0019	0048	+00.35	02	00	0900	08
32	0012	27	04	11	47	00449	10.7	+17.0	0000	055.6	000.0	0021	0052	+00.35	02	00	0900	08
32	0013	27	04	11	47	00451	10.7	+17.0	0000	055.6	000.0	0023	0057	+00.35	02	00	0900	08
32	0014	27	04	11	47	00453	10.7	+17.0	0000	055.6	000.0	0025	0062	+00.34	02	00	0900	08
33	0001	27	04	11	48	00432	10.9	+17.2	0000	055.4	000.0	0000	0000	+00.00	02	00	0900	08
33	0002	27	04	11	48	00434	10.9	+17.2	0000	055.4	000.0	0000	0004	+00.00	02	00	0900	08
33	0003	27	04	11	48	00434	10.9	+17.2	0000	055.4	000.0	0000	0009	+00.00	02	00	0900	08
33	0004	27	04	11	48	00436	10.9	+17.2	0000	055.3	000.0	0003	0014	+00.19	02	00	0900	08
33	0005	27	04	11	49	00436	10.8	+17.2	0000	055.3	000.0	0004	0019	+00.18	02	00	0900	08
33	0006	27	04	11	49	00438	10.8	+17.2	0000	055.2	000.0	0005	0024	+00.18	02	00	0900	08
33	0007	27	04	11	49	00438	10.8	+17.2	0000	055.2	000.0	0006	0028	+00.18	02	00	0900	08
33	0008	27	04	11	49	00439	10.8	+17.3	0000	055.1	000.0	0007	0033	+00.18	02	00	0900	08
33	0009	27	04	11	49	00440	10.7	+17.3	0000	055.1	000.0	0007	0038	+00.17	02	00	0900	08
33	0010	27	04	11	49	00441	10.7	+17.3	0000	055.0	000.0	0008	0043	+00.17	02	00	0900	08
33	0011	27	04	11	49	00442	10.7	+17.3	0000	055.0	000.0	0009	0048	+00.16	02	00	0900	08
33	0012	27	04	11	49	00443	10.7	+17.3	0000	054.9	000.0	0010	0052	+00.16	02	00	0900	08
33	0013	27	04	11	49	00443	10.7	+17.3	0000	054.9	000.0	0011	0057	+00.16	02	00	0900	08
33	0014	27	04	11	49	00444	10.7	+17.3	0000	054.8	000.0	0011	0062	+00.16	02	00	0900	08
34	0001	27	04	11	51	00432	11.0	+17.5	0000	055.0	000.0	0000	0000	+00.00	02	00	0900	08
34	0002	27	04	11	51	00432	11.0	+17.5	0000	054.9	000.0	0000	0004	+00.00	02	00	0900	08
34	0003	27	04	11	51	00432	10.9	+17.5	0000	054.8	000.0	0000	0009	+00.00	02	00	0900	08
34	0004	27	04	11	51	00432	10.9	+17.6	0000	054.7	000.0	0000	0014	+00.01	02	00	0900	08
34	0005	27	04	11	51	00432	10.9	+17.6	0000	054.7	000.0	0000	0019	+00.01	02	00	0900	08
34	0006	27	04	11	51	00433	10.9	+17.6	0000	054.6	000.0	0000	0024	+00.01	02	00	0900	08
34	0007	27	04	11	51	00433	10.9	+17.6	0000	054.6	000.0	0000	0028	+00.02	02	00	0900	08
34	0008	27	04	11	51	00433	10.8	+17.6	0000	054.6	000.0	0000	0033	+00.02	02	00	0900	08
34	0009	27	04	11	51	00433	10.9	+17.6	0000	054.5	000.0	0001	0038	+00.02	02	00	0900	08
34	0010	27	04	11	51	00433	10.9	+17.6	0000	054.5	000.0	0001	0043	+00.02	02	00	0900	08
34	0011	27	04	11	51	00433	10.8	+17.6	0000	054.4	000.0	0001	0048	+00.02	02	00	0900	08
34	0012	27	04	11	52	00435	10.8	+17.6	0000	054.4	000.0	0002	0052	+00.03	02	00	0900	08
34	0013	27	04	11	52	00434	10.9	+17.6	0000	054.4	000.0	0002	0057	+00.03	02	00	0900	08
34	0014	27	04	11	52	00434	10.9	+17.6	0000	054.4	000.0	0002	0062	+00.03	02	00	0900	08
35	0001	27	04	11	53	00430	10.9	+17.8	0000	053.5	000.0	0000	0000	+00.00	02	00	0900	08
35	0002	27	04	11	53	00430	10.9	+17.8	0000	053.7	000.0	0000	0004	+00.00	02	00	0900	08
35	0003	27	04	11	53	00431	10.9	+17.8	0000	053.6	000.0	0000	0009	+00.00	02	00	0900	08
35	0004	27	04	11	53	00431	10.9	+17.8	0000	053.6	000.0	0000	0014	+00.02	02	00	0900	08
35	0005	27	04	11	54	00431	10.9	+17.8	0000	053.6	000.0	0000	0019	+00.02	02	00	0900	08
35	0006	27	04	11	54	00433	10.9	+17.8	0000	053.6	000.0	0002	0024	+00.07	02	00	0900	08
35	0007	27	04	11	54	00433	10.9	+17.8	0000	053.6	000.0	0002	0028	+00.08	02	00	0900	08
35	0008	27	04	11	54	00433	10.9	+17.9	0000	053.6	000.0	0003	0033	+00.08	02	00	0900	08
35	0009	27	04	11	54	00433	10.9	+17.8	0000	053.6	000.0	0003	0038	+00.07	02	00	0900	08
35	0010	27	04	11	54	00434	10.9	+17.9	0000	053.6	000.0	0003	0043	+00.07	02	00	0900	08
35	0011	27	04	11	54	00433	10.9	+17.9	0000	053.6	000.0	0003	0048	+00.06	02	00	0900	08
35	0012	27	04	11	54	00433	11.0	+17.9	0000	053.6	000.0	0003	0052	+00.05	02	00	0900	08
35	0013	27	04	11	54	00433	11.0	+17.9	0000	053.6	000.0	0003	0057	+00.05	02	00	0900	08
35	0014	27	04	11	54	00433	10.9	+17.9	0000	053.6	000.0	0003	0062	+00.04	02	00	0900	08
35	0015	27	04	11	56	00448	11.0	+18.1	0000	053.1	000.0	0000	0000	+00.00	02	00	0900	08
35	0016	27	04	11	56	00451	11.0	+18.1	0000	053.1	000.0	0000	0004	+00.00	02	00	0900	08
35	0017	27	04	11	56	00453	11.0	+18.1	0000	053.1	000.0	0000	0009	+00.00	02	00	0900	08
35	0018	27	04	11	56	00455	11.0	+18.1	0000	053.1	000.0	0007	0014	+00.45	02	00	0900	08
35	0019	27	04	11	56	00458	11.0	+18.1	0000	053.1	000.0	0009	0019	+00.42	02	00	0900	08
35	0020	27	04	11	56	00460	11.0	+18.2	0000	053.0	000.0	0011	0024	+00.42	02	00	0900	08
35	0021	27	04	11	56	00463	10.9	+18.1	0000	052.9	000.0	0014	0028	+00.42	02	00	0900	08
35	0022	27	04	11	56	00465	10.9	+18.1	0000	052.9	000.0	0016	0033	+00.42	02	00	0900	08
35	0023	27	04	11	56	00467	10.9	+18.2	0000	052.9	000.0	0019	0038	+00.42	02	00	0900	08
35	0024	27	04	11	56	00470	11.1	+18.2	0000	052.9	000.0	0021	0043	+00.43	02	00	0900	08
35	0025	27	04	11	56	00472	10.9	+18.2	0000	052.8	000.0	0024	0048	+00.43	02	00	0900	08
35	0026	27	04	11	57	00475	11.1	+18.2	0000	052.9	000.0	0026	0052	+00.43	02	00	0900	08
35	0027	27	04	11	57	00477	11.1	+18.2	0000	052.9	000.0	0029	0057	+00.43	02	00	0900	08
35	0028	27	04	11	57	00480	11.1	+18.2	0000	052.9	000.0	0031	0062	+00.44	02	00	0899	08
36	0001	27	04	11	58	00428	11.3	+18.4	0000	053.1	000.0	0000	0000	+00.00	02	00	0900	08
36	0002	27	04	11	58	00430	11.3	+18.4	0000	053.0	000.0	0000	0004	+00.00	02	00	0900	08
36	0003	27	04	11	58	00431	11.2	+18.4	0000	052.9	000.0	0000	0009	+00.00	02	00	0900	08
36	0004	27	04	11	58	00432	11.2	+18.5	0000	052.8	000.0	0003	0014	+00.22	02	00	0900	08
36	0005	27	04	11	58	00433	11.2	+18.4	0000	052.7	000.0	0004	0019	+00.21	02	00	0900	08
36	0006	27	04	11	59	00435	11.1	+18.5	0000	052.7	000.0	0006	0024	+00.22	02	00	0900	08
36	0007	27	04	11	59	00435	11.1	+18.5	0000	052.6	000.0	0007	0028	+00.21	02	00	0900	08
36	0008	27	04	11	59	00437	11.0	+18.5	0000	052.5	000.0	0008	0033	+00.21	02	00	0900	08
36	0009	27	04	11	59	00438	11.0	+18.5	0000	052.4	000.0	0009	0038	+00.20	02	00	0900	08
36	0010	27	04	11	59	00439	11.0	+18.5	0000	052.3	000.0	0010	0043	+00.21	02	00	0900	08
36	0011	27	04	11	59	00441	11.0	+18.5	0000	052.2	000.0	0011	0048	+00.21	02	00	0900	08
36	0012	27	04	11	59	00442	11.0	+18.6	0000	052.2	000.0	0013	0052	+00.21	02	00	0900	08
36	0013	27	04	11	59	00443	11.0	+18.6	0000	052.1	000.0	0014	0057	+00.21	02	00	0900	08
36	0014	27	04	11	59	00444	10.9	+18.6	0000	052.1	000.0	0015	0062	+00.21	02	00	0900	08
37	0001	27	04	12	02	00485	11.0	+18.8	0000	050.7	000.0	0000	0000	+00.00	02	00	0899	08
37	0002	27	04	12	02	00484	11.0	+18.8	0000	050.6	000.0	0000	0004	+00.00	02	00	0900	08
37	0003	27	04	12	02	00486	10.9	+18.7	0000	050.6	000.0	0000	0009	+00.00	02	00	0900	08
37	0004	27	04	12	02	00488	11.0	+18.8	0000	050.6	000.0	0003	0014	+00.18	02	00	0899	08
37	0005	27	04	12	03	00488	10.9	+18.7	0000	050.7	000.0	0003	0019	+00.16	02	00	0899	08
37	0006	27	04	12	03	00488	11.0	+18.8	0000	050.7	000.0	0003	0024	+00.14	02	00	0899	08
37	0007	27	04	12	03	00489	11.0	+18.8	0000	050.7	000.0	0004	0028	+00.14	02	00	0899	08
37	0008	27	04	12	03	00490	11.0	+18.8	0000	050.7	000.0	0005	0033	+00.14	02	00	0899	08
37	0009	27	04	12	03	00490	11.0	+18.8	0000	050.7	000.0	0005	0038	+00.13	02	00	0899	08
37	0010	27	04	12	03	00491	11.0	+18.8	0000	050.7	000.0	0006	0043	+00.12	02	00	0899	08
37	0011	27	04	12	03	00491	11.0	+18.7	0000	050.7	000.0	0006	0048	+00.12	02	00	0899	08
37	0012	27	04	12	03	00491	10.9	+18.7	0000	050.7	000.0	0006	0052	+00.11	02	00	0899	08
37	0013	27	04	12	03	00492	11.1	+18.8	0000	050.8	000.0	0007	0057	+00.11	02	00	0899	08
37	0014	27	04	12	03	00492	11.1	+18.8	0000	050.8	000.0	0007	0062	+00.10	02	00	0899	08
38	0001	27	04	12	04	00438	11.2	+18.8	0000	051.7	000.0	0000	0000	+00.00	02	00	0899	08
38	0002	27	04	12	04	00439	11.2	+18.8	0000	051.7	000.0	0000	0004	+00.00	02	00	0900	08
38	0003	27	04	12	04	00439	11.2	+18.8	0000	051.7	000.0	0000	0009	+00.00	02	00	0899	08
38	0004	27	04	12	05	00439	11.2	+18.8	0000	051.7	000.0	0001	0014	+00.06	02	00	0899	08
38	0005	27	04	12	05	00440	11.2	+18.8	0000	051.7	000.0	0002	0019	+00.09	02	00	0899	08
38	0006	27	04	12	05	00442	11.2	+18.8	0000	051.7	000.0	0003	0024	+00.13	02	00	0899	08
38	0007	27	04	12	05	00443	11.2	+18.8	0000	051.7	000.0	0004	0028	+00.14	02	00	0899	08
38	0008	27	04	12	05	00443	11.2	+18.8	0000	051.7	000.0	0005	0033	+00.13	02	00	0899	08
38	0009	27	04	12	05	00443	11.2	+18.8	0000	051.7	000.0	0005	0038	+00.12	02	00	0900	08
38	0010	27	04	12	05	00445	11.2	+18.8	0000	051.7	000.0	0006	0043	+00.12	02	00	0899	08
38	0011	27	04	12	05	00445	11.2	+18.8	0000	051.7	000.0	0007	0048	+00.13	02	00	0899	08
38	0012	27	04	12	05	00446	11.2	+18.8	0000	051.7	000.0	0008	0052	+00.13	02	00	0899	08
38	0013	27	04	12	05	00446	11.2	+18.8	0000	051.7	000.0	0008	0057	+00.12	02	00	0900	08
38	0014	27	04	12	05	00448	11.2	+18.8	0000	051.7	000.0	0009	0062	+00.13	02	00	0899	08
39	0001	27	04	12	07	00438	11.2	+18.8	0000	051.7	000.0	0000	0000	+00.00	02	00	0900	08
39	0002	27	04	12	07	00439	11.2	+18.8	0000	051.7	000.0	0000	0004	+00.00	02	00	0899	08
39	0003	27	04	12	07	00439	11.2	+18.8	0000	051.7	000.0	0000	0009	+00.00	02	00	0899	08
39	0004	27	04	12	07	00440	11.2	+18.8	0000	051.7	000.0	0002	0014	+00.14	02	00	0899	08
39	0005	27	04	12	07	00440	11.1	+18.8	0000	051.6	000.0	0002	0019	+00.09	02	00	0899	08
39	0006	27	04	12	07	00440	11.1	+18.8	0000	051.5	000.0	0001	0024	+00.06	02	00	0899	08
39	0007	27	04	12	07	00441	11.1	+18.8	0000	051.5	000.0	0002	0028	+00.08	02	00	0899	08
39	0008	27	04	12	07	00442	11.1	+18.8	0000	051.4	000.0	0003	0033	+00.09	02	00	0899	08
39	0009	27	04	12	07	00443	11.1	+18.8	0000	051.4	000.0	0004	0038	+00.10	02	00	0899	08
39	0010	27	04	12	08	00443	11.1	+18.8	0000	051.4	000.0	0005	0043	+00.09	02	00	0900	08
39	0011	27	04	12	08	00443	11.1	+18.8	0000	051.4	000.0	0005	0048	+00.09	02	00	0900	08
39	0012	27	04	12	08	00444	11.2	+18.8	0000	051.4	000.0	0005	0052	+00.09	02	00	0900	08
39	0013	27	04	12	08	00444	11.2	+18.8	0000	051.4	000.0	0006	0057	+00.09	02	00	0899	08
39	0014	27	04	12	08	00444	11.2	+18.8	0000	051.4	000.0	0006	0062	+00.09	02	00	0900	08
40	0001	27	04	12	09	00440	11.3	+18.9	0000	051.7	000.0	0000	0000	+00.00	02	00	0899	08
40	0002	27	04	12	09	00439	11.3	+18.9	0000	051.7	000.0	0000	0004	+00.00	02	00	0899	08
40	0003	27	04	12	10	00440	11.2	+18.9	0000	051.6	000.0	0000	0009	+00.00	02	00	0900	08
40	0004	27	04	12	10	00441	11.3	+18.9	0000	051.7	000.0	0001	0014	+00.06	02	00	0899	08
40	0005	27	04	12	10	00442	11.3	+18.9	0000	051.6	000.0	0002	0019	+00.11	02	00	0899	08
40	0006	27	04	12	10	00443	11.1	+18.9	0000	051.6	000.0	0003	0024	+00.12	02	00	0899	08
40	0007	27	04	12	10	00445	11.2	+18.9	0000	051.6	000.0	0005	0028	+00.16	02	00	0899	08
40	0008	27	04	12	10	00445	11.1	+18.9	0000	051.5	000.0	0006	0033	+00.15	02	00	0899	08
40	0009	27	04	12	10	00448	11.2	+18.9	0000	051.5	000.0	0008	0038	+00.18	02	00	0899	08
40	0010	27	04	12	10	00446	11.2	+18.9	0000	051.5	000.0	0008	0043	+00.16	02	00	0899	08
40	0011	27	04	12	10	00447	11.2	+18.9	0000	051.4	000.0	0008	0048	+00.15	02	00	0900	08
40	0012	27	04	12	10	00448	11.2	+18.9	0000	051.4	000.0	0009	0052	+00.15	02	00	0899	08
40	0013	27	04	12	10	00449	11.2	+18.9	0000	051.4	000.0	0010	0057	+00.15	02	00	0899	08
40	0014	27	04	12	10	00449	11.1	+18.9	0000	051.4	000.0	0010	0062	+00.14	02	00	0899	08
41	0001	27	04	12	12	00590	11.2	+18.9	0000	051.2	000.0	0000	0000	+00.00	02	00	0899	08
41	0002	27	04	12	12	00593	11.2	+19.0	0000	051.2	000.0	0000	0004	+00.00	02	00	0899	08
41	0003	27	04	12	12	00594	11.2	+19.0	0000	051.2	000.0	0000	0009	+00.00	02	00	0900	08
41	0004	27	04	12	12	00597	11.2	+19.0	0000	051.2	000.0	0006	0014	+00.39	02	00	0900	08
41	0005	27	04	12	12	00600	11.2	+19.0	0000	051.2	000.0	0009	0019	+00.41	02	00	0899	08
41	0006	27	04	12	12	00603	11.1	+19.0	0000	051.1	000.0	0012	0024	+00.43	02	00	0899	08
41	0007	27	04	12	12	00605	11.1	+19.0	0000	051.1	000.0	0014	0028	+00.44	02	00	0899	08
41	0008	27	04	12	12	00609	11.1	+19.0	0000	051.0	000.0	0018	0033	+00.46	02	00	0899	08
41	0009	27	04	12	12	00611	11.1	+19.0	0000	051.0	000.0	0021	0038	+00.46	02	00	0900	08
41	0010	27	04	12	12	00615	11.1	+19.0	0000	051.0	000.0	0024	0043	+00.48	02	00	0900	08
41	0011	27	04	12	12	00616	11.1	+19.0	0000	050.9	000.0	0026	0048	+00.48	02	00	0899	08
41	0012	27	04	12	12	00618	11.1	+19.0	0000	050.9	000.0	0029	0052	+00.47	02	00	0899	08
41	0013	27	04	12	13	00621	11.1	+19.0	0000	050.9	000.0	0031	0057	+00.46	02	00	0900	08
41	0014	27	04	12	13	00623	11.1	+19.0	0000	050.9	000.0	0033	0062	+00.46	02	00	0900	08
42	0001	27	04	12	15	00429	11.1	+19.1	0000	050.2	000.0	0000	0000	+00.00	02	00	0899	08
42	0002	27	04	12	15	00430	11.1	+19.1	0000	050.2	000.0	0000	0004	+00.00	02	00	0899	08
42	0003	27	04	12	15	00430	11.0	+19.0	0000	050.2	000.0	0000	0009	+00.00	02	00	0900	08
42	0004	27	04	12	15	00432	11.1	+19.1	0000	050.2	000.0	0002	0014	+00.16	02	00	0899	08
42	0005	27	04	12	15	00434	11.1	+19.1	0000	050.2	000.0	0004	0019	+00.20	02	00	0899	08
42	0006	27	04	12	15	00434	11.0	+19.1	0000	050.2	000.0	0005	0024	+00.20	02	00	0899	08
42	0007	27	04	12	15	00436	10.9	+19.0	0000	050.1	000.0	0007	0028	+00.21	02	00	0899	08
42	0008	27	04	12	15	00437	10.9	+19.0	0000	050.1	000.0	0008	0033	+00.21	02	00	0900	08
42	0009	27	04	12	15	00438	11.0	+19.1	0000	050.0	000.0	0009	0038	+00.21	02	00	0899	08
42	0010	27	04	12	15	00440	10.9	+19.0	0000	050.0	000.0	0011	0043	+00.21	02	00	0899	08
42	0011	27	04	12	16	00439	11.0	+19.1	0000	050.0	000.0	0011	0048	+00.20	02	00	0900	08
42	0012	27	04	12	16	00441	10.9	+19.0	0000	050.0	000.0	0012	0052	+00.20	02	00	0899	08
42	0013	27	04	12	16	00442	11.1	+19.1	0000	050.0	000.0	0013	0057	+00.20	02	00	0899	08
42	0014	27	04	12	16	00443	11.1	+19.1	0000	050.0	000.0	0014	0062	+00.20	02	00	0899	08
43	0001	27	04	12	18	00494	11.0	+19.1	0000	049.7	000.0	0000	0000	+00.00	02	00	0900	08
43	0002	27	04	12	18	00496	11.0	+19.2	0000	049.5	000.0	0000	0004	+00.00	02	00	0899	08
43	0003	27	04	12	18	00497	11.0	+19.1	0000	049.5	000.0	0000	0009	+00.00	02	00	0899	08
43	0004	27	04	12	18	00498	11.0	+19.1	0000	049.5	000.0	0003	0014	+00.18	02	00	0899	08
43	0005	27	04	12	18	00498	10.9	+19.1	0000	049.5	000.0	0003	0019	+00.17	02	00	0899	08
43	0006	27	04	12	19	00499	11.0	+19.1	0000	049.5	000.0	0004	0024	+00.16	02	00	0899	08
43	0007	27	04	12	19	00500	10.9	+19.1	0000	049.4	000.0	0005	0028	+00.15	02	00	0899	08
43	0008	27	04	12	19	00500	10.9	+19.1	0000	049.4	000.0	0005	0033	+00.14	02	00	0899	08
43	0009	27	04	12	19	00501	10.9	+19.1	0000	049.4	000.0	0006	0038	+00.14	02	00	0899	08
43	0010	27	04	12	19	00503	10.9	+19.2	0000	049.4	000.0	0007	0043	+00.15	02	00	0899	08
43	0011	27	04	12	19	00503	10.9	+19.2	0000	049.4	000.0	0008	0048	+00.15	02	00	0899	08
43	0012	27	04	12	19	00504	10.9	+19.2	0000	049.4	000.0	0009	0052	+00.15	02	00	0899	08
43	0013	27	04	12	19	00505	10.9	+19.2	0000	049.3	000.0	0010	0057	+00.15	02	00	0899	08
43	0014	27	04	12	19	00506	10.9	+19.1	0000	049.3	000.0	0011	0062	+00.15	02	00	0899	08
44	0001	27	04	12	20	00437	10.9	+19.1	0000	049.2	000.0	0000	0000	+00.00	02	00	0899	08
44	0002	27	04	12	21	00437	10.9	+19.1	0000	049.1	000.0	0000	0004	+00.00	02	00	0899	08
44	0003	27	04	12	21	00437	10.8	+19.1	0000	048.9	000.0	0000	0009	+00.00	02	00	0899	08
44	0004	27	04	12	21	00438	10.8	+19.1	0000	049.0	000.0	0000	0014	+00.02	02	00	0899	08
44	0005	27	04	12	21	00437	10.9	+19.1	0000	049.0	000.0	0000	0019	+00.01	02	00	0899	08
44	0006	27	04	12	21	00438	10.9	+19.2	0000	049.0	000.0	0000	0024	+00.02	02	00	0899	08
44	0007	27	04	12	21	00438	10.9	+19.1	0000	049.0	000.0	0000	0028	+00.02	02	00	0899	08
44	0008	27	04	12	21	00438	10.8	+19.1	0000	049.0	000.0	0001	0033	+00.02	02	00	0899	08
44	0009	27	04	12	21	00438	10.7	+19.1	0000	049.0	000.0	0001	0038	+00.02	02	00	0899	08
44	0010	27	04	12	21	00439	10.7	+19.1	0000	049.0	000.0	0001	0043	+00.03	02	00	0899	08
44	0011	27	04	12	21	00439	10.8	+19.1	0000	049.0	000.0	0001	0048	+00.03	02	00	0899	08
44	0012	27	04	12	21	00439	10.7	+19.1	0000	049.0	000.0	0002	0052	+00.03	02	00	0899	08
44	0013	27	04	12	21	00439	10.8	+19.2	0000	049.0	000.0	0002	0057	+00.03	02	00	0899	08
44	0014	27	04	12	21	00440	10.8	+19.1	0000	048.9	000.0	0002	0062	+00.03	02	00	0899	08
45	0001	27	04	12	23	00443	10.7	+19.0	0000	048.7	000.0	0000	0000	+00.00	02	00	0899	08
45	0002	27	04	12	23	00443	10.7	+19.1	0000	048.7	000.0	0000	0004	+00.00	02	00	0899	08
45	0003	27	04	12	23	00444	10.7	+19.1	0000	048.7	000.0	0000	0009	+00.00	02	00	0899	08
45	0004	27	04	12	23	00445	10.7	+19.1	0000	048.7	000.0	0002	0014	+00.12	02	00	0899	08
45	0005	27	04	12	23	00446	10.7	+19.0	0000	048.7	000.0	0003	0019	+00.13	02	00	0899	08
45	0006	27	04	12	23	00446	10.7	+19.0	0000	048.7	000.0	0003	0024	+00.13	02	00	0899	08
45	0007	27	04	12	23	00447	10.7	+19.1	0000	048.7	000.0	0004	0028	+00.13	02	00	0899	08
45	0008	27	04	12	23	00448	10.7	+19.1	0000	048.7	000.0	0005	0033	+00.13	02	00	0899	08
45	0009	27	04	12	23	00448	10.7	+19.1	0000	048.7	000.0	0005	0038	+00.13	02	00	0899	08
45	0010	27	04	12	23	00449	10.7	+19.0	0000	048.7	000.0	0006	0043	+00.13	02	00	0899	08
45	0011	27	04	12	23	00450	10.7	+19.1	0000	048.7	000.0	0007	0048	+00.13	02	00	0899	08
45	0012	27	04	12	24	00451	10.7	+19.1	0000	048.7	000.0	0008	0052	+00.13	02	00	0899	08
45	0013	27	04	12	24	00451	10.7	+19.1	0000	048.7	000.0	0009	0057	+00.13	02	00	0899	08
45	0014	27	04	12	24	00452	10.7	+19.0	0000	048.7	000.0	0009	0062	+00.13	02	00	0899	08
46	0001	27	04	12	25	00431	10.9	+19.0	0000	049.7	000.0	0000	0000	+00.00	02	00	0899	08
46	0002	27	04	12	25	00431	10.9	+19.0	0000	049.7	000.0	0000	0004	+00.00	02	00	0899	08
46	0003	27	04	12	26	00432	10.9	+19.0	0000	049.7	000.0	0000	0009	+00.00	02	00	0899	08
46	0004	27	04	12	26	00432	10.9	+19.0	0000	049.7	000.0	0000	0014	+00.05	02	00	0899	08
46	0005	27	04	12	26	00432	10.9	+19.0	0000	049.7	000.0	0001	0019	+00.04	02	00	0899	08
46	0006	27	04	12	26	00433	10.9	+19.0	0000	049.7	000.0	0001	0024	+00.04	02	00	0899	08
46	0007	27	04	12	26	00433	10.9	+19.0	0000	049.7	000.0	0001	0028	+00.05	02	00	0899	08
46	0008	27	04	12	26	00433	10.9	+19.0	0000	049.7	000.0	0002	0033	+00.05	02	00	0899	08
46	0009	27	04	12	26	00434	10.9	+19.0	0000	049.7	000.0	0002	0038	+00.05	02	00	0899	08
46	0010	27	04	12	26	00434	10.9	+19.0	0000	049.7	000.0	0002	0043	+00.05	02	00	0899	08
46	0011	27	04	12	26	00435	10.9	+19.0	0000	049.7	000.0	0003	0048	+00.06	02	00	0898	08
46	0012	27	04	12	26	00435	10.9	+19.0	0000	049.7	000.0	0003	0052	+00.06	02	00	0899	08
46	0013	27	04	12	26	00435	10.9	+19.0	0000	049.7	000.0	0004	0057	+00.06	02	00	0899	08
46	0014	27	04	12	26	00435	10.9	+19.0	0000	049.7	000.0	0004	0062	+00.06	02	00	0899	08
47	0001	27	04	12	28	00443	10.9	+19.0	0000	049.7	000.0	0000	0000	+00.00	02	00	0899	08
47	0002	27	04	12	28	00446	10.9	+19.0	0000	049.7	000.0	0000	0004	+00.00	02	00	0899	08
47	0003	27	04	12	28	00446	10.9	+19.0	0000	049.7	000.0	0000	0009	+00.00	02	00	0899	08
47	0004	27	04	12	28	00448	10.9	+19.0	0000	049.7	000.0	0004	0014	+00.27	02	00	0899	08
47	0005	27	04	12	28	00450	10.9	+19.0	0000	049.7	000.0	0006	0019	+00.28	02	00	0899	08
47	0006	27	04	12	28	00452	10.9	+19.0	0000	049.7	000.0	0008	0024	+00.30	02	00	0899	08
47	0007	27	04	12	28	00454	10.9	+19.0	0000	049.7	000.0	0010	0028	+00.30	02	00	0899	08
47	0008	27	04	12	28	00456	10.9	+19.0	0000	049.7	000.0	0012	0033	+00.31	02	00	0899	08
47	0009	27	04	12	28	00457	10.9	+19.0	0000	049.7	000.0	0014	0038	+00.31	02	00	0899	08
47	0010	27	04	12	28	00460	10.9	+19.0	0000	049.7	000.0	0016	0043	+00.32	02	00	0899	08
47	0011	27	04	12	28	00461	10.9	+19.0	0000	049.7	000.0	0018	0048	+00.32	02	00	0899	08
47	0012	27	04	12	28	00463	10.9	+19.0	0000	049.7	000.0	0020	0052	+00.32	02	00	0899	08
47	0013	27	04	12	29	00465	10.9	+19.0	0000	049.7	000.0	0021	0057	+00.32	02	00	0899	08
47	0014	27	04	12	29	00467	10.9	+19.0	0000	049.7	000.0	0023	0062	+00.32	02	00	0899	08
48	0001	27	04	12	30	00501	10.9	+19.0	0000	049.7	000.0	0000	0000	+00.00	02	00	0899	08
48	0002	27	04	12	30	00503	10.9	+19.0	0000	049.7	000.0	0000	0004	+00.00	02	00	0899	08
48	0003	27	04	12	30	00504	10.9	+19.0	0000	049.7	000.0	0000	0009	+00.00	02	00	0898	08
48	0004	27	04	12	30	00504	10.9	+19.0	0000	049.7	000.0	0003	0014	+00.18	02	00	0899	08
48	0005	27	04	12	30	00505	10.9	+19.0	0000	049.7	000.0	0003	0019	+00.15	02	00	0899	08
48	0006	27	04	12	30	00506	10.9	+19.0	0000	049.7	000.0	0004	0024	+00.15	02	00	0899	08
48	0007	27	04	12	30	00507	10.9	+19.0	0000	049.7	000.0	0005	0028	+00.15	02	00	0899	08
48	0008	27	04	12	30	00508	10.9	+19.0	0000	049.7	000.0	0006	0033	+00.15	02	00	0899	08
48	0009	27	04	12	30	00509	10.9	+19.0	0000	049.7	000.0	0007	0038	+00.15	02	00	0899	08
48	0010	27	04	12	31	00510	10.9	+19.0	0000	049.7	000.0	0007	0043	+00.15	02	00	0899	08
48	0011	27	04	12	31	00511	10.9	+19.0	0000	049.7	000.0	0009	0048	+00.16	02	00	0899	08
48	0012	27	04	12	31	00511	10.9	+19.0	0000	049.7	000.0	0009	0052	+00.16	02	00	0899	08
48	0013	27	04	12	31	00513	10.9	+19.0	0000	049.7	000.0	0010	0057	+00.16	02	00	0899	08
48	0014	27	04	12	31	00513	10.9	+19.0	0000	049.7	000.0	0011	0062	+00.16	02	00	0899	08
49	0001	27	04	12	34	00431	10.9	+19.0	0000	049.7	000.0	0000	0000	+00.00	02	00	0899	08
49	0002	27	04	12	35	00431	10.9	+19.0	0000	049.7	000.0	0000	0004	+00.00	02	00	0900	08
49	0003	27	04	12	35	00432	11.0	+19.0	0000	049.9	000.0	0000	0009	+00.00	02	00	0899	08
49	0004	27	04	12	35	00432	11.0	+19.0	0000	050.0	000.0	0001	0014	+00.08	02	00	0899	08
49	0005	27	04	12	35	00433	11.0	+19.0	0000	050.0	000.0	0001	0019	+00.07	02	00	0899	08
49	0006	27	04	12	35	00432	11.0	+19.0	0000	050.1	000.0	0001	0024	+00.04	02	00	0900	08
49	0007	27	04	12	35	00433	11.1	+19.0	0000	050.1	000.0	0001	0028	+00.05	02	00	0899	08
49	0008	27	04	12	35	00433	11.0	+19.0	0000	050.1	000.0	0001	0033	+00.04	02	00	0900	08
49	0009	27	04	12	35	00433	11.0	+19.0	0000	050.1	000.0	0001	0038	+00.04	02	00	0900	08
49	0010	27	04	12	35	00434	11.0	+19.0	0000	050.2	000.0	0002	0043	+00.04	02	00	0899	08
49	0011	27	04	12	35	00434	11.0	+19.0	0000	050.2	000.0	0002	0048	+00.05	02	00	0899	08
49	0012	27	04	12	35	00435	11.0	+19.0	0000	050.2	000.0	0003	0052	+00.05	02	00	0899	08
49	0013	27	04	12	35	00435	11.0	+19.0	0000	050.2	000.0	0003	0057	+00.05	02	00	0899	08
49	0014	27	04	12	36	00436	11.0	+19.0	0000	050.2	000.0	0004	0062	+00.05	02	00	0899	08
50	0001	27	04	12	37	00435	11.1	+19.0	0000	050.7	000.0	0000	0000	+00.00	02	00	0899	08
50	0002	27	04	12	37	00435	11.0	+19.0	0000	050.4	000.0	0000	0004	+00.00	02	00	0899	08
50	0003	27	04	12	37	00435	11.1	+19.0	0000	050.4	000.0	0000	0009	+00.00	02	00	0899	08
50	0004	27	04	12	37	00434	11.0	+19.0	0000	050.3	000.0	0000	0014	-00.02	02	01	0900	08
50	0005	27	04	12	37	00435	11.1	+19.0	0000	050.4	000.0	0000	0019	+00.00	02	00	0899	08
50	0006	27	04	12	37	00435	11.0	+19.0	0000	050.4	000.0	0000	0024	+00.01	02	00	0899	08
50	0007	27	04	12	37	00435	11.1	+19.0	0000	050.4	000.0	0000	0028	+00.01	02	00	0899	08
50	0008	27	04	12	37	00435	11.1	+19.0	0000	050.4	000.0	0000	0033	+00.01	02	00	0899	08
50	0009	27	04	12	37	00435	11.1	+19.0	0000	050.5	000.0	0000	0038	+00.00	02	00	0900	08
50	0010	27	04	12	38	00435	11.1	+19.0	0000	050.5	000.0	0000	0043	+00.00	02	00	0900	08
50	0011	27	04	12	38	00435	11.1	+19.0	0000	050.5	000.0	0000	0048	+00.00	02	00	0900	08
50	0012	27	04	12	38	00436	11.1	+19.0	0000	050.5	000.0	0000	0052	+00.01	02	00	0899	08
50	0013	27	04	12	38	00436	11.1	+19.0	0000	050.6	000.0	0000	0057	+00.01	02	00	0899	08
50	0014	27	04	12	38	00436	11.1	+19.0	0000	050.6	000.0	0001	0062	+00.01	02	00	0899	08
51	0001	27	04	12	39	00441	11.0	+19.0	0000	050.2	000.0	0000	0000	+00.00	02	00	0899	08
51	0002	27	04	12	39	00441	11.1	+19.0	0000	050.6	000.0	0000	0004	+00.00	02	00	0899	08
51	0003	27	04	12	39	00441	11.1	+19.0	0000	050.7	000.0	0000	0009	+00.00	02	00	0899	08
51	0004	27	04	12	39	00441	11.1	+19.0	0000	050.7	000.0	0000	0014	+00.03	02	00	0900	08
51	0005	27	04	12	39	00442	11.1	+19.0	0000	050.7	000.0	0000	0019	+00.03	02	00	0900	08
51	0006	27	04	12	39	00442	11.1	+19.0	0000	050.7	000.0	0000	0024	+00.03	02	00	0900	08
51	0007	27	04	12	39	00442	11.3	+19.0	0000	050.8	000.0	0001	0028	+00.04	02	00	0900	08
51	0008	27	04	12	40	00443	11.4	+19.0	0000	050.9	000.0	0002	0033	+00.06	02	00	0899	08
51	0009	27	04	12	40	00444	11.5	+19.1	0000	051.0	000.0	0003	0038	+00.07	02	00	0899	08
51	0010	27	04	12	40	00444	11.6	+19.0	0000	051.2	000.0	0003	0043	+00.07	02	00	0899	08
51	0011	27	04	12	40	00445	11.7	+19.1	0000	051.3	000.0	0004	0048	+00.07	02	00	0899	08
51	0012	27	04	12	40	00445	11.8	+19.1	0000	051.5	000.0	0004	0052	+00.07	02	00	0899	08
51	0013	27	04	12	40	00444	11.8	+19.1	0000	051.7	000.0	0004	0057	+00.07	02	00	0900	08
51	0014	27	04	12	40	00445	12.1	+19.1	0000	051.9	000.0	0004	0062	+00.07	02	00	0899	08
52	0001	27	04	12	41	00461	12.5	+19.2	0000	056.2	000.0	0000	0000	+00.00	02	00	0899	08
52	0002	27	04	12	41	00461	12.4	+19.2	0000	056.0	000.0	0000	0004	+00.00	02	00	0899	08
52	0003	27	04	12	41	00460	12.4	+19.2	0000	055.8	000.0	0000	0009	+00.00	02	00	0900	08
52	0004	27	04	12	41	00461	12.4	+19.2	0000	055.8	000.0	0000	0014	+00.00	02	00	0899	08
52	0005	27	04	12	41	00461	12.3	+19.3	0000	055.7	000.0	0000	0019	-00.00	02	01	0900	08
52	0006	27	04	12	41	00461	12.3	+19.2	0000	055.6	000.0	0000	0024	+00.01	02	00	0899	08
52	0007	27	04	12	41	00462	12.3	+19.3	0000	055.5	000.0	0000	0028	+00.02	02	00	0899	08
52	0008	27	04	12	41	00461	12.3	+19.3	0000	055.5	000.0	0000	0033	+00.01	02	00	0900	08
52	0009	27	04	12	42	00462	12.4	+19.3	0000	055.5	000.0	0000	0038	+00.02	02	00	0899	08
52	0010	27	04	12	42	00461	12.5	+19.3	0000	055.5	000.0	0000	0043	+00.01	02	00	0900	08
52	0011	27	04	12	42	00462	12.5	+19.3	0000	055.5	000.0	0000	0048	+00.01	02	00	0899	08
52	0012	27	04	12	42	00462	12.5	+19.4	0000	055.5	000.0	0001	0052	+00.01	02	00	0899	08
52	0013	27	04	12	42	00462	12.5	+19.4	0000	055.5	000.0	0001	0057	+00.02	02	00	0899	08
52	0014	27	04	12	42	00461	12.6	+19.4	0000	055.6	000.0	0001	0062	+00.01	02	00	0900	08
53	0001	27	04	12	44	00433	13.1	+19.8	0000	056.8	000.0	0000	0000	+00.00	02	00	0899	08
53	0002	27	04	12	44	00434	13.2	+19.8	0000	056.9	000.0	0000	0004	+00.00	02	00	0899	08
53	0003	27	04	12	44	00435	13.1	+19.8	0000	056.8	000.0	0000	0009	+00.00	02	00	0899	08
53	0004	27	04	12	44	00436	13.1	+19.8	0000	056.8	000.0	0003	0014	+00.19	02	00	0899	08
53	0005	27	04	12	44	00437	13.1	+19.8	0000	056.8	000.0	0004	0019	+00.20	02	00	0899	08
53	0006	27	04	12	44	00438	13.3	+19.9	0000	056.9	000.0	0005	0024	+00.20	02	00	0899	08
53	0007	27	04	12	44	00439	13.3	+19.9	0000	057.0	000.0	0006	0028	+00.19	02	00	0899	08
53	0008	27	04	12	44	00441	13.3	+20.0	0000	057.0	000.0	0007	0033	+00.20	02	00	0899	08
53	0009	27	04	12	44	00442	13.3	+20.0	0000	057.0	000.0	0008	0038	+00.20	02	00	0899	08
53	0010	27	04	12	44	00443	13.3	+20.0	0000	057.1	000.0	0009	0043	+00.19	02	00	0899	08
53	0011	27	04	12	44	00444	13.4	+20.0	0000	057.1	000.0	0011	0048	+00.20	02	00	0899	08
53	0012	27	04	12	45	00445	13.3	+20.0	0000	057.1	000.0	0012	0052	+00.20	02	00	0899	08
53	0013	27	04	12	45	00447	13.3	+20.0	0000	057.0	000.0	0013	0057	+00.20	02	00	0899	08
53	0014	27	04	12	45	00448	13.2	+20.1	0000	057.0	000.0	0014	0062	+00.20	02	00	0899	08
54	0001	27	04	12	46	00489	12.4	+20.5	0000	051.4	000.0	0000	0000	+00.00	02	00	0900	08
54	0002	27	04	12	46	00508	12.3	+20.6	0000	051.3	000.0	0000	0004	+00.00	02	00	0899	08
54	0003	27	04	12	46	00526	12.3	+20.6	0000	051.2	000.0	0000	0009	+00.00	02	00	0900	08
54	0004	27	04	12	46	00545	12.4	+20.7	0000	051.1	000.0	0056	0014	+03.34	02	00	0899	08
54	0005	27	04	12	46	00553	12.4	+20.7	0000	051.1	000.0	0066	0019	+02.96	02	00	0899	08
54	0006	27	04	12	46	00558	12.5	+20.7	0000	051.1	000.0	0071	0024	+02.55	02	00	0899	08
54	0007	27	04	12	47	00563	12.6	+20.7	0000	051.1	000.0	0075	0028	+02.24	02	00	0899	08
54	0008	27	04	12	47	00567	12.6	+20.7	0000	051.2	000.0	0077	0033	+01.97	02	00	0900	08
54	0009	27	04	12	47	00571	12.8	+20.8	0000	051.3	000.0	0079	0038	+01.77	02	00	0900	08
54	0010	27	04	12	47	00581	12.8	+20.8	0000	051.4	000.0	0084	0043	+01.67	02	00	0899	08
54	0011	27	04	12	47	00598	12.8	+20.9	0000	051.4	000.0	0093	0048	+01.67	02	00	0899	08
54	0012	27	04	12	47	00601	12.9	+20.8	0000	051.5	000.0	0100	0052	+01.63	02	00	0899	08
54	0013	27	04	12	47	00607	13.1	+20.9	0000	051.6	000.0	0106	0057	+01.59	02	00	0899	08
54	0014	27	04	12	47	00610	13.1	+20.9	0000	051.7	000.0	0111	0062	+01.53	02	00	0899	08
55	0001	27	04	12	51	00433	11.1	+21.1	0000	044.3	000.0	0000	0000	+00.00	02	00	0900	08
55	0002	27	04	12	51	00434	11.1	+21.1	0000	044.3	000.0	0000	0004	+00.00	02	00	0900	08
55	0003	27	04	12	51	00435	11.1	+21.1	0000	044.3	000.0	0000	0009	+00.00	02	00	0900	08
55	0004	27	04	12	51	00436	10.9	+21.0	0000	044.2	000.0	0003	0014	+00.18	02	00	0900	08
55	0005	27	04	12	51	00437	10.9	+21.1	0000	044.1	000.0	0004	0019	+00.20	02	00	0900	08
55	0006	27	04	12	51	00439	10.9	+21.1	0000	044.1	000.0	0005	0024	+00.20	02	00	0900	08
55	0007	27	04	12	52	00440	10.9	+21.1	0000	044.0	000.0	0007	0028	+00.21	02	00	0900	08
55	0008	27	04	12	52	00441	10.9	+21.1	0000	044.0	000.0	0008	0033	+00.21	02	00	0900	08
55	0009	27	04	12	52	00442	10.9	+21.0	0000	044.0	000.0	0009	0038	+00.21	02	00	0900	08
55	0010	27	04	12	52	00443	10.9	+21.0	0000	043.9	000.0	0010	0043	+00.20	02	00	0900	08
55	0011	27	04	12	52	00444	10.9	+21.0	0000	043.9	000.0	0011	0048	+00.20	02	00	0900	08
55	0012	27	04	12	52	00445	10.9	+21.0	0000	043.9	000.0	0012	0052	+00.20	02	00	0900	08
55	0013	27	04	12	52	00447	10.9	+21.0	0000	043.9	000.0	0014	0057	+00.20	02	00	0899	08
55	0014	27	04	12	52	00447	10.9	+21.0	0000	043.9	000.0	0014	0062	+00.20	02	00	0900	08
56	0001	27	04	12	53	00430	11.0	+21.0	0000	044.3	000.0	0000	0000	+00.00	02	00	0899	08
56	0002	27	04	12	53	00430	10.8	+21.0	0000	043.9	000.0	0000	0004	+00.00	02	00	0900	08
56	0003	27	04	12	54	00431	10.9	+21.0	0000	043.9	000.0	0000	0009	+00.00	02	00	0900	08
56	0004	27	04	12	54	00433	10.9	+21.0	0000	043.8	000.0	0002	0014	+00.14	02	00	0900	08
56	0005	27	04	12	54	00434	10.9	+21.0	0000	043.8	000.0	0003	0019	+00.16	02	00	0900	08
56	0006	27	04	12	54	00436	10.8	+21.0	0000	043.8	000.0	0005	0024	+00.19	02	00	0899	08
56	0007	27	04	12	54	00436	10.9	+21.0	0000	043.8	000.0	0006	0028	+00.19	02	00	0900	08
56	0008	27	04	12	54	00438	10.8	+21.0	0000	043.8	000.0	0008	0033	+00.21	02	00	0899	08
56	0009	27	04	12	54	00439	10.9	+21.0	0000	043.8	000.0	0009	0038	+00.21	02	00	0900	08
56	0010	27	04	12	54	00441	11.0	+21.0	0000	043.9	000.0	0010	0043	+00.21	02	00	0899	08
56	0011	27	04	12	54	00442	11.0	+21.0	0000	043.9	000.0	0012	0048	+00.21	02	00	0900	08
56	0012	27	04	12	54	00442	11.0	+21.0	0000	044.0	000.0	0013	0052	+00.21	02	00	0900	08
56	0013	27	04	12	54	00444	11.1	+21.0	0000	044.0	000.0	0014	0057	+00.21	02	00	0900	08
56	0014	27	04	12	54	00000	00.0	+00.0	0000	0000	0000	0000	0000	0000	00	00	0000	00
57	0001	27	04	12	55	00428	11.1	+21.0	0000	044.8	000.0	0000	0000	+00.00	02	00	0899	08
57	0002	27	04	12	55	00429	11.1	+20.9	0000	044.8	000.0	0000	0004	+00.00	02	00	0900	08
57	0003	27	04	12	55	00430	11.0	+21.0	0000	044.7	000.0	0000	0009	+00.00	02	00	0900	08
57	0004	27	04	12	56	00432	11.1	+20.9	0000	044.6	000.0	0003	0014	+00.20	02	00	0900	08
57	0005	27	04	12	56	00433	11.1	+21.0	0000	044.6	000.0	0004	0019	+00.22	02	00	0900	08
57	0006	27	04	12	56	00434	11.1	+21.0	0000	044.6	000.0	0006	0024	+00.22	02	00	0900	08
57	0007	27	04	12	56	00435	11.1	+21.0	0000	044.7	000.0	0007	0028	+00.22	02	00	0900	08
57	0008	27	04	12	56	00437	11.1	+21.0	0000	044.7	000.0	0009	0033	+00.23	02	00	0899	08
57	0009	27	04	12	56	00438	11.1	+20.9	0000	044.7	000.0	0010	0038	+00.23	02	00	0900	08
57	0010	27	04	12	56	00440	11.1	+21.0	0000	044.7	000.0	0011	0043	+00.23	02	00	0900	08
57	0011	27	04	12	56	00441	11.1	+20.9	0000	044.7	000.0	0013	0048	+00.24	02	00	0900	08
57	0012	27	04	12	56	00443	11.1	+21.0	0000	044.7	000.0	0015	0052	+00.24	02	00	0900	08
57	0013	27	04	12	56	00445	11.2	+20.9	0000	044.8	000.0	0016	0057	+00.24	02	00	0900	08
57	0014	27	04	12	56	00446	11.2	+21.0	0000	044.8	000.0	0018	0062	+00.25	02	00	0900	08
58	0001	27	04	12	58	00422	11.3	+20.9	0000	045.9	000.0	0000	0000	+00.00	02	00	0900	08
58	0002	27	04	12	58	00423	11.3	+20.9	0000	045.7	000.0	0000	0004	+00.00	02	00	0899	08
58	0003	27	04	12	58	00422	11.1	+20.8	0000	045.6	000.0	0000	0009	+00.00	02	00	0900	08
58	0004	27	04	12	58	00423	11.0	+20.8	0000	045.4	000.0	0001	0014	+00.06	02	00	0900	08
58	0005	27	04	12	58	00423	11.0	+20.8	0000	045.3	000.0	0001	0019	+00.05	02	00	0900	08
58	0006	27	04	12	58	00424	11.0	+20.8	0000	045.2	000.0	0001	0024	+00.05	02	00	0900	08
58	0007	27	04	12	58	00424	11.0	+20.8	0000	045.1	000.0	0002	0028	+00.06	02	00	0900	08
58	0008	27	04	12	58	00424	11.0	+20.8	0000	045.1	000.0	0002	0033	+00.05	02	00	0900	08
58	0009	27	04	12	58	00425	10.9	+20.8	0000	045.0	000.0	0002	0038	+00.06	02	00	0900	08
58	0010	27	04	12	58	00425	10.9	+20.8	0000	044.9	000.0	0002	0043	+00.05	02	00	0900	08
58	0011	27	04	12	58	00425	10.8	+20.8	0000	044.8	000.0	0003	0048	+00.05	02	00	0901	08
58	0012	27	04	12	58	00426	10.7	+20.8	0000	044.7	000.0	0003	0052	+00.05	02	00	0900	08
58	0013	27	04	12	59	00426	10.7	+20.8	0000	044.7	000.0	0003	0057	+00.05	02	00	0900	08
58	0014	27	04	12	59	00426	10.7	+20.8	0000	044.6	000.0	0004	0062	+00.05	02	00	0900	08
59	0001	27	04	13	00	00421	11.0	+20.8	0000	044.8	000.0	0000	0000	+00.00	02	00	0900	08
59	0002	27	04	13	00	00422	11.0	+20.8	0000	044.8	000.0	0000	0004	+00.00	02	00	0900	08
59	0003	27	04	13	00	00422	10.8	+20.8	0000	044.7	000.0	0000	0009	+00.00	02	00	0900	08
59	0004	27	04	13	00	00423	10.8	+20.8	0000	044.5	000.0	0002	0014	+00.12	02	00	0900	08
59	0005	27	04	13	00	00424	10.8	+20.7	0000	044.5	000.0	0002	0019	+00.12	02	00	0900	08
59	0006	27	04	13	00	00424	10.8	+20.7	0000	044.4	000.0	0003	0024	+00.12	02	00	0900	08
59	0007	27	04	13	00	00425	10.8	+20.7	0000	044.4	000.0	0004	0028	+00.12	02	00	0900	08
59	0008	27	04	13	00	00426	10.8	+20.8	0000	044.4	000.0	0004	0033	+00.12	02	00	0900	08
59	0009	27	04	13	00	00426	10.9	+20.7	0000	044.4	000.0	0005	0038	+00.12	02	00	0900	08
59	0010	27	04	13	01	00427	11.0	+20.8	0000	044.5	000.0	0006	0043	+00.12	02	00	0900	08
59	0011	27	04	13	01	00428	10.9	+20.7	0000	044.5	000.0	0006	0048	+00.12	02	00	0900	08
59	0012	27	04	13	01	00429	11.0	+20.8	0000	044.5	000.0	0007	0052	+00.12	02	00	0900	08
59	0013	27	04	13	01	00428	11.0	+20.8	0000	044.6	000.0	0007	0057	+00.11	02	00	0901	08
59	0014	27	04	13	01	00429	11.1	+20.7	0000	044.6	000.0	0008	0062	+00.11	02	00	0901	08
60	0001	27	04	13	02	00437	11.6	+20.7	0000	047.4	000.0	0000	0000	+00.00	02	00	0900	08
60	0002	27	04	13	02	00438	11.6	+20.7	0000	047.4	000.0	0000	0004	+00.00	02	00	0900	08
60	0003	27	04	13	02	00438	11.7	+20.7	0000	047.6	000.0	0000	0009	+00.00	02	00	0900	08
60	0004	27	04	13	02	00439	11.7	+20.7	0000	047.7	000.0	0001	0014	+00.10	02	00	0900	08
60	0005	27	04	13	02	00439	11.8	+20.7	0000	047.8	000.0	0002	0019	+00.11	02	00	0900	08
60	0006	27	04	13	03	00440	11.8	+20.7	0000	047.9	000.0	0003	0024	+00.11	02	00	0900	08
60	0007	27	04	13	03	00441	11.9	+20.7	0000	048.1	000.0	0003	0028	+00.11	02	00	0900	08
60	0008	27	04	13	03	00442	12.0	+20.8	0000	048.2	000.0	0004	0033	+00.12	02	00	0899	08
60	0009	27	04	13	03	00441	12.0	+20.8	0000	048.3	000.0	0004	0038	+00.11	02	00	0900	08
60	0010	27	04	13	03	00442	11.9	+20.7	0000	048.4	000.0	0005	0043	+00.10	02	00	0900	08
60	0011	27	04	13	03	00443	11.9	+20.7	0000	048.4	000.0	0005	0048	+00.10	02	00	0900	08
60	0012	27	04	13	03	00443	12.1	+20.7	0000	048.5	000.0	0006	0052	+00.10	02	00	0900	08
60	0013	27	04	13	03	00444	12.0	+20.7	0000	048.6	000.0	0006	0057	+00.10	02	00	0900	08
61	0001	27	04	15	07	00425	10.5	+15.6	0000	059.0	000.0	0000	0000	+00.00	00	00	0900	08
61	0002	27	04	15	07	00425	10.5	+15.6	0000	058.9	000.0	0000	0004	+00.00	00	00	0900	08
61	0003	27	04	15	07	00426	10.5	+15.6	0000	058.9	000.0	0000	0009	+00.00	00	00	0900	08
61	0004	27	04	15	07	00426	10.5	+15.6	0000	059.0	000.0	0000	0014	+00.05	02	00	0900	08
61	0005	27	04	15	07	00426	10.6	+15.7	0000	059.0	000.0	0000	0019	+00.04	02	00	0900	08
61	0006	27	04	15	07	00427	10.5	+15.6	0000	059.1	000.0	0001	0024	+00.04	02	00	0900	08
61	0007	27	04	15	08	00427	10.6	+15.7	0000	059.2	000.0	0001	0028	+00.04	02	00	0900	08
61	0008	27	04	15	08	00427	10.6	+15.7	0000	059.2	000.0	0001	0033	+00.04	02	00	0900	08
61	0009	27	04	15	08	00428	10.6	+15.7	0000	059.3	000.0	0002	0038	+00.05	02	00	0900	08
61	0010	27	04	15	08	00428	10.6	+15.7	0000	059.3	000.0	0002	0043	+00.05	02	00	0900	08
61	0011	27	04	15	08	00428	10.6	+15.7	0000	059.3	000.0	0002	0048	+00.05	02	00	0900	08
61	0012	27	04	15	08	00429	10.7	+15.7	0000	059.4	000.0	0003	0052	+00.05	02	00	0900	08
61	0013	27	04	15	08	00429	10.7	+15.8	0000	059.4	000.0	0003	0057	+00.06	02	00	0900	08
61	0014	27	04	15	08	00430	10.6	+15.8	0000	059.4	000.0	0004	0062	+00.06	02	00	0900	08
62	0001	27	04	15	10	00433	10.6	+16.0	0000	058.6	000.0	0000	0000	+00.00	02	00	0900	08
62	0002	27	04	15	10	00434	10.6	+16.0	0000	058.6	000.0	0000	0004	+00.00	02	00	0900	08
62	0003	27	04	15	10	00436	10.6	+16.0	0000	058.6	000.0	0000	0009	+00.00	02	00	0900	08
62	0004	27	04	15	10	00438	10.6	+15.9	0000	058.6	000.0	0005	0014	+00.31	02	00	0900	08
62	0005	27	04	15	10	00439	10.6	+16.0	0000	058.6	000.0	0006	0019	+00.31	02	00	0900	08
62	0006	27	04	15	11	00441	10.6	+16.0	0000	058.6	000.0	0008	0024	+00.30	02	00	0900	08
62	0007	27	04	15	11	00443	10.6	+16.0	0000	058.6	000.0	0010	0028	+00.30	02	00	0900	08
62	0008	27	04	15	11	00444	10.7	+16.0	0000	058.7	000.0	0011	0033	+00.30	02	00	0900	08
62	0009	27	04	15	11	00446	10.7	+16.0	0000	058.7	000.0	0013	0038	+00.30	02	00	0900	08
62	0010	27	04	15	11	00448	10.7	+16.0	0000	058.8	000.0	0015	0043	+00.30	02	00	0900	08
62	0011	27	04	15	11	00449	10.7	+16.0	0000	058.8	000.0	0016	0048	+00.30	02	00	0900	08
62	0012	27	04	15	11	00452	10.7	+16.0	0000	058.8	000.0	0018	0052	+00.30	02	00	0900	08
62	0013	27	04	15	11	00453	10.8	+16.0	0000	058.9	000.0	0020	0057	+00.30	02	00	0900	08
62	0014	27	04	15	11	00455	10.8	+16.0	0000	058.9	000.0	0022	0062	+00.30	02	00	0900	08
63	0001	27	04	15	12	00427	10.8	+16.1	0000	059.1	000.0	0000	0000	+00.00	02	00	0900	08
63	0002	27	04	15	13	00427	10.8	+16.1	0000	059.0	000.0	0000	0004	+00.00	02	00	0900	08
63	0003	27	04	15	13	00428	10.8	+16.1	0000	059.0	000.0	0000	0009	+00.00	02	00	0900	08
63	0004	27	04	15	13	00428	10.7	+16.1	0000	058.9	000.0	0001	0014	+00.10	02	00	0900	08
63	0005	27	04	15	13	00429	10.7	+16.1	0000	058.9	000.0	0002	0019	+00.10	02	00	0900	08
63	0006	27	04	15	13	00430	10.7	+16.1	0000	058.8	000.0	0003	0024	+00.11	02	00	0900	08
63	0007	27	04	15	13	00430	10.7	+16.1	0000	058.8	000.0	0003	0028	+00.11	02	00	0900	08
63	0008	27	04	15	13	00431	10.7	+16.1	0000	058.8	000.0	0004	0033	+00.11	02	00	0900	08
63	0009	27	04	15	13	00432	10.7	+16.1	0000	058.7	000.0	0005	0038	+00.11	02	00	0900	08
63	0010	27	04	15	13	00432	10.7	+16.1	0000	058.7	000.0	0005	0043	+00.11	02	00	0900	08
63	0011	27	04	15	13	00433	10.6	+16.1	0000	058.7	000.0	0006	0048	+00.11	02	00	0900	08
63	0012	27	04	15	13	00434	10.6	+16.1	0000	058.6	000.0	0007	0052	+00.11	02	00	0900	08
63	0013	27	04	15	13	00435	10.6	+16.1	0000	058.6	000.0	0008	0057	+00.12	02	00	0900	08
63	0014	27	04	15	13	00435	10.6	+16.1	0000	058.6	000.0	0008	0062	+00.12	02	00	0900	08
64	0001	27	04	15	15	00428	10.7	+16.3	0000	057.7	000.0	0000	0000	+00.00	02	00	0900	08
64	0002	27	04	15	15	00428	10.7	+16.3	0000	057.7	000.0	0000	0004	+00.00	02	00	0900	08
64	0003	27	04	15	15	00428	10.7	+16.3	0000	057.7	000.0	0000	0009	+00.00	02	00	0900	08
64	0004	27	04	15	15	00428	10.7	+16.3	0000	057.7	000.0	0000	0014	+00.01	02	00	0900	08
64	0005	27	04	15	15	00428	10.7	+16.3	0000	057.7	000.0	0000	0019	+00.00	02	00	0900	08
64	0006	27	04	15	15	00428	10.7	+16.3	0000	057.7	000.0	0000	0024	+00.00	02	00	0900	08
64	0007	27	04	15	16	00428	10.8	+16.3	0000	057.7	000.0	0000	0028	+00.01	02	00	0900	08
64	0008	27	04	15	16	00428	10.8	+16.4	0000	057.8	000.0	0000	0033	+00.01	02	00	0900	08
64	0009	27	04	15	16	00428	10.8	+16.4	0000	057.8	000.0	0000	0038	+00.01	02	00	0900	08
64	0010	27	04	15	16	00428	10.8	+16.4	0000	057.8	000.0	0000	0043	+00.00	02	00	0900	08
64	0011	27	04	15	16	00429	10.8	+16.4	0000	057.9	000.0	0000	0048	+00.00	02	00	0900	08
64	0012	27	04	15	16	00429	10.8	+16.4	0000	057.9	000.0	0000	0052	+00.01	02	00	0900	08
64	0013	27	04	15	16	00429	10.8	+16.4	0000	057.9	000.0	0000	0057	+00.01	02	00	0900	08
64	0014	27	04	15	16	00429	10.8	+16.4	0000	057.9	000.0	0001	0062	+00.01	02	00	0900	08
65	0014	27	04	15	21	00428	10.9	+16.7	0000	057.3	000.0	0000	0000	+00.00	02	00	0900	08
65	0015	27	04	15	21	00430	10.9	+16.7	0000	057.3	000.0	0000	0004	+00.00	02	00	0900	08
65	0016	27	04	15	22	00432	10.9	+16.7	0000	057.5	000.0	0000	0009	+00.00	02	00	0900	08
65	0017	27	04	15	22	00435	10.9	+16.7	0000	057.6	000.0	0007	0014	+00.42	02	00	0900	08
65	0018	27	04	15	22	00437	10.9	+16.7	0000	057.6	000.0	0009	0019	+00.42	02	00	0900	08
65	0019	27	04	15	22	00439	10.9	+16.7	0000	057.6	000.0	0011	0024	+00.41	02	00	0900	08
65	0020	27	04	15	22	00441	10.9	+16.7	0000	057.6	000.0	0013	0028	+00.40	02	00	0900	08
65	0021	27	04	15	22	00444	10.9	+16.7	0000	057.7	000.0	0015	0033	+00.40	02	00	0900	08
65	0022	27	04	15	22	00446	11.0	+16.7	0000	057.7	000.0	0018	0038	+00.41	02	00	0900	08
65	0023	27	04	15	22	00448	11.0	+16.7	0000	057.7	000.0	0020	0043	+00.40	02	00	0900	08
65	0024	27	04	15	22	00450	10.9	+16.7	0000	057.7	000.0	0022	0048	+00.40	02	00	0900	08
65	0025	27	04	15	22	00453	10.9	+16.8	0000	057.7	000.0	0024	0052	+00.40	02	00	0900	08
65	0026	27	04	15	22	00455	10.9	+16.8	0000	057.6	000.0	0026	0057	+00.40	02	00	0900	08
65	0027	27	04	15	22	00457	10.9	+16.8	0000	057.6	000.0	0029	0062	+00.39	02	00	0900	08
66	0001	27	04	15	24	00437	10.8	+16.8	0000	056.8	000.0	0000	0000	+00.00	02	00	0900	08
66	0002	27	04	15	24	00438	10.7	+16.8	0000	056.6	000.0	0000	0004	+00.00	02	00	0900	08
66	0003	27	04	15	24	00439	10.8	+16.8	0000	056.6	000.0	0000	0009	+00.00	02	00	0900	08
66	0004	27	04	15	24	00439	10.8	+16.8	0000	056.6	000.0	0002	0014	+00.12	02	00	0900	08
66	0005	27	04	15	24	00440	10.8	+16.8	0000	056.7	000.0	0002	0019	+00.12	02	00	0900	08
66	0006	27	04	15	24	00441	10.8	+16.8	0000	056.7	000.0	0003	0024	+00.11	02	00	0900	08
66	0007	27	04	15	24	00442	10.8	+16.8	0000	056.7	000.0	0003	0028	+00.11	02	00	0900	08
66	0008	27	04	15	24	00442	10.8	+16.8	0000	056.7	000.0	0004	0033	+00.11	02	00	0900	08
66	0009	27	04	15	24	00443	10.8	+16.8	0000	056.7	000.0	0005	0038	+00.11	02	00	0900	08
66	0010	27	04	15	24	00443	10.9	+16.8	0000	056.8	000.0	0005	0043	+00.11	02	00	0900	08
66	0011	27	04	15	25	00444	10.9	+16.8	0000	056.8	000.0	0006	0048	+00.10	02	00	0900	08
66	0012	27	04	15	25	00444	10.9	+16.8	0000	056.9	000.0	0006	0052	+00.10	02	00	0900	08
66	0013	27	04	15	25	00444	10.9	+16.8	0000	056.9	000.0	0006	0057	+00.10	02	00	0900	08
66	0014	27	04	15	25	00445	10.9	+16.8	0000	056.9	000.0	0007	0062	+00.09	02	00	0900	08
67	0001	27	04	15	27	00470	10.4	+16.8	0000	054.4	000.0	0000	0000	+00.00	02	00	0899	08
67	0002	27	04	15	27	00470	10.4	+16.8	0000	054.4	000.0	0000	0004	+00.00	02	00	0900	08
67	0003	27	04	15	27	00473	10.3	+16.7	0000	054.4	000.0	0000	0009	+00.00	02	00	0900	08
67	0004	27	04	15	27	00473	10.4	+16.8	0000	054.4	000.0	0003	0014	+00.22	02	00	0900	08
67	0005	27	04	15	27	00472	10.4	+16.8	0000	054.4	000.0	0003	0019	+00.14	02	00	0900	08
67	0006	27	04	15	27	00473	10.4	+16.8	0000	054.4	000.0	0002	0024	+00.10	02	00	0900	08
67	0007	27	04	15	27	00473	10.4	+16.8	0000	054.4	000.0	0003	0028	+00.09	02	00	0900	08
67	0008	27	04	15	27	00474	10.4	+16.8	0000	054.4	000.0	0003	0033	+00.09	02	00	0900	08
67	0009	27	04	15	27	00475	10.4	+16.8	0000	054.4	000.0	0004	0038	+00.09	02	00	0900	08
67	0010	27	04	15	27	00475	10.4	+16.8	0000	054.4	000.0	0004	0043	+00.09	02	00	0900	08
67	0011	27	04	15	28	00476	10.4	+16.8	0000	054.4	000.0	0005	0048	+00.09	02	00	0900	08
67	0012	27	04	15	28	00477	10.4	+16.8	0000	054.4	000.0	0006	0052	+00.10	02	00	0900	08
67	0013	27	04	15	28	00477	10.4	+16.8	0000	054.4	000.0	0006	0057	+00.09	02	00	0900	08
67	0014	27	04	15	28	00477	10.4	+16.8	0000	054.4	000.0	0007	0062	+00.09	02	00	0900	08
68	0001	27	04	15	29	00461	10.8	+16.6	0000	057.3	000.0	0000	0000	+00.00	02	00	0899	08
68	0002	27	04	15	29	00461	10.9	+16.6	0000	057.5	000.0	0000	0004	+00.00	02	00	0899	08
68	0003	27	04	15	30	00461	10.9	+16.6	0000	057.6	000.0	0000	0009	+00.00	02	00	0900	08
68	0004	27	04	15	30	00463	11.0	+16.6	0000	057.7	000.0	0001	0014	+00.11	02	00	0899	08
68	0005	27	04	15	30	00463	11.0	+16.6	0000	057.8	000.0	0002	0019	+00.10	02	00	0900	08
68	0006	27	04	15	30	00463	11.1	+16.6	0000	057.9	000.0	0002	0024	+00.09	02	00	0900	08
68	0007	27	04	15	30	00464	11.1	+16.6	0000	058.0	000.0	0003	0028	+00.09	02	00	0900	08
68	0008	27	04	15	30	00465	11.1	+16.6	0000	058.1	000.0	0004	0033	+00.11	02	00	0899	08
68	0009	27	04	15	30	00466	11.2	+16.6	0000	058.2	000.0	0005	0038	+00.12	02	00	0899	08
68	0010	27	04	15	30	00467	11.2	+16.6	0000	058.3	000.0	0006	0043	+00.12	02	00	0899	08
68	0011	27	04	15	30	00466	11.2	+16.6	0000	058.4	000.0	0006	0048	+00.12	02	00	0900	08
68	0012	27	04	15	30	00467	11.2	+16.6	0000	058.5	000.0	0007	0052	+00.12	02	00	0900	08
68	0013	27	04	15	30	00468	11.3	+16.6	0000	058.6	000.0	0007	0057	+00.12	02	00	0900	08
68	0014	27	04	15	30	00469	11.3	+16.6	0000	058.6	000.0	0008	0062	+00.12	02	00	0900	08
69	0001	27	04	15	32	00424	11.8	+16.7	0000	062.0	000.0	0000	0000	+00.00	02	00	0900	08
69	0002	27	04	15	32	00424	11.8	+16.7	0000	062.0	000.0	0000	0004	+00.00	02	00	0900	08
69	0003	27	04	15	32	00425	11.8	+16.7	0000	062.0	000.0	0000	0009	+00.00	02	00	0899	08
69	0004	27	04	15	32	00426	11.8	+16.7	0000	062.0	000.0	0002	0014	+00.13	02	00	0899	08
69	0005	27	04	15	32	00425	11.8	+16.8	0000	062.0	000.0	0001	0019	+00.08	02	00	0900	08
69	0006	27	04	15	32	00426	11.7	+16.8	0000	062.0	000.0	0002	0024	+00.07	02	00	0900	08
69	0007	27	04	15	33	00427	11.7	+16.8	0000	061.9	000.0	0002	0028	+00.08	02	00	0899	08
69	0008	27	04	15	33	00427	11.7	+16.8	0000	061.9	000.0	0003	0033	+00.07	02	00	0900	08
69	0009	27	04	15	33	00428	11.6	+16.8	0000	061.8	000.0	0003	0038	+00.08	02	00	0899	08
69	0010	27	04	15	33	00428	11.6	+16.8	0000	061.7	000.0	0004	0043	+00.08	02	00	0899	08
69	0011	27	04	15	33	00429	11.6	+16.8	0000	061.7	000.0	0004	0048	+00.08	02	00	0899	08
69	0012	27	04	15	33	00428	11.6	+16.8	0000	061.6	000.0	0004	0052	+00.07	02	00	0900	08
69	0013	27	04	15	33	00429	11.6	+16.8	0000	061.5	000.0	0005	0057	+00.07	02	00	0900	08
69	0014	27	04	15	33	00430	11.5	+16.8	0000	061.4	000.0	0005	0062	+00.07	02	00	0900	08
70	0001	27	04	15	34	00425	11.2	+16.8	0000	058.2	000.0	0000	0000	+00.00	02	00	0900	08
70	0002	27	04	15	34	00425	11.2	+16.8	0000	058.2	000.0	0000	0004	+00.00	02	00	0900	08
70	0003	27	04	15	34	00426	11.1	+16.8	0000	058.1	000.0	0000	0009	+00.00	02	00	0900	08
70	0004	27	04	15	34	00428	11.2	+16.9	0000	058.2	000.0	0003	0014	+00.19	02	00	0899	08
70	0005	27	04	15	34	00428	11.2	+16.9	0000	058.1	000.0	0003	0019	+00.17	02	00	0900	08
70	0006	27	04	15	34	00429	11.2	+16.9	0000	058.2	000.0	0004	0024	+00.17	02	00	0899	08
70	0007	27	04	15	35	00430	11.2	+16.9	0000	058.2	000.0	0005	0028	+00.16	02	00	0900	08
70	0008	27	04	15	35	00431	11.3	+16.9	0000	058.2	000.0	0006	0033	+00.16	02	00	0899	08
70	0009	27	04	15	35	00432	11.3	+16.9	0000	058.3	000.0	0007	0038	+00.16	02	00	0899	08
70	0010	27	04	15	35	00433	11.3	+16.9	0000	058.3	000.0	0008	0043	+00.16	02	00	0899	08
70	0011	27	04	15	35	00434	11.4	+16.9	0000	058.4	000.0	0009	0048	+00.16	02	00	0899	08
70	0012	27	04	15	35	00434	11.4	+16.9	0000	058.5	000.0	0009	0052	+00.15	02	00	0900	08
70	0013	27	04	15	35	00435	11.4	+16.9	0000	058.5	000.0	0010	0057	+00.15	02	00	0899	08
70	0014	27	04	15	35	00436	11.4	+16.9	0000	058.6	000.0	0011	0062	+00.15	02	00	0899	08
71	0001	27	04	15	36	00426	11.6	+16.9	0000	060.2	000.0	0000	0000	+00.00	02	00	0899	08
71	0002	27	04	15	36	00429	11.5	+16.9	0000	060.0	000.0	0000	0004	+00.00	02	00	0899	08
71	0003	27	04	15	36	00432	11.5	+17.0	0000	059.9	000.0	0000	0009	+00.00	02	00	0899	08
71	0004	27	04	15	36	00435	11.6	+17.0	0000	059.9	000.0	0008	0014	+00.51	02	00	0900	08
71	0005	27	04	15	36	00437	11.6	+17.0	0000	060.0	000.0	0010	0019	+00.48	02	00	0899	08
71	0006	27	04	15	36	00439	11.6	+17.0	0000	060.0	000.0	0013	0024	+00.47	02	00	0899	08
71	0007	27	04	15	37	00442	11.6	+17.0	0000	060.0	000.0	0015	0028	+00.46	02	00	0899	08
71	0008	27	04	15	37	00445	11.6	+17.0	0000	060.1	000.0	0018	0033	+00.46	02	00	0899	08
71	0009	27	04	15	37	00446	11.6	+17.0	0000	060.1	000.0	0020	0038	+00.45	02	00	0900	08
71	0010	27	04	15	37	00449	11.6	+17.0	0000	060.1	000.0	0022	0043	+00.45	02	00	0899	08
71	0011	27	04	15	37	00452	11.6	+17.0	0000	060.1	000.0	0025	0048	+00.45	02	00	0899	08
71	0012	27	04	15	37	00454	11.6	+17.0	0000	060.1	000.0	0027	0052	+00.45	02	00	0899	08
71	0013	27	04	15	37	00456	11.7	+17.0	0000	060.1	000.0	0030	0057	+00.44	02	00	0899	08
71	0014	27	04	15	37	00459	11.7	+17.0	0000	060.1	000.0	0032	0062	+00.44	02	00	0899	08
72	0001	27	04	15	39	00424	11.5	+17.1	0000	059.2	000.0	0000	0000	+00.00	02	00	0900	08
72	0002	27	04	15	39	00426	11.5	+17.0	0000	059.2	000.0	0000	0004	+00.00	02	00	0899	08
72	0003	27	04	15	39	00427	11.5	+17.0	0000	059.2	000.0	0000	0009	+00.00	02	00	0899	08
72	0004	27	04	15	39	00428	11.5	+17.0	0000	059.2	000.0	0003	0014	+00.22	02	00	0899	08
72	0005	27	04	15	39	00430	11.5	+17.0	0000	059.2	000.0	0004	0019	+00.22	02	00	0899	08
72	0006	27	04	15	39	00430	11.5	+17.0	0000	059.2	000.0	0005	0024	+00.21	02	00	0899	08
72	0007	27	04	15	39	00432	11.5	+17.1	0000	059.2	000.0	0007	0028	+00.20	02	00	0899	08
72	0008	27	04	15	39	00433	11.5	+17.0	0000	059.2	000.0	0008	0033	+00.20	02	00	0899	08
72	0009	27	04	15	39	00434	11.4	+17.1	0000	059.2	000.0	0009	0038	+00.20	02	00	0899	08
72	0010	27	04	15	39	00435	11.4	+17.1	0000	059.1	000.0	0010	0043	+00.19	02	00	0899	08
72	0011	27	04	15	39	00436	11.3	+17.0	0000	059.1	000.0	0011	0048	+00.19	02	00	0899	08
72	0012	27	04	15	40	00437	11.3	+17.0	0000	059.0	000.0	0012	0052	+00.19	02	00	0899	08
72	0013	27	04	15	40	00438	11.3	+17.1	0000	059.0	000.0	0013	0057	+00.19	02	00	0899	08
72	0014	27	04	15	40	00440	11.3	+17.1	0000	058.9	000.0	0014	0062	+00.20	02	00	0899	08
73	0001	27	04	15	42	00426	11.2	+16.9	0000	058.3	000.0	0000	0000	+00.00	02	00	0899	08
73	0002	27	04	15	42	00426	11.2	+16.9	0000	058.3	000.0	0000	0004	+00.00	02	00	0899	08
73	0003	27	04	15	42	00427	11.2	+16.9	0000	058.3	000.0	0000	0009	+00.00	02	00	0899	08
73	0004	27	04	15	42	00428	11.3	+16.9	0000	058.4	000.0	0002	0014	+00.15	02	00	0899	08
73	0005	27	04	15	43	00429	11.4	+16.9	0000	058.6	000.0	0003	0019	+00.14	02	00	0899	08
73	0006	27	04	15	43	00430	11.4	+16.9	0000	058.7	000.0	0004	0024	+00.15	02	00	0899	08
73	0007	27	04	15	43	00431	11.4	+16.9	0000	058.8	000.0	0005	0028	+00.16	02	00	0899	08
73	0008	27	04	15	43	00432	11.4	+16.9	0000	058.8	000.0	0006	0033	+00.16	02	00	0899	08
73	0009	27	04	15	43	00433	11.4	+16.9	0000	058.9	000.0	0007	0038	+00.16	02	00	0899	08
73	0010	27	04	15	43	00434	11.4	+16.9	0000	058.9	000.0	0008	0043	+00.16	02	00	0899	08
73	0011	27	04	15	43	00435	11.4	+16.9	0000	059.0	000.0	0009	0048	+00.16	02	00	0899	08
73	0012	27	04	15	43	00436	11.5	+16.9	0000	059.0	000.0	0010	0052	+00.16	02	00	0899	08
73	0013	27	04	15	43	00436	11.4	+16.9	0000	059.0	000.0	0010	0057	+00.16	02	00	0899	08
73	0014	27	04	15	43	00437	11.5	+16.9	0000	059.1	000.0	0011	0062	+00.16	02	00	0899	08
74	0001	27	04	15	44	00421	11.5	+16.9	0000	059.7	000.0	0000	0000	+00.00	02	00	0899	08
74	0002	27	04	15	44	00422	11.5	+16.9	0000	059.7	000.0	0000	0004	+00.00	02	00	0899	08
74	0003	27	04	15	44	00423	11.6	+16.9	0000	059.8	000.0	0000	0009	+00.00	02	00	0899	08
74	0004	27	04	15	44	00422	11.6	+16.9	0000	059.8	000.0	0000	0014	+00.05	02	00	0900	08
74	0005	27	04	15	45	00423	11.6	+16.9	0000	059.9	000.0	0001	0019	+00.05	02	00	0899	08
74	0006	27	04	15	45	00422	11.6	+16.9	0000	059.9	000.0	0000	0024	+00.03	02	00	0899	08
74	0007	27	04	15	45	00422	11.7	+16.9	0000	060.0	000.0	0000	0028	+00.02	02	00	0899	08
74	0008	27	04	15	45	00423	11.7	+16.9	0000	060.1	000.0	0000	0033	+00.02	02	00	0899	08
74	0009	27	04	15	45	00423	11.8	+16.9	0000	060.2	000.0	0001	0038	+00.02	02	00	0899	08
74	0010	27	04	15	45	00423	11.8	+17.0	0000	060.3	000.0	0001	0043	+00.03	02	00	0899	08
74	0011	27	04	15	45	00424	11.8	+16.9	0000	060.4	000.0	0001	0048	+00.03	02	00	0899	08
74	0012	27	04	15	45	00424	11.8	+16.9	0000	060.4	000.0	0002	0052	+00.03	02	00	0899	08
74	0013	27	04	15	45	00424	11.8	+16.9	0000	060.5	000.0	0002	0057	+00.03	02	00	0899	08
74	0014	27	04	15	45	00424	11.8	+16.9	0000	060.6	000.0	0002	0062	+00.03	02	00	0899	08
75	0001	27	04	15	46	00423	11.7	+17.0	0000	060.6	000.0	0000	0000	+00.00	02	00	0899	08
75	0002	27	04	15	46	00424	11.7	+17.0	0000	060.8	000.0	0000	0004	+00.00	02	00	0899	08
75	0003	27	04	15	46	00425	11.7	+17.0	0000	060.7	000.0	0000	0009	+00.00	02	00	0899	08
75	0004	27	04	15	46	00426	11.7	+17.0	0000	060.6	000.0	0003	0014	+00.18	02	00	0899	08
75	0005	27	04	15	47	00427	11.6	+17.0	0000	060.5	000.0	0004	0019	+00.18	02	00	0899	08
75	0006	27	04	15	47	00428	11.6	+17.0	0000	060.5	000.0	0004	0024	+00.17	02	00	0899	08
75	0007	27	04	15	47	00429	11.6	+17.0	0000	060.4	000.0	0005	0028	+00.16	02	00	0899	08
75	0008	27	04	15	47	00430	11.6	+17.0	0000	060.4	000.0	0006	0033	+00.16	02	00	0899	08
75	0009	27	04	15	47	00431	11.6	+17.0	0000	060.4	000.0	0007	0038	+00.16	02	00	0899	08
75	0010	27	04	15	47	00431	11.6	+17.0	0000	060.3	000.0	0008	0043	+00.16	02	00	0899	08
75	0011	27	04	15	47	00432	11.6	+17.0	0000	060.3	000.0	0009	0048	+00.16	02	00	0899	08
75	0012	27	04	15	47	00433	11.6	+17.0	0000	060.3	000.0	0009	0052	+00.15	02	00	0899	08
75	0013	27	04	15	47	00434	11.6	+17.0	0000	060.3	000.0	0010	0057	+00.16	02	00	0899	08
75	0014	27	04	15	47	00435	11.6	+17.0	0000	060.3	000.0	0011	0062	+00.16	02	00	0899	08
76	0001	27	04	15	49	00423	11.2	+17.0	0000	057.8	000.0	0000	0000	+00.00	02	00	0899	08
76	0002	27	04	15	49	00423	11.1	+17.1	0000	057.4	000.0	0000	0004	+00.00	02	00	0899	08
76	0003	27	04	15	49	00423	11.1	+17.1	0000	057.4	000.0	0000	0009	+00.00	02	00	0899	08
76	0004	27	04	15	49	00423	11.1	+17.1	0000	057.4	000.0	0000	0014	+00.00	02	00	0900	08
76	0005	27	04	15	49	00424	11.1	+17.1	0000	057.3	000.0	0000	0019	+00.03	02	00	0899	08
76	0006	27	04	15	49	00424	11.1	+17.1	0000	057.2	000.0	0000	0024	+00.03	02	00	0899	08
76	0007	27	04	15	49	00424	11.0	+17.0	0000	057.2	000.0	0001	0028	+00.03	02	00	0899	08
76	0008	27	04	15	49	00424	11.0	+17.1	0000	057.1	000.0	0001	0033	+00.03	02	00	0899	08
76	0009	27	04	15	49	00424	11.0	+17.1	0000	057.1	000.0	0001	0038	+00.03	02	00	0899	08
76	0010	27	04	15	49	00424	11.0	+17.1	0000	057.1	000.0	0001	0043	+00.03	02	00	0899	08
76	0011	27	04	15	49	00425	11.0	+17.1	0000	057.0	000.0	0002	0048	+00.03	02	00	0899	08
76	0012	27	04	15	50	00425	11.1	+17.1	0000	057.0	000.0	0002	0052	+00.03	02	00	0899	08
76	0013	27	04	15	50	00426	11.0	+17.1	0000	057.0	000.0	0002	0057	+00.04	02	00	0899	08
76	0014	27	04	15	50	00426	11.0	+17.0	0000	057.0	000.0	0003	0062	+00.04	02	00	0899	08
77	0001	27	04	15	50	00426	11.1	+17.1	0000	057.3	000.0	0000	0000	+00.00	02	00	0899	08
77	0002	27	04	15	51	00426	11.1	+17.0	0000	057.2	000.0	0000	0004	+00.00	02	00	0899	08
77	0003	27	04	15	51	00427	11.1	+17.1	0000	057.3	000.0	0000	0009	+00.00	02	00	0899	08
77	0004	27	04	15	51	00427	11.1	+17.1	0000	057.3	000.0	0001	0014	+00.10	02	00	0899	08
77	0005	27	04	15	51	00428	11.1	+17.1	0000	057.3	000.0	0002	0019	+00.12	02	00	0899	08
77	0006	27	04	15	51	00429	11.1	+17.1	0000	057.3	000.0	0003	0024	+00.12	02	00	0899	08
77	0007	27	04	15	51	00430	11.1	+17.1	0000	057.3	000.0	0004	0028	+00.13	02	00	0899	08
77	0008	27	04	15	51	00430	11.1	+17.1	0000	057.3	000.0	0005	0033	+00.12	02	00	0899	08
77	0009	27	04	15	51	00431	11.2	+17.1	0000	057.3	000.0	0005	0038	+00.12	02	00	0899	08
77	0010	27	04	15	51	00432	11.2	+17.1	0000	057.4	000.0	0006	0043	+00.12	02	00	0899	08
77	0011	27	04	15	51	00433	11.2	+17.1	0000	057.4	000.0	0007	0048	+00.12	02	00	0899	08
77	0012	27	04	15	51	00433	11.2	+17.1	0000	057.5	000.0	0007	0052	+00.12	02	00	0899	08
77	0013	27	04	15	51	00434	11.2	+17.1	0000	057.5	000.0	0008	0057	+00.12	02	00	0899	08
77	0014	27	04	15	51	00435	11.2	+17.0	0000	057.5	000.0	0009	0062	+00.12	02	00	0899	08
78	0001	27	04	15	53	00421	11.2	+17.0	0000	057.8	000.0	0000	0000	+00.00	02	00	0899	08
78	0002	27	04	15	53	00422	11.2	+17.0	0000	057.8	000.0	0000	0004	+00.00	02	00	0899	08
78	0003	27	04	15	53	00423	11.2	+17.0	0000	057.8	000.0	0000	0009	+00.00	02	00	0899	08
78	0004	27	04	15	53	00424	11.2	+17.0	0000	057.8	000.0	0002	0014	+00.15	02	00	0899	08
78	0005	27	04	15	53	00424	11.2	+17.0	0000	057.8	000.0	0003	0019	+00.14	02	00	0899	08
78	0006	27	04	15	53	00425	11.1	+17.0	0000	057.8	000.0	0003	0024	+00.13	02	00	0899	08
78	0007	27	04	15	53	00426	11.3	+17.0	0000	057.8	000.0	0004	0028	+00.13	02	00	0899	08
78	0008	27	04	15	53	00426	11.2	+17.0	0000	057.9	000.0	0005	0033	+00.13	02	00	0899	08
78	0009	27	04	15	53	00427	11.3	+17.0	0000	057.9	000.0	0005	0038	+00.13	02	00	0899	08
78	0010	27	04	15	53	00428	11.3	+17.0	0000	057.9	000.0	0006	0043	+00.13	02	00	0899	08
78	0011	27	04	15	53	00429	11.3	+17.0	0000	058.0	000.0	0007	0048	+00.13	02	00	0899	08
78	0012	27	04	15	53	00430	11.3	+17.0	0000	058.0	000.0	0008	0052	+00.13	02	00	0899	08
78	0013	27	04	15	54	00430	11.3	+17.0	0000	058.0	000.0	0008	0057	+00.13	02	00	0899	08
78	0014	27	04	15	54	00431	11.3	+17.0	0000	058.1	000.0	0009	0062	+00.13	02	00	0899	08
79	0001	27	04	15	59	00424	11.3	+16.8	0000	059.2	000.0	0000	0000	+00.00	02	00	0899	08
79	0002	27	04	15	59	00424	11.2	+16.8	0000	058.9	000.0	0000	0004	+00.00	02	00	0900	08
79	0003	27	04	15	59	00424	11.2	+16.7	0000	058.8	000.0	0000	0009	+00.00	02	00	0900	08
79	0004	27	04	15	59	00423	11.2	+16.7	0000	058.8	000.0	0000	0014	-00.04	02	01	0900	08
79	0005	27	04	15	59	00423	11.2	+16.7	0000	058.8	000.0	0000	0019	-00.03	02	01	0900	08
79	0006	27	04	16	00	00424	11.1	+16.7	0000	058.8	000.0	0000	0024	-00.01	02	01	0900	08
79	0007	27	04	16	00	00424	11.2	+16.7	0000	058.8	000.0	0000	0028	-00.00	02	01	0900	08
79	0008	27	04	16	00	00424	11.2	+16.7	0000	058.9	000.0	0000	0033	-00.00	02	01	0900	08
79	0009	27	04	16	00	00424	11.2	+16.6	0000	058.9	000.0	0000	0038	+00.00	02	00	0899	08
79	0010	27	04	16	00	00425	11.3	+16.6	0000	059.0	000.0	0000	0043	+00.01	02	00	0899	08
79	0011	27	04	16	00	00425	11.3	+16.6	0000	059.0	000.0	0000	0048	+00.01	02	00	0899	08
79	0012	27	04	16	00	00424	11.4	+16.6	0000	059.1	000.0	0000	0052	+00.01	02	00	0900	08
79	0013	27	04	16	00	00425	11.3	+16.6	0000	059.2	000.0	0001	0057	+00.01	02	00	0899	08
79	0014	27	04	16	00	00425	11.4	+16.6	0000	059.3	000.0	0001	0062	+00.01	02	00	0899	08
79	0015	27	04	16	02	00421	11.6	+16.6	0000	061.5	000.0	0000	0000	+00.00	02	00	0899	08
79	0016	27	04	16	02	00420	11.5	+16.6	0000	061.3	000.0	0000	0004	+00.00	02	00	0900	08
79	0017	27	04	16	02	00420	11.6	+16.6	0000	061.3	000.0	0000	0009	+00.00	02	00	0900	08
79	0018	27	04	16	02	00421	11.6	+16.6	0000	061.3	000.0	0000	0014	+00.02	02	00	0899	08
79	0019	27	04	16	02	00421	11.6	+16.6	0000	061.4	000.0	0000	0019	+00.02	02	00	0899	08
79	0020	27	04	16	02	00421	11.6	+16.6	0000	061.4	000.0	0000	0024	+00.01	02	00	0900	08
79	0021	27	04	16	02	00421	11.6	+16.6	0000	061.4	000.0	0000	0028	+00.01	02	00	0900	08
79	0022	27	04	16	02	00422	11.6	+16.6	0000	061.4	000.0	0001	0033	+00.02	02	00	0899	08
79	0023	27	04	16	02	00422	11.6	+16.6	0000	061.4	000.0	0001	0038	+00.02	02	00	0899	08
79	0024	27	04	16	02	00421	11.6	+16.6	0000	061.4	000.0	0000	0043	+00.01	02	00	0900	08
79	0025	27	04	16	02	00422	11.6	+16.6	0000	061.5	000.0	0001	0048	+00.02	02	00	0899	08
79	0026	27	04	16	03	00422	11.6	+16.6	0000	061.5	000.0	0001	0052	+00.02	02	00	0900	08
79	0027	27	04	16	03	00423	11.6	+16.6	0000	061.5	000.0	0001	0057	+00.02	02	00	0899	08
79	0028	27	04	16	03	00422	11.6	+16.6	0000	061.5	000.0	0001	0062	+00.02	02	00	0899	08
80	0001	27	04	16	04	00418	11.6	+16.6	0000	061.5	000.0	0000	0000	+00.00	02	00	0899	08
80	0002	27	04	16	04	00418	11.7	+16.6	0000	061.9	000.0	0000	0004	+00.00	02	00	0900	08
80	0003	27	04	16	04	00418	11.7	+16.6	0000	061.9	000.0	0000	0009	+00.00	02	00	0899	08
80	0004	27	04	16	04	00418	11.7	+16.6	0000	061.9	000.0	0000	0014	-00.01	02	01	0900	08
80	0005	27	04	16	04	00418	11.8	+16.6	0000	062.0	000.0	0000	0019	-00.00	02	01	0900	08
80	0006	27	04	16	04	00418	11.8	+16.6	0000	062.1	000.0	0000	0024	+00.01	02	00	0899	08
80	0007	27	04	16	04	00419	11.9	+16.6	0000	062.2	000.0	0000	0028	+00.02	02	00	0899	08
80	0008	27	04	16	04	00419	11.9	+16.6	0000	062.3	000.0	0000	0033	+00.02	02	00	0899	08
80	0009	27	04	16	04	00418	11.9	+16.6	0000	062.3	000.0	0000	0038	+00.01	02	00	0900	08
80	0010	27	04	16	04	00419	11.9	+16.6	0000	062.4	000.0	0001	0043	+00.02	02	00	0899	08
80	0011	27	04	16	04	00419	11.9	+16.6	0000	062.4	000.0	0001	0048	+00.02	02	00	0899	08
80	0012	27	04	16	05	00419	11.9	+16.6	0000	062.5	000.0	0001	0052	+00.02	02	00	0899	08
80	0013	27	04	16	05	00419	11.9	+16.6	0000	062.5	000.0	0001	0057	+00.02	02	00	0900	08
80	0014	27	04	16	05	00419	11.9	+16.6	0000	062.5	000.0	0001	0062	+00.02	02	00	0899	08
81	0001	27	04	16	06	00420	12.0	+16.7	0000	063.4	000.0	0000	0000	+00.00	02	00	0899	08
81	0002	27	04	16	06	00420	12.0	+16.7	0000	063.4	000.0	0000	0004	+00.00	02	00	0899	08
81	0003	27	04	16	06	00420	12.0	+16.7	0000	063.4	000.0	0000	0009	+00.00	02	00	0900	08
81	0004	27	04	16	06	00421	12.0	+16.7	0000	063.4	000.0	0000	0014	+00.03	02	00	0899	08
81	0005	27	04	16	06	00421	12.0	+16.7	0000	063.4	000.0	0001	0019	+00.05	02	00	0899	08
81	0006	27	04	16	06	00422	12.1	+16.7	0000	063.4	000.0	0001	0024	+00.05	02	00	0899	08
81	0007	27	04	16	06	00422	12.0	+16.7	0000	063.4	000.0	0001	0028	+00.05	02	00	0899	08
81	0008	27	04	16	06	00422	12.1	+16.8	0000	063.5	000.0	0001	0033	+00.05	02	00	0899	08
81	0009	27	04	16	06	00422	12.1	+16.7	0000	063.5	000.0	0002	0038	+00.04	02	00	0899	08
81	0010	27	04	16	06	00422	12.1	+16.7	0000	063.5	000.0	0001	0043	+00.03	02	00	0900	08
81	0011	27	04	16	06	00422	12.2	+16.8	0000	063.6	000.0	0001	0048	+00.03	02	00	0900	08
81	0012	27	04	16	07	00422	12.2	+16.8	0000	063.6	000.0	0002	0052	+00.03	02	00	0900	08
81	0013	27	04	16	07	00423	12.2	+16.8	0000	063.6	000.0	0002	0057	+00.03	02	00	0899	08
81	0014	27	04	16	07	00423	12.2	+16.8	0000	063.6	000.0	0002	0062	+00.03	02	00	0899	08
82	0001	27	04	16	08	00416	12.1	+16.8	0000	063.4	000.0	0000	0000	+00.00	02	00	0900	08
82	0002	27	04	16	08	00417	12.1	+16.8	0000	063.4	000.0	0000	0004	+00.00	02	00	0899	08
82	0003	27	04	16	08	00417	12.1	+16.8	0000	063.4	000.0	0000	0009	+00.00	02	00	0899	08
82	0004	27	04	16	08	00417	12.2	+16.9	0000	063.4	000.0	0000	0014	+00.03	02	00	0900	08
82	0005	27	04	16	08	00417	12.1	+16.8	0000	063.4	000.0	0000	0019	+00.02	02	00	0900	08
82	0006	27	04	16	08	00417	12.1	+16.8	0000	063.4	000.0	0000	0024	+00.02	02	00	0900	08
82	0007	27	04	16	08	00418	12.1	+16.8	0000	063.4	000.0	0001	0028	+00.03	02	00	0899	08
82	0008	27	04	16	08	00418	12.2	+16.9	0000	063.4	000.0	0001	0033	+00.04	02	00	0899	08
82	0009	27	04	16	08	00418	12.2	+16.9	0000	063.4	000.0	0001	0038	+00.03	02	00	0900	08
82	0010	27	04	16	08	00419	12.2	+16.9	0000	063.4	000.0	0001	0043	+00.03	02	00	0899	08
82	0011	27	04	16	08	00418	12.2	+16.9	0000	063.4	000.0	0001	0048	+00.03	02	00	0900	08
82	0012	27	04	16	08	00418	12.2	+16.9	0000	063.4	000.0	0001	0052	+00.02	02	00	0900	08
82	0013	27	04	16	09	00419	12.2	+16.9	0000	063.4	000.0	0001	0057	+00.03	02	00	0899	08
82	0014	27	04	16	09	00418	12.2	+16.9	0000	063.4	000.0	0001	0062	+00.02	02	00	0900	08
83	0001	27	04	16	10	00418	12.3	+17.0	0000	063.4	000.0	0000	0000	+00.00	02	00	0899	08
83	0002	27	04	16	10	00419	12.3	+17.0	0000	063.4	000.0	0000	0004	+00.00	02	00	0899	08
83	0003	27	04	16	10	00420	12.3	+17.0	0000	063.4	000.0	0000	0009	+00.00	02	00	0899	08
83	0004	27	04	16	10	00419	12.3	+17.0	0000	063.4	000.0	0001	0014	+00.07	02	00	0900	08
83	0005	27	04	16	10	00421	12.3	+17.0	0000	063.4	000.0	0002	0019	+00.10	02	00	0899	08
83	0006	27	04	16	10	00421	12.3	+17.0	0000	063.4	000.0	0002	0024	+00.09	02	00	0900	08
83	0007	27	04	16	10	00422	12.3	+17.0	0000	063.4	000.0	0003	0028	+00.10	02	00	0899	08
83	0008	27	04	16	10	00422	12.4	+17.0	0000	063.5	000.0	0004	0033	+00.10	02	00	0900	08
83	0009	27	04	16	10	00424	12.4	+17.1	0000	063.5	000.0	0004	0038	+00.11	02	00	0899	08
83	0010	27	04	16	10	00424	12.3	+17.1	0000	063.5	000.0	0005	0043	+00.11	02	00	0899	08
83	0011	27	04	16	10	00424	12.3	+17.1	0000	063.5	000.0	0006	0048	+00.11	02	00	0900	08
83	0012	27	04	16	10	00425	12.3	+17.1	0000	063.5	000.0	0007	0052	+00.11	02	00	0900	08
83	0013	27	04	16	10	00426	12.2	+17.1	0000	063.4	000.0	0007	0057	+00.11	02	00	0900	08
83	0014	27	04	16	11	00427	12.2	+17.1	0000	063.4	000.0	0008	0062	+00.11	02	00	0900	08
84	0001	27	04	16	11	00497	12.0	+17.2	0000	061.6	000.0	0000	0000	+00.00	02	00	0899	08
84	0002	27	04	16	12	00508	12.1	+17.2	0000	061.6	000.0	0000	0004	+00.00	02	00	0899	08
84	0003	27	04	16	12	00522	12.1	+17.2	0000	061.6	000.0	0000	0009	+00.00	02	00	0900	08
84	0004	27	04	16	12	00528	12.1	+17.2	0000	061.6	000.0	0032	0014	+01.94	02	00	0900	08
84	0005	27	04	16	12	00533	12.1	+17.2	0000	061.6	000.0	0037	0019	+01.68	02	00	0900	08
84	0006	27	04	16	12	00541	12.1	+17.2	0000	061.6	000.0	0043	0024	+01.56	02	00	0900	08
84	0007	27	04	16	12	00547	12.1	+17.2	0000	061.6	000.0	0049	0028	+01.47	02	00	0899	08
84	0008	27	04	16	12	00551	12.1	+17.3	0000	061.6	000.0	0053	0033	+01.36	02	00	0900	08
84	0009	27	04	16	12	00556	12.1	+17.2	0000	061.6	000.0	0057	0038	+01.28	02	00	0900	08
84	0010	27	04	16	12	00560	12.1	+17.2	0000	061.6	000.0	0060	0043	+01.21	02	00	0900	08
84	0011	27	04	16	12	00565	12.3	+17.3	0000	061.7	000.0	0064	0048	+01.15	02	00	0900	08
84	0012	27	04	16	12	00572	12.1	+17.3	0000	061.7	000.0	0069	0052	+01.12	02	00	0899	08
84	0013	27	04	16	12	00575	12.3	+17.3	0000	061.7	000.0	0073	0057	+01.09	02	00	0900	08
84	0014	27	04	16	13	00580	12.2	+17.3	0000	061.7	000.0	0077	0062	+01.06	02	00	0900	08
85	0001	27	04	16	15	00423	12.0	+17.4	0000	060.7	000.0	0000	0000	+00.00	02	00	0900	08
85	0002	27	04	16	15	00425	12.0	+17.4	0000	060.9	000.0	0000	0004	+00.00	02	00	0900	08
85	0003	27	04	16	15	00425	12.0	+17.4	0000	060.8	000.0	0000	0009	+00.00	02	00	0900	08
85	0004	27	04	16	15	00426	12.1	+17.4	0000	060.8	000.0	0002	0014	+00.15	02	00	0900	08
85	0005	27	04	16	15	00427	12.1	+17.4	0000	060.9	000.0	0003	0019	+00.14	02	00	0900	08
85	0006	27	04	16	15	00428	12.1	+17.4	0000	060.9	000.0	0004	0024	+00.15	02	00	0900	08
85	0007	27	04	16	15	00428	12.1	+17.4	0000	061.0	000.0	0004	0028	+00.14	02	00	0900	08
85	0008	27	04	16	15	00429	12.2	+17.4	0000	061.0	000.0	0005	0033	+00.14	02	00	0900	08
85	0009	27	04	16	15	00430	12.2	+17.4	0000	061.0	000.0	0006	0038	+00.14	02	00	0900	08
85	0010	27	04	16	15	00431	12.2	+17.4	0000	061.0	000.0	0007	0043	+00.15	02	00	0900	08
85	0011	27	04	16	15	00432	12.2	+17.5	0000	061.1	000.0	0008	0048	+00.15	02	00	0900	08
85	0012	27	04	16	16	00433	12.2	+17.5	0000	061.1	000.0	0009	0052	+00.15	02	00	0900	08
85	0013	27	04	16	16	00434	12.1	+17.5	0000	061.0	000.0	0010	0057	+00.15	02	00	0900	08
85	0014	27	04	16	16	00435	12.1	+17.5	0000	061.0	000.0	0011	0062	+00.15	02	00	0900	08
86	0001	27	04	16	17	00434	11.9	+17.5	0000	059.8	000.0	0000	0000	+00.00	02	00	0900	08
86	0002	27	04	16	17	00435	12.0	+17.5	0000	059.8	000.0	0000	0004	+00.00	02	00	0900	08
86	0003	27	04	16	17	00435	11.9	+17.5	0000	059.8	000.0	0000	0009	+00.00	02	00	0900	08
86	0004	27	04	16	17	00435	12.0	+17.5	0000	059.8	000.0	0000	0014	+00.03	02	00	0900	08
86	0005	27	04	16	17	00435	12.0	+17.5	0000	059.8	000.0	0000	0019	+00.03	02	00	0900	08
86	0006	27	04	16	17	00435	11.9	+17.5	0000	059.8	000.0	0001	0024	+00.03	02	00	0900	08
86	0007	27	04	16	17	00435	12.0	+17.6	0000	059.8	000.0	0001	0028	+00.03	02	00	0900	08
86	0008	27	04	16	17	00436	11.9	+17.6	0000	059.7	000.0	0001	0033	+00.03	02	00	0900	08
86	0009	27	04	16	17	00436	11.9	+17.5	0000	059.7	000.0	0001	0038	+00.03	02	00	0900	08
86	0010	27	04	16	17	00436	11.9	+17.5	0000	059.6	000.0	0001	0043	+00.03	02	00	0900	08
86	0011	27	04	16	17	00436	11.8	+17.5	0000	059.6	000.0	0001	0048	+00.03	02	00	0900	08
86	0012	27	04	16	17	00436	11.9	+17.5	0000	059.6	000.0	0001	0052	+00.03	02	00	0900	08
86	0013	27	04	16	18	00437	11.9	+17.5	0000	059.5	000.0	0002	0057	+00.03	02	00	0900	08
86	0014	27	04	16	18	00437	11.9	+17.6	0000	059.5	000.0	0002	0062	+00.03	02	00	0900	08
87	0001	27	04	16	31	00429	12.0	+18.0	0000	058.0	000.0	0000	0000	+00.00	02	00	0900	08
87	0002	27	04	16	31	00430	12.0	+18.0	0000	057.8	000.0	0000	0004	+00.00	02	00	0900	08
87	0003	27	04	16	31	00431	11.9	+18.0	0000	057.7	000.0	0000	0009	+00.00	02	00	0900	08
87	0004	27	04	16	31	00433	11.9	+18.0	0000	057.6	000.0	0004	0014	+00.24	02	00	0900	08
87	0005	27	04	16	31	00434	11.9	+18.1	0000	057.6	000.0	0005	0019	+00.23	02	00	0900	08
87	0006	27	04	16	31	00435	11.9	+18.0	0000	057.6	000.0	0006	0024	+00.22	02	00	0900	08
87	0007	27	04	16	31	00436	11.9	+18.1	0000	057.6	000.0	0007	0028	+00.21	02	00	0900	08
87	0008	27	04	16	31	00438	11.9	+18.1	0000	057.5	000.0	0008	0033	+00.21	02	00	0900	08
87	0009	27	04	16	32	00439	11.9	+18.1	0000	057.5	000.0	0009	0038	+00.21	02	00	0900	08
87	0010	27	04	16	32	00440	11.9	+18.0	0000	057.5	000.0	0010	0043	+00.21	02	00	0900	08
87	0011	27	04	16	32	00441	11.9	+18.0	0000	057.5	000.0	0011	0048	+00.21	02	00	0900	08
87	0012	27	04	16	32	00442	11.9	+18.0	0000	057.5	000.0	0013	0052	+00.21	02	00	0900	08
87	0013	27	04	16	32	00442	11.9	+18.0	0000	057.5	000.0	0013	0057	+00.20	02	00	0901	08
87	0014	27	04	16	32	00445	11.9	+18.0	0000	057.5	000.0	0015	0062	+00.20	02	00	0900	08
88	0001	27	04	16	33	00440	11.8	+18.0	0000	057.5	000.0	0000	0000	+00.00	02	00	0900	08
88	0002	27	04	16	33	00440	11.9	+18.0	0000	057.8	000.0	0000	0004	+00.00	02	00	0900	08
88	0003	27	04	16	33	00440	11.9	+18.0	0000	057.8	000.0	0000	0009	+00.00	02	00	0900	08
88	0004	27	04	16	33	00439	11.9	+17.9	0000	057.8	000.0	0000	0014	-00.02	02	01	0900	08
88	0005	27	04	16	33	00440	11.9	+18.0	0000	057.9	000.0	0000	0019	+00.00	02	00	0900	08
88	0006	27	04	16	33	00440	11.9	+18.0	0000	057.9	000.0	0000	0024	+00.01	02	00	0900	08
88	0007	27	04	16	34	00440	11.9	+18.0	0000	057.9	000.0	0000	0028	+00.01	02	00	0901	08
88	0008	27	04	16	34	00440	11.9	+18.0	0000	057.9	000.0	0000	0033	+00.02	02	00	0901	08
88	0009	27	04	16	34	00442	11.9	+18.0	0000	057.9	000.0	0001	0038	+00.04	02	00	0900	08
88	0010	27	04	16	34	00441	11.9	+17.9	0000	057.9	000.0	0001	0043	+00.03	02	00	0901	08
88	0011	27	04	16	34	00442	11.8	+17.9	0000	057.9	000.0	0002	0048	+00.04	02	00	0900	08
88	0012	27	04	16	34	00441	11.9	+17.9	0000	057.9	000.0	0002	0052	+00.03	02	00	0901	08
88	0013	27	04	16	34	00442	11.9	+18.0	0000	057.9	000.0	0002	0057	+00.03	02	00	0900	08
88	0014	27	04	16	34	00442	11.9	+18.0	0000	057.9	000.0	0002	0062	+00.03	02	00	0900	08
89	0001	27	04	16	35	00572	12.2	+17.9	0000	059.8	000.0	0000	0000	+00.00	02	00	0901	08
89	0002	27	04	16	35	00573	12.2	+17.9	0000	059.5	000.0	0000	0004	+00.00	02	00	0900	08
89	0003	27	04	16	35	00573	12.1	+17.9	0000	059.4	000.0	0000	0009	+00.00	02	00	0901	08
89	0004	27	04	16	35	00575	12.1	+17.9	0000	059.4	000.0	0002	0014	+00.15	02	00	0900	08
89	0005	27	04	16	35	00572	12.1	+17.9	0000	059.4	000.0	0000	0019	+00.03	02	00	0901	08
89	0006	27	04	16	36	00574	12.1	+17.9	0000	059.4	000.0	0001	0024	+00.05	02	00	0901	08
89	0007	27	04	16	36	00574	12.1	+17.9	0000	059.4	000.0	0001	0028	+00.04	02	00	0900	08
89	0008	27	04	16	36	00573	12.1	+17.9	0000	059.4	000.0	0001	0033	+00.02	02	00	0901	08
89	0009	27	04	16	36	00573	12.1	+17.9	0000	059.4	000.0	0000	0038	+00.01	02	00	0900	08
89	0010	27	04	16	36	00573	12.0	+17.9	0000	059.3	000.0	0000	0043	+00.00	02	00	0900	08
89	0011	27	04	16	36	00573	12.0	+17.9	0000	059.3	000.0	0000	0048	-00.00	02	01	0900	08
89	0012	27	04	16	36	00574	12.0	+17.9	0000	059.3	000.0	0000	0052	+00.00	02	00	0900	08
89	0013	27	04	16	36	00574	11.9	+17.9	0000	059.2	000.0	0000	0057	+00.00	02	00	0901	08
89	0014	27	04	16	36	00574	11.9	+17.8	0000	059.2	000.0	0000	0062	+00.00	02	00	0900	08
90	0001	27	04	16	37	00470	12.0	+17.9	0000	058.9	000.0	0000	0000	+00.00	02	00	0901	08
90	0002	27	04	16	37	00471	12.0	+17.9	0000	058.9	000.0	0000	0004	+00.00	02	00	0901	08
90	0003	27	04	16	37	00472	12.0	+17.9	0000	058.9	000.0	0000	0009	+00.00	02	00	0900	08
90	0004	27	04	16	37	00471	12.1	+17.8	0000	059.0	000.0	0001	0014	+00.08	02	00	0901	08
90	0005	27	04	16	37	00472	12.1	+17.8	0000	059.1	000.0	0001	0019	+00.08	02	00	0900	08
90	0006	27	04	16	37	00472	12.1	+17.9	0000	059.1	000.0	0002	0024	+00.08	02	00	0900	08
90	0007	27	04	16	37	00473	12.2	+17.9	0000	059.2	000.0	0002	0028	+00.08	02	00	0900	08
90	0008	27	04	16	37	00473	12.2	+17.9	0000	059.3	000.0	0002	0033	+00.07	02	00	0901	08
90	0009	27	04	16	38	00474	12.4	+17.9	0000	059.4	000.0	0003	0038	+00.08	02	00	0900	08
90	0010	27	04	16	38	00474	12.3	+17.8	0000	059.5	000.0	0004	0043	+00.08	02	00	0900	08
90	0011	27	04	16	38	00474	12.3	+17.9	0000	059.6	000.0	0004	0048	+00.08	02	00	0901	08
90	0012	27	04	16	38	00475	12.3	+17.9	0000	059.6	000.0	0004	0052	+00.08	02	00	0900	08
90	0013	27	04	16	38	00476	12.3	+17.9	0000	059.7	000.0	0005	0057	+00.08	02	00	0900	08
;Received 1000 record(s)