;EGM-4 Data
;SoftwareVersion=1.05
;Plot	RecNo	Day	Month	Hour	Min	CO2 Ref	mb Ref	mbR Temp	Input A	Input B	Input C	Input D	Input E	Input F	Input G	Input H	ATMP	Probe Type
31	0003	27	07	11	36	00593	20.5	+25.8	0000	061.6	000.0	0000	0000	+00.00	00	00	0911	08
31	0004	27	07	11	36	00603	20.5	+25.8	0000	061.6	000.0	0000	0004	+00.00	00	00	0911	08
31	0005	27	07	11	36	00569	20.5	+25.8	0000	061.6	000.0	0000	0009	+00.00	00	00	0912	08
31	0006	27	07	11	36	00573	20.6	+25.9	0000	061.6	000.0	0028	0014	-01.69	02	01	0911	08
31	0007	27	07	11	36	00599	20.6	+25.9	0000	061.6	000.0	0007	0019	-00.31	02	01	0911	08
31	0008	27	07	11	36	00633	20.6	+25.9	0000	061.6	000.0	0027	0024	+00.99	02	00	0911	08
31	0009	27	07	11	37	00629	20.6	+25.9	0000	061.6	000.0	0042	0028	+01.27	02	00	0911	08
31	0010	27	07	11	37	00656	20.7	+26.0	0000	061.6	000.0	0065	0033	+01.69	02	00	0911	08
32	0005	27	07	11	40	00489	20.8	+26.4	0000	060.7	000.0	0000	0000	+00.00	02	00	0912	08
32	0006	27	07	11	40	00491	20.8	+26.4	0000	060.7	000.0	0000	0004	+00.00	02	00	0911	08
32	0007	27	07	11	40	00500	20.8	+26.4	0000	060.7	000.0	0000	0009	+00.00	02	00	0911	08
32	0008	27	07	11	41	00499	20.9	+26.4	0000	060.7	000.0	0012	0014	+00.75	02	00	0912	08
32	0009	27	07	11	41	00503	20.9	+26.4	0000	060.7	000.0	0014	0019	+00.66	02	00	0912	08
32	0010	27	07	11	41	00514	20.9	+26.4	0000	060.7	000.0	0022	0024	+00.82	02	00	0911	08
32	0011	27	07	11	41	00516	20.9	+26.4	0000	060.7	000.0	0027	0028	+00.84	02	00	0912	08
32	0012	27	07	11	41	00572	21.0	+26.5	0000	060.7	000.0	0062	0033	+01.61	02	00	0911	08
33	0015	27	07	11	48	00655	21.9	+27.0	0000	061.3	000.0	0000	0000	+00.00	02	00	0912	08
33	0016	27	07	11	48	00657	21.9	+27.0	0000	061.1	000.0	0000	0004	+00.00	02	00	0912	08
33	0017	27	07	11	48	00675	21.7	+27.0	0000	061.1	000.0	0000	0009	+00.00	02	00	0912	08
33	0018	27	07	11	48	00667	21.8	+27.1	0000	061.0	000.0	0016	0014	+00.97	02	00	0912	08
33	0019	27	07	11	48	00683	21.8	+27.1	0000	060.9	000.0	0026	0019	+01.19	02	00	0912	08
33	0020	27	07	11	49	00689	21.8	+27.1	0000	060.9	000.0	0034	0024	+01.23	02	00	0911	08
33	0021	27	07	11	49	00686	21.8	+27.1	0000	060.9	000.0	0035	0028	+01.06	02	00	0911	08
33	0022	27	07	11	49	00666	21.8	+27.1	0000	060.9	000.0	0023	0033	+00.60	02	00	0911	08
33	0023	27	07	11	49	00708	21.8	+27.1	0000	060.9	000.0	0038	0038	+00.86	02	00	0912	08
33	0024	27	07	11	49	00704	21.8	+27.1	0000	060.9	000.0	0044	0043	+00.90	02	00	0912	08
33	0025	27	07	11	49	00703	21.9	+27.2	0000	060.9	000.0	0048	0048	+00.87	02	00	0912	08
33	0026	27	07	11	49	00704	21.7	+27.1	0000	060.8	000.0	0050	0052	+00.83	02	00	0912	08
34	0001	27	07	11	51	00703	21.8	+27.2	0000	060.3	000.0	0000	0000	+00.00	02	00	0912	08
34	0002	27	07	11	51	00700	22.0	+27.2	0000	060.5	000.0	0000	0004	+00.00	02	00	0912	08
34	0003	27	07	11	51	00701	22.1	+27.3	0000	060.5	000.0	0000	0009	+00.00	02	00	0911	08
34	0004	27	07	11	51	00703	22.1	+27.3	0000	060.6	000.0	0000	0014	+00.03	02	00	0912	08
34	0005	27	07	11	52	00708	22.1	+27.3	0000	060.7	000.0	0005	0019	+00.26	02	00	0912	08
34	0006	27	07	11	52	00706	22.1	+27.3	0000	060.7	000.0	0006	0024	+00.24	02	00	0911	08
34	0007	27	07	11	52	00720	22.1	+27.3	0000	060.7	000.0	0015	0028	+00.47	02	00	0911	08
34	0008	27	07	11	52	00724	22.1	+27.3	0000	060.7	000.0	0022	0033	+00.59	02	00	0912	08
34	0009	27	07	11	52	00726	22.1	+27.3	0000	060.8	000.0	0028	0038	+00.64	02	00	0912	08
34	0010	27	07	11	52	00734	22.1	+27.3	0000	060.8	000.0	0034	0043	+00.70	02	00	0912	08
34	0011	27	07	11	52	00724	22.3	+27.3	0000	060.8	000.0	0034	0048	+00.62	02	00	0912	08
34	0012	27	07	11	53	00728	22.3	+27.4	0000	060.9	000.0	0035	0052	+00.58	02	00	0911	08
34	0013	27	07	11	53	00723	22.3	+27.4	0000	060.9	000.0	0033	0057	+00.50	02	00	0911	08
34	0014	27	07	11	53	00731	22.4	+27.4	0000	060.9	000.0	0034	0062	+00.48	02	00	0912	08
36	0022	27	07	12	22	00419	22.1	+28.6	0000	056.6	000.0	0000	0000	+00.00	02	00	0911	08
36	0023	27	07	12	23	00421	22.1	+28.6	0000	056.7	000.0	0000	0004	+00.00	02	00	0911	08
36	0024	27	07	12	23	00425	22.1	+28.6	0000	056.6	000.0	0000	0009	+00.00	02	00	0912	08
36	0025	27	07	12	23	00429	22.1	+28.6	0000	056.6	000.0	0010	0014	+00.61	02	00	0912	08
36	0026	27	07	12	23	00433	22.1	+28.6	0000	056.6	000.0	0014	0019	+00.64	02	00	0912	08
36	0027	27	07	12	23	00436	22.0	+28.5	0000	056.6	000.0	0018	0024	+00.65	02	00	0912	08
36	0028	27	07	12	23	00439	22.1	+28.6	0000	056.6	000.0	0021	0028	+00.64	02	00	0912	08
36	0029	27	07	12	23	00440	22.0	+28.5	0000	056.6	000.0	0023	0033	+00.60	02	00	0911	08
36	0030	27	07	12	24	00446	22.0	+28.5	0000	056.6	000.0	0027	0038	+00.61	02	00	0912	08
36	0031	27	07	12	24	00449	22.0	+28.5	0000	056.6	000.0	0030	0043	+00.61	02	00	0912	08
36	0032	27	07	12	24	00455	22.0	+28.5	0000	056.6	000.0	0035	0048	+00.64	02	00	0911	08
36	0033	27	07	12	24	00458	22.0	+28.5	0000	056.6	000.0	0039	0052	+00.65	02	00	0912	08
36	0034	27	07	12	24	00462	22.0	+28.5	0000	056.6	000.0	0043	0057	+00.65	02	00	0911	08
36	0035	27	07	12	24	00465	22.2	+28.5	0000	056.6	000.0	0047	0062	+00.65	02	00	0912	08
37	0008	27	07	12	30	00458	21.7	+28.4	0000	056.0	000.0	0000	0000	+00.00	02	00	0912	08
37	0009	27	07	12	30	00463	21.7	+28.4	0000	056.0	000.0	0000	0004	+00.00	02	00	0912	08
37	0010	27	07	12	31	00461	21.7	+28.4	0000	056.0	000.0	0000	0009	+00.00	02	00	0912	08
37	0011	27	07	12	31	00464	21.7	+28.4	0000	056.0	000.0	0004	0014	+00.28	02	00	0912	08
37	0012	27	07	12	31	00463	21.7	+28.4	0000	056.0	000.0	0004	0019	+00.19	02	00	0912	08
37	0013	27	07	12	31	00465	21.7	+28.4	0000	056.0	000.0	0005	0024	+00.20	02	00	0912	08
37	0014	27	07	12	31	00464	21.7	+28.4	0000	056.0	000.0	0005	0028	+00.15	02	00	0912	08
37	0015	27	07	12	31	00463	21.7	+28.4	0000	056.0	000.0	0004	0033	+00.12	02	00	0912	08
37	0016	27	07	12	31	00466	21.7	+28.4	0000	056.0	000.0	0005	0038	+00.12	02	00	0912	08
37	0017	27	07	12	32	00466	21.7	+28.4	0000	056.0	000.0	0006	0043	+00.12	02	00	0912	08
37	0018	27	07	12	32	00468	21.5	+28.4	0000	056.0	000.0	0007	0048	+00.13	02	00	0912	08
37	0019	27	07	12	32	00468	21.7	+28.4	0000	056.0	000.0	0007	0052	+00.12	02	00	0912	08
37	0020	27	07	12	32	00469	21.5	+28.4	0000	056.0	000.0	0008	0057	+00.12	02	00	0912	08
37	0021	27	07	12	32	00474	21.7	+28.4	0000	055.9	000.0	0010	0062	+00.15	02	00	0912	08
37	0048	27	07	12	48	00394	21.9	+28.4	0000	056.5	000.0	0000	0000	+00.00	02	00	0912	08
37	0049	27	07	12	48	00398	21.7	+28.4	0000	056.2	000.0	0000	0004	+00.00	02	00	0912	08
37	0050	27	07	12	48	00400	21.6	+28.4	0000	056.1	000.0	0000	0009	+00.00	02	00	0912	08
37	0051	27	07	12	49	00400	21.7	+28.4	0000	056.1	000.0	0006	0014	+00.37	02	00	0912	08
37	0052	27	07	12	49	00403	21.6	+28.4	0000	056.1	000.0	0008	0019	+00.36	02	00	0912	08
37	0053	27	07	12	49	00401	21.6	+28.4	0000	056.1	000.0	0007	0024	+00.26	02	00	0912	08
37	0054	27	07	12	49	00402	21.7	+28.4	0000	056.1	000.0	0007	0028	+00.21	02	00	0912	08
37	0055	27	07	12	49	00404	21.6	+28.4	0000	056.1	000.0	0008	0033	+00.21	02	00	0912	08
37	0056	27	07	12	49	00404	21.7	+28.4	0000	056.1	000.0	0008	0033	+00.21	02	00	0912	08
38	0001	27	07	12	50	00413	21.6	+28.4	0000	056.0	000.0	0000	0000	+00.00	02	00	0912	08
38	0002	27	07	12	50	00411	21.7	+28.4	0000	056.0	000.0	0000	0004	+00.00	02	00	0912	08
38	0003	27	07	12	51	00415	21.6	+28.4	0000	056.0	000.0	0000	0009	+00.00	02	00	0912	08
38	0004	27	07	12	51	00413	21.6	+28.4	0000	056.0	000.0	0001	0014	+00.11	02	00	0912	08
38	0005	27	07	12	51	00414	21.6	+28.4	0000	056.0	000.0	0002	0019	+00.10	02	00	0912	08
38	0006	27	07	12	51	00417	21.7	+28.4	0000	056.0	000.0	0004	0024	+00.14	02	00	0912	08
38	0007	27	07	12	51	00418	21.6	+28.4	0000	056.0	000.0	0005	0028	+00.17	02	00	0912	08
38	0008	27	07	12	51	00419	21.6	+28.4	0000	056.0	000.0	0007	0033	+00.18	02	00	0912	08
38	0009	27	07	12	51	00417	21.6	+28.4	0000	056.0	000.0	0007	0038	+00.16	02	00	0912	08
38	0010	27	07	12	52	00419	21.7	+28.4	0000	056.0	000.0	0007	0043	+00.15	02	00	0912	08
38	0011	27	07	12	52	00423	21.6	+28.4	0000	056.1	000.0	0009	0048	+00.17	02	00	0912	08
38	0012	27	07	12	52	00425	21.8	+28.4	0000	056.1	000.0	0011	0052	+00.19	02	00	0912	08
38	0013	27	07	12	52	00425	21.8	+28.4	0000	056.2	000.0	0013	0057	+00.19	02	00	0912	08
38	0014	27	07	12	52	00425	21.8	+28.4	0000	056.2	000.0	0014	0062	+00.19	02	00	0912	08
39	0001	27	07	12	53	00407	21.7	+28.4	0000	056.1	000.0	0000	0000	+00.00	02	00	0912	08
39	0002	27	07	12	53	00413	21.7	+28.4	0000	056.0	000.0	0000	0004	+00.00	02	00	0912	08
39	0003	27	07	12	54	00418	21.7	+28.4	0000	056.0	000.0	0000	0009	+00.00	02	00	0912	08
39	0004	27	07	12	54	00421	21.7	+28.4	0000	056.0	000.0	0014	0014	+00.89	02	00	0912	08
39	0005	27	07	12	54	00428	21.7	+28.4	0000	056.0	000.0	0020	0019	+00.92	02	00	0912	08
39	0006	27	07	12	54	00431	21.7	+28.4	0000	056.0	000.0	0024	0024	+00.88	02	00	0912	08
39	0007	27	07	12	54	00436	21.7	+28.4	0000	056.0	000.0	0028	0028	+00.87	02	00	0912	08
39	0008	27	07	12	54	00442	21.7	+28.4	0000	056.0	000.0	0034	0033	+00.88	02	00	0912	08
39	0009	27	07	12	54	00445	21.6	+28.4	0000	056.0	000.0	0038	0038	+00.86	02	00	0912	08
39	0010	27	07	12	55	00452	21.7	+28.4	0000	056.0	000.0	0043	0043	+00.87	02	00	0912	08
39	0011	27	07	12	55	00455	21.7	+28.4	0000	056.0	000.0	0048	0048	+00.87	02	00	0912	08
39	0012	27	07	12	55	00462	21.7	+28.4	0000	056.0	000.0	0053	0052	+00.87	02	00	0912	08
40	0001	27	07	12	56	00409	21.7	+28.4	0000	056.0	000.0	0000	0000	+00.00	02	00	0912	08
40	0002	27	07	12	56	00416	21.7	+28.4	0000	056.0	000.0	0000	0004	+00.00	02	00	0912	08
40	0003	27	07	12	56	00418	21.7	+28.4	0000	056.0	000.0	0000	0009	+00.00	02	00	0912	08
40	0004	27	07	12	57	00422	21.7	+28.4	0000	056.0	000.0	0012	0014	+00.74	02	00	0912	08
40	0005	27	07	12	57	00427	21.7	+28.4	0000	056.0	000.0	0016	0019	+00.76	02	00	0912	08
40	0006	27	07	12	57	00434	21.7	+28.4	0000	056.0	000.0	0022	0024	+00.82	02	00	0912	08
40	0007	27	07	12	57	00437	21.7	+28.4	0000	056.0	000.0	0027	0028	+00.82	02	00	0912	08
40	0008	27	07	12	57	00441	21.7	+28.4	0000	056.0	000.0	0031	0033	+00.81	02	00	0912	08
40	0009	27	07	12	57	00445	21.7	+28.4	0000	056.0	000.0	0035	0038	+00.81	02	00	0912	08
40	0010	27	07	12	57	00451	21.7	+28.4	0000	056.0	000.0	0040	0043	+00.81	02	00	0912	08
40	0011	27	07	12	58	00455	21.7	+28.4	0000	056.0	000.0	0045	0048	+00.82	02	00	0912	08
40	0012	27	07	12	58	00460	21.7	+28.4	0000	056.0	000.0	0050	0052	+00.82	02	00	0912	08
41	0001	27	07	12	59	00404	21.7	+28.4	0000	056.1	000.0	0000	0000	+00.00	02	00	0912	08
41	0002	27	07	12	59	00404	21.7	+28.4	0000	056.1	000.0	0000	0004	+00.00	02	00	0912	08
41	0003	27	07	12	59	00404	21.7	+28.4	0000	056.1	000.0	0000	0009	+00.00	02	00	0912	08
41	0004	27	07	12	59	00406	21.7	+28.4	0000	056.1	000.0	0001	0014	+00.08	02	00	0912	08
41	0005	27	07	13	00	00405	21.7	+28.4	0000	056.1	000.0	0001	0019	+00.05	02	00	0912	08
41	0006	27	07	13	00	00407	21.7	+28.4	0000	056.1	000.0	0002	0024	+00.08	02	00	0912	08
41	0007	27	07	13	00	00409	21.7	+28.4	0000	056.1	000.0	0003	0028	+00.11	02	00	0912	08
41	0008	27	07	13	00	00409	21.8	+28.5	0000	056.1	000.0	0004	0033	+00.11	02	00	0912	08
41	0009	27	07	13	00	00413	21.7	+28.4	0000	056.1	000.0	0007	0038	+00.16	02	00	0912	08
41	0010	27	07	13	00	00414	21.8	+28.5	0000	056.1	000.0	0009	0043	+00.19	02	00	0912	08
41	0011	27	07	13	01	00415	21.8	+28.5	0000	056.1	000.0	0011	0048	+00.20	02	00	0912	08
41	0012	27	07	13	01	00417	21.8	+28.5	0000	056.1	000.0	0013	0052	+00.21	02	00	0912	08
41	0013	27	07	13	01	00417	21.8	+28.5	0000	056.1	000.0	0014	0057	+00.22	02	00	0912	08
41	0014	27	07	13	01	00418	21.8	+28.5	0000	056.1	000.0	0015	0062	+00.22	02	00	0912	08
42	0001	27	07	13	03	00436	21.7	+28.5	0000	055.6	000.0	0000	0000	+00.00	02	00	0912	08
42	0002	27	07	13	04	00448	21.7	+28.5	0000	055.6	000.0	0000	0004	+00.00	02	00	0912	08
42	0003	27	07	13	04	00461	21.9	+28.5	0000	055.7	000.0	0000	0009	+00.00	02	00	0912	08
42	0004	27	07	13	04	00469	21.7	+28.5	0000	055.7	000.0	0033	0014	+02.04	02	00	0912	08
42	0005	27	07	13	04	00482	21.7	+28.5	0000	055.7	000.0	0045	0019	+02.05	02	00	0912	08
42	0006	27	07	13	04	00492	21.9	+28.5	0000	055.8	000.0	0056	0024	+02.03	02	00	0912	08
43	0001	27	07	13	06	00413	22.0	+28.6	0000	056.1	000.0	0000	0000	+00.00	02	00	0912	08
43	0002	27	07	13	06	00418	22.0	+28.6	0000	056.1	000.0	0000	0004	+00.00	02	00	0912	08
43	0003	27	07	13	06	00421	21.9	+28.6	0000	056.1	000.0	0000	0009	+00.00	02	00	0912	08
43	0004	27	07	13	06	00422	21.9	+28.6	0000	056.1	000.0	0008	0014	+00.52	02	00	0912	08
43	0005	27	07	13	06	00428	22.0	+28.6	0000	056.1	000.0	0013	0019	+00.60	02	00	0912	08
43	0006	27	07	13	06	00435	21.9	+28.6	0000	056.1	000.0	0020	0024	+00.72	02	00	0912	08
43	0007	27	07	13	07	00437	22.0	+28.6	0000	056.1	000.0	0024	0028	+00.72	02	00	0912	08
43	0008	27	07	13	07	00442	22.0	+28.6	0000	056.1	000.0	0028	0033	+00.74	02	00	0912	08
43	0009	27	07	13	07	00446	22.2	+28.6	0000	056.1	000.0	0032	0038	+00.74	02	00	0912	08
43	0010	27	07	13	07	00449	22.2	+28.6	0000	056.1	000.0	0036	0043	+00.74	02	00	0912	08
43	0011	27	07	13	07	00453	22.2	+28.6	0000	056.2	000.0	0040	0048	+00.73	02	00	0912	08
43	0012	27	07	13	07	00459	22.2	+28.6	0000	056.2	000.0	0045	0052	+00.74	02	00	0912	08
43	0013	27	07	13	08	00462	22.2	+28.6	0000	056.2	000.0	0049	0057	+00.74	02	00	0912	08
43	0014	27	07	13	08	00468	22.2	+28.6	0000	056.3	000.0	0053	0062	+00.75	02	00	0912	08
44	0006	27	07	13	12	00419	21.9	+28.7	0000	055.6	000.0	0000	0000	+00.00	02	00	0912	08
44	0007	27	07	13	12	00418	22.1	+28.7	0000	055.7	000.0	0000	0004	+00.00	02	00	0912	08
44	0008	27	07	13	12	00420	21.9	+28.7	0000	055.7	000.0	0000	0009	+00.00	02	00	0912	08
44	0009	27	07	13	12	00420	21.9	+28.7	0000	055.7	000.0	0001	0014	+00.06	02	00	0913	08
44	0010	27	07	13	13	00421	21.9	+28.7	0000	055.8	000.0	0001	0019	+00.08	02	00	0912	08
44	0011	27	07	13	13	00421	21.9	+28.7	0000	055.7	000.0	0002	0024	+00.10	02	00	0912	08
44	0012	27	07	13	13	00421	22.1	+28.7	0000	055.8	000.0	0003	0028	+00.09	02	00	0912	08
44	0013	27	07	13	13	00423	21.9	+28.7	0000	055.8	000.0	0004	0033	+00.10	02	00	0912	08
44	0014	27	07	13	13	00422	21.9	+28.7	0000	055.8	000.0	0004	0038	+00.09	02	00	0912	08
44	0015	27	07	13	13	00424	22.1	+28.7	0000	055.8	000.0	0005	0043	+00.10	02	00	0912	08
44	0016	27	07	13	13	00425	21.9	+28.7	0000	055.7	000.0	0005	0048	+00.10	02	00	0912	08
44	0017	27	07	13	14	00424	21.9	+28.7	0000	055.7	000.0	0006	0052	+00.10	02	00	0912	08
44	0018	27	07	13	14	00427	21.9	+28.7	0000	055.7	000.0	0007	0057	+00.11	02	00	0912	08
44	0019	27	07	13	14	00426	21.9	+28.7	0000	055.7	000.0	0008	0062	+00.11	02	00	0912	08
45	0001	27	07	13	15	00391	21.9	+28.7	0000	055.6	000.0	0000	0000	+00.00	02	00	0912	08
45	0002	27	07	13	15	00397	21.9	+28.7	0000	055.6	000.0	0000	0004	+00.00	02	00	0912	08
45	0003	27	07	13	15	00407	21.9	+28.7	0000	055.6	000.0	0000	0009	+00.00	02	00	0912	08
45	0004	27	07	13	15	00413	21.9	+28.7	0000	055.6	000.0	0023	0014	+01.40	02	00	0912	08
45	0005	27	07	13	15	00419	21.9	+28.7	0000	055.6	000.0	0028	0019	+01.31	02	00	0913	08
45	0006	27	07	13	16	00426	21.9	+28.7	0000	055.6	000.0	0035	0024	+01.28	02	00	0912	08
45	0007	27	07	13	16	00433	21.9	+28.7	0000	055.6	000.0	0041	0028	+01.26	02	00	0912	08
45	0008	27	07	13	16	00440	21.9	+28.7	0000	055.6	000.0	0048	0033	+01.26	02	00	0912	08
45	0009	27	07	13	16	00451	21.9	+28.7	0000	055.6	000.0	0057	0038	+01.30	02	00	0912	08
46	0001	27	07	13	18	00403	21.9	+28.7	0000	055.6	000.0	0000	0000	+00.00	02	00	0912	08
46	0002	27	07	13	18	00403	22.1	+28.7	0000	056.0	000.0	0000	0004	+00.00	02	00	0912	08
46	0003	27	07	13	18	00404	22.1	+28.7	0000	056.0	000.0	0000	0009	+00.00	02	00	0912	08
46	0004	27	07	13	18	00404	22.1	+28.7	0000	056.0	000.0	0000	0014	+00.06	02	00	0912	08
46	0005	27	07	13	18	00407	22.1	+28.7	0000	056.1	000.0	0002	0019	+00.13	02	00	0912	08
46	0006	27	07	13	18	00408	22.1	+28.7	0000	056.1	000.0	0004	0024	+00.15	02	00	0912	08
46	0007	27	07	13	19	00410	22.3	+28.7	0000	056.1	000.0	0006	0028	+00.19	02	00	0912	08
46	0008	27	07	13	19	00414	22.4	+28.8	0000	056.2	000.0	0009	0033	+00.25	02	00	0912	08
46	0009	27	07	13	19	00415	22.3	+28.7	0000	056.3	000.0	0012	0038	+00.28	02	00	0912	08
46	0010	27	07	13	19	00415	22.3	+28.7	0000	056.3	000.0	0013	0043	+00.27	02	00	0912	08
46	0011	27	07	13	19	00418	22.3	+28.7	0000	056.3	000.0	0015	0048	+00.28	02	00	0912	08
46	0012	27	07	13	19	00419	22.3	+28.7	0000	056.4	000.0	0017	0052	+00.28	02	00	0912	08
46	0013	27	07	13	19	00418	22.5	+28.7	0000	056.4	000.0	0017	0057	+00.27	02	00	0912	08
46	0014	27	07	13	20	00422	22.5	+28.7	0000	056.5	000.0	0019	0062	+00.27	02	00	0912	08
47	0001	27	07	13	21	00393	22.5	+28.7	0000	057.1	000.0	0000	0000	+00.00	02	00	0912	08
47	0002	27	07	13	21	00391	22.5	+28.7	0000	057.1	000.0	0000	0004	+00.00	02	00	0912	08
47	0003	27	07	13	21	00391	22.5	+28.7	0000	057.1	000.0	0000	0009	+00.00	02	00	0912	08
47	0004	27	07	13	22	00393	22.5	+28.7	0000	057.1	000.0	0000	0014	+00.01	02	00	0912	08
47	0005	27	07	13	22	00392	22.5	+28.7	0000	057.1	000.0	0000	0019	+00.01	02	00	0912	08
47	0006	27	07	13	22	00392	22.5	+28.7	0000	057.1	000.0	0000	0024	+00.01	02	00	0912	08
47	0007	27	07	13	22	00395	22.5	+28.7	0000	057.1	000.0	0002	0028	+00.07	02	00	0912	08
47	0008	27	07	13	22	00395	22.5	+28.7	0000	057.1	000.0	0003	0033	+00.07	02	00	0912	08
47	0009	27	07	13	22	00397	22.5	+28.7	0000	057.1	000.0	0004	0038	+00.10	02	00	0912	08
47	0010	27	07	13	22	00399	22.5	+28.7	0000	057.1	000.0	0006	0043	+00.12	02	00	0912	08
47	0011	27	07	13	23	00399	22.5	+28.7	0000	057.1	000.0	0007	0048	+00.13	02	00	0912	08
47	0012	27	07	13	23	00400	22.5	+28.7	0000	057.1	000.0	0008	0052	+00.14	02	00	0912	08
47	0013	27	07	13	23	00403	22.5	+28.7	0000	057.1	000.0	0010	0057	+00.16	02	00	0912	08
47	0014	27	07	13	23	00403	22.7	+28.7	0000	057.2	000.0	0012	0062	+00.17	02	00	0912	08
48	0001	27	07	13	24	00419	22.7	+28.7	0000	057.6	000.0	0000	0000	+00.00	02	00	0912	08
48	0002	27	07	13	25	00424	22.7	+28.7	0000	057.6	000.0	0000	0004	+00.00	02	00	0912	08
48	0003	27	07	13	25	00432	22.7	+28.7	0000	057.6	000.0	0000	0009	+00.00	02	00	0912	08
48	0004	27	07	13	25	00437	22.7	+28.7	0000	057.6	000.0	0018	0014	+01.10	02	00	0912	08
48	0005	27	07	13	25	00441	22.7	+28.7	0000	057.6	000.0	0022	0019	+01.02	02	00	0912	08
48	0006	27	07	13	25	00450	22.7	+28.7	0000	057.6	000.0	0029	0024	+01.08	02	00	0912	08
48	0007	27	07	13	25	00454	22.7	+28.7	0000	057.6	000.0	0035	0028	+01.07	02	00	0912	08
48	0008	27	07	13	25	00458	22.7	+28.7	0000	057.6	000.0	0040	0033	+01.04	02	00	0912	08
48	0009	27	07	13	26	00467	22.7	+28.7	0000	057.6	000.0	0046	0038	+01.06	02	00	0912	08
48	0010	27	07	13	26	00472	22.7	+28.7	0000	057.6	000.0	0053	0043	+01.06	02	00	0912	08
49	0001	27	07	13	27	00401	22.8	+28.8	0000	057.6	000.0	0000	0000	+00.00	02	00	0912	08
49	0002	27	07	13	27	00411	22.5	+28.7	0000	057.3	000.0	0000	0004	+00.00	02	00	0912	08
49	0003	27	07	13	27	00418	22.6	+28.8	0000	057.2	000.0	0000	0009	+00.00	02	00	0912	08
49	0004	27	07	13	28	00426	22.8	+28.8	0000	057.4	000.0	0024	0014	+01.49	02	00	0913	08
49	0005	27	07	13	28	00436	22.8	+28.8	0000	057.4	000.0	0034	0019	+01.54	02	00	0912	08
49	0006	27	07	13	28	00442	22.7	+28.7	0000	057.4	000.0	0041	0024	+01.50	02	00	0913	08
49	0007	27	07	13	28	00449	23.0	+28.8	0000	057.5	000.0	0048	0028	+01.46	02	00	0912	08
49	0008	27	07	13	28	00459	23.0	+28.8	0000	057.6	000.0	0056	0033	+01.47	02	00	0912	08
51	0001	27	07	13	36	00403	23.2	+28.8	0000	058.6	000.0	0000	0000	+00.00	02	00	0913	08
51	0002	27	07	13	36	00407	23.2	+28.8	0000	058.6	000.0	0000	0004	+00.00	02	00	0913	08
51	0003	27	07	13	36	00414	23.2	+28.8	0000	058.6	000.0	0000	0009	+00.00	02	00	0913	08
51	0004	27	07	13	37	00416	23.2	+28.8	0000	058.6	000.0	0013	0014	+00.81	02	00	0913	08
51	0005	27	07	13	37	00421	23.2	+28.8	0000	058.6	000.0	0017	0019	+00.80	02	00	0913	08
51	0006	27	07	13	37	00424	23.2	+28.8	0000	058.6	000.0	0020	0024	+00.74	02	00	0913	08
51	0007	27	07	13	37	00429	23.2	+28.8	0000	058.6	000.0	0025	0028	+00.75	02	00	0913	08
51	0008	27	07	13	37	00433	23.2	+28.8	0000	058.6	000.0	0028	0033	+00.75	02	00	0913	08
51	0009	27	07	13	37	00437	23.2	+28.8	0000	058.6	000.0	0032	0038	+00.74	02	00	0913	08
51	0010	27	07	13	38	00441	23.2	+28.8	0000	058.5	000.0	0036	0043	+00.74	02	00	0913	08
51	0011	27	07	13	38	00447	23.0	+28.8	0000	058.5	000.0	0041	0048	+00.75	02	00	0913	08
51	0012	27	07	13	38	00448	23.0	+28.8	0000	058.5	000.0	0045	0052	+00.74	02	00	0913	08
51	0013	27	07	13	38	00452	23.0	+28.8	0000	058.4	000.0	0048	0057	+00.74	02	00	0913	08
51	0014	27	07	13	38	00457	23.1	+28.8	0000	058.4	000.0	0052	0062	+00.73	02	00	0913	08
52	0001	27	07	13	39	00424	23.1	+28.8	0000	058.1	000.0	0000	0000	+00.00	02	00	0913	08
52	0002	27	07	13	39	00430	23.1	+28.8	0000	058.1	000.0	0000	0004	+00.00	02	00	0913	08
52	0003	27	07	13	40	00438	23.1	+28.8	0000	058.1	000.0	0000	0009	+00.00	02	00	0913	08
52	0004	27	07	13	40	00447	23.1	+28.8	0000	058.1	000.0	0023	0014	+01.44	02	00	0913	08
52	0005	27	07	13	40	00451	23.3	+28.8	0000	058.2	000.0	0029	0019	+01.33	02	00	0913	08
52	0006	27	07	13	40	00462	23.1	+28.8	0000	058.2	000.0	0038	0024	+01.38	02	00	0913	08
52	0007	27	07	13	40	00468	23.1	+28.8	0000	058.2	000.0	0045	0028	+01.37	02	00	0913	08
52	0008	27	07	13	40	00477	23.3	+28.8	0000	058.3	000.0	0053	0033	+01.38	02	00	0913	08
53	0005	27	07	13	43	00388	23.2	+28.9	0000	058.1	000.0	0000	0000	+00.00	02	00	0913	08
53	0006	27	07	13	43	00391	23.1	+28.9	0000	058.1	000.0	0000	0004	+00.00	02	00	0913	08
53	0007	27	07	13	43	00391	23.2	+28.9	0000	058.1	000.0	0000	0009	+00.00	02	00	0913	08
53	0008	27	07	13	43	00391	23.0	+28.9	0000	058.1	000.0	0002	0014	+00.14	02	00	0913	08
53	0009	27	07	13	43	00391	22.9	+28.9	0000	058.0	000.0	0001	0019	+00.08	02	00	0913	08
53	0010	27	07	13	44	00394	23.2	+28.9	0000	058.0	000.0	0003	0024	+00.14	02	00	0913	08
53	0011	27	07	13	44	00395	23.1	+28.9	0000	058.0	000.0	0005	0028	+00.17	02	00	0913	08
53	0012	27	07	13	44	00396	23.2	+28.9	0000	058.1	000.0	0007	0033	+00.18	02	00	0913	08
53	0013	27	07	13	44	00398	23.2	+28.9	0000	058.1	000.0	0008	0038	+00.19	02	00	0913	08
53	0014	27	07	13	44	00398	23.2	+28.9	0000	058.1	000.0	0009	0043	+00.19	02	00	0913	08
53	0015	27	07	13	44	00396	23.2	+28.9	0000	058.1	000.0	0009	0048	+00.17	02	00	0913	08
53	0016	27	07	13	44	00399	23.2	+28.9	0000	058.1	000.0	0010	0052	+00.16	02	00	0913	08
53	0017	27	07	13	45	00402	23.2	+28.9	0000	058.1	000.0	0011	0057	+00.17	02	00	0913	08
53	0018	27	07	13	45	00401	23.2	+28.9	0000	058.1	000.0	0012	0062	+00.17	02	00	0913	08
54	0001	27	07	13	46	00404	23.0	+28.9	0000	057.6	000.0	0000	0000	+00.00	02	00	0913	08
54	0002	27	07	13	46	00411	23.0	+28.9	0000	057.6	000.0	0000	0004	+00.00	02	00	0913	08
54	0003	27	07	13	46	00415	23.0	+28.9	0000	057.6	000.0	0000	0009	+00.00	02	00	0913	08
54	0004	27	07	13	46	00419	23.0	+28.9	0000	057.6	000.0	0014	0014	+00.86	02	00	0913	08
54	0005	27	07	13	47	00422	23.0	+28.9	0000	057.6	000.0	0017	0019	+00.79	02	00	0913	08
54	0006	27	07	13	47	00426	23.0	+28.9	0000	057.6	000.0	0021	0024	+00.76	02	00	0913	08
54	0007	27	07	13	47	00427	23.0	+28.9	0000	057.6	000.0	0022	0028	+00.68	02	00	0913	08
54	0008	27	07	13	47	00431	23.0	+28.9	0000	057.6	000.0	0025	0033	+00.65	02	00	0913	08
54	0009	27	07	13	47	00438	23.0	+28.9	0000	057.7	000.0	0030	0038	+00.68	02	00	0913	08
54	0010	27	07	13	47	00439	23.0	+28.9	0000	057.7	000.0	0033	0043	+00.67	02	00	0913	08
54	0011	27	07	13	47	00443	23.2	+28.9	0000	057.7	000.0	0037	0048	+00.67	02	00	0913	08
54	0012	27	07	13	48	00447	23.2	+28.9	0000	057.7	000.0	0040	0052	+00.66	02	00	0913	08
54	0013	27	07	13	48	00448	23.2	+28.9	0000	057.8	000.0	0043	0057	+00.65	02	00	0913	08
54	0014	27	07	13	48	00455	23.2	+29.0	0000	057.8	000.0	0047	0062	+00.66	02	00	0913	08
56	0001	27	07	13	56	00392	23.0	+28.9	0000	057.6	000.0	0000	0000	+00.00	02	00	0911	08
56	0002	27	07	13	56	00397	23.0	+28.9	0000	057.6	000.0	0000	0004	+00.00	02	00	0911	08
56	0003	27	07	13	56	00398	23.0	+28.9	0000	057.6	000.0	0000	0009	+00.00	02	00	0911	08
56	0004	27	07	13	57	00401	23.0	+28.9	0000	057.7	000.0	0008	0014	+00.50	02	00	0911	08
56	0005	27	07	13	57	00404	23.0	+28.9	0000	057.7	000.0	0010	0019	+00.48	02	00	0911	08
56	0006	27	07	13	57	00404	23.0	+28.9	0000	057.7	000.0	0011	0024	+00.41	02	00	0911	08
56	0007	27	07	13	57	00405	23.0	+28.9	0000	057.7	000.0	0012	0028	+00.37	02	00	0911	08
56	0008	27	07	13	57	00410	23.0	+28.9	0000	057.7	000.0	0015	0033	+00.40	02	00	0911	08
56	0009	27	07	13	57	00412	23.2	+28.9	0000	057.7	000.0	0017	0038	+00.40	02	00	0911	08
56	0010	27	07	13	57	00415	23.2	+29.0	0000	057.7	000.0	0020	0043	+00.41	02	00	0911	08
56	0011	27	07	13	58	00415	23.2	+28.9	0000	057.8	000.0	0022	0048	+00.40	02	00	0912	08
56	0012	27	07	13	58	00417	23.2	+29.0	0000	057.8	000.0	0023	0052	+00.39	02	00	0911	08
56	0013	27	07	13	58	00418	23.2	+28.9	0000	057.8	000.0	0025	0057	+00.38	02	00	0911	08
56	0014	27	07	13	58	00423	23.2	+29.0	0000	057.8	000.0	0028	0062	+00.39	02	00	0911	08
57	0001	27	07	13	59	00407	23.0	+29.0	0000	057.6	000.0	0000	0000	+00.00	02	00	0911	08
57	0002	27	07	14	00	00408	23.0	+29.0	0000	057.6	000.0	0000	0004	+00.00	02	00	0911	08
57	0003	27	07	14	00	00412	23.0	+29.0	0000	057.6	000.0	0000	0009	+00.00	02	00	0911	08
57	0004	27	07	14	00	00418	23.1	+29.0	0000	057.6	000.0	0010	0014	+00.63	02	00	0911	08
57	0005	27	07	14	00	00421	23.2	+29.0	0000	057.7	000.0	0015	0019	+00.69	02	00	0911	08
57	0006	27	07	14	00	00428	23.2	+29.0	0000	057.8	000.0	0021	0024	+00.77	02	00	0911	08
57	0007	27	07	14	00	00428	23.2	+29.0	0000	057.9	000.0	0023	0028	+00.72	02	00	0911	08
57	0008	27	07	14	00	00434	23.2	+29.0	0000	057.9	000.0	0028	0033	+00.74	02	00	0911	08
57	0009	27	07	14	01	00438	23.2	+29.0	0000	057.9	000.0	0032	0038	+00.73	02	00	0911	08
57	0010	27	07	14	01	00443	23.3	+29.0	0000	058.0	000.0	0037	0043	+00.74	02	00	0911	08
57	0011	27	07	14	01	00449	23.3	+29.0	0000	058.0	000.0	0042	0048	+00.76	02	00	0911	08
57	0012	27	07	14	01	00451	23.3	+29.0	0000	058.0	000.0	0046	0052	+00.76	02	00	0911	08
57	0013	27	07	14	01	00454	23.3	+29.0	0000	058.0	000.0	0050	0057	+00.75	02	00	0911	08
58	0001	27	07	14	03	00480	23.5	+29.0	0000	058.6	000.0	0000	0000	+00.00	02	00	0911	08
58	0002	27	07	14	03	00480	23.5	+29.0	0000	058.6	000.0	0000	0004	+00.00	02	00	0911	08
58	0003	27	07	14	04	00481	23.5	+29.0	0000	058.6	000.0	0000	0009	+00.00	02	00	0911	08
58	0004	27	07	14	04	00480	23.4	+29.0	0000	058.6	000.0	0001	0014	+00.06	02	00	0911	08
58	0005	27	07	14	04	00482	23.5	+29.0	0000	058.6	000.0	0002	0019	+00.09	02	00	0911	08
58	0006	27	07	14	04	00483	23.5	+29.0	0000	058.6	000.0	0003	0024	+00.11	02	00	0911	08
58	0007	27	07	14	04	00486	23.5	+29.0	0000	058.6	000.0	0005	0028	+00.15	02	00	0911	08
58	0008	27	07	14	04	00488	23.5	+29.0	0000	058.6	000.0	0007	0033	+00.19	02	00	0911	08
58	0009	27	07	14	05	00490	23.7	+29.0	0000	058.7	000.0	0009	0038	+00.22	02	00	0912	08
58	0010	27	07	14	05	00490	23.8	+29.0	0000	058.7	000.0	0011	0043	+00.23	02	00	0911	08
58	0011	27	07	14	05	00492	23.7	+29.0	0000	058.8	000.0	0013	0048	+00.24	02	00	0912	08
58	0012	27	07	14	05	00497	23.7	+29.0	0000	058.8	000.0	0016	0052	+00.26	02	00	0911	08
58	0013	27	07	14	05	00494	23.7	+29.0	0000	058.8	000.0	0017	0057	+00.26	02	00	0911	08
58	0014	27	07	14	05	00498	23.7	+29.0	0000	058.8	000.0	0019	0062	+00.27	02	00	0911	08
59	0010	27	07	14	11	00414	22.9	+29.0	0000	057.1	000.0	0000	0000	+00.00	02	00	0911	08
59	0011	27	07	14	11	00416	22.7	+29.0	0000	056.8	000.0	0000	0004	+00.00	02	00	0911	08
59	0012	27	07	14	11	00415	22.9	+29.0	0000	056.8	000.0	0000	0009	+00.00	02	00	0911	08
59	0013	27	07	14	12	00416	22.9	+29.0	0000	056.9	000.0	0001	0014	+00.08	02	00	0911	08
59	0014	27	07	14	12	00414	22.8	+29.0	0000	056.9	000.0	0000	0019	+00.00	02	00	0911	08
59	0015	27	07	14	12	00413	22.9	+29.0	0000	057.0	000.0	0001	0024	-00.06	02	01	0911	08
59	0016	27	07	14	12	00413	22.8	+29.0	0000	057.0	000.0	0002	0028	-00.06	02	01	0911	08
59	0017	27	07	14	12	00415	22.9	+29.0	0000	057.0	000.0	0001	0033	-00.03	02	01	0911	08
59	0018	27	07	14	12	00416	22.9	+29.0	0000	057.0	000.0	0000	0038	-00.00	02	01	0911	08
59	0019	27	07	14	12	00418	22.8	+29.0	0000	057.0	000.0	0001	0043	+00.02	02	00	0911	08
59	0020	27	07	14	13	00417	22.8	+29.0	0000	057.1	000.0	0002	0048	+00.04	02	00	0912	08
59	0021	27	07	14	13	00420	22.8	+29.0	0000	057.1	000.0	0003	0052	+00.06	02	00	0911	08
59	0022	27	07	14	13	00421	22.8	+29.0	0000	057.1	000.0	0005	0057	+00.08	02	00	0911	08
59	0023	27	07	14	13	00417	22.8	+29.0	0000	057.1	000.0	0005	0062	+00.07	02	00	0911	08
60	0001	27	07	14	14	00397	22.8	+28.9	0000	057.1	000.0	0000	0000	+00.00	02	00	0912	08
60	0002	27	07	14	14	00400	22.8	+28.9	0000	057.1	000.0	0000	0004	+00.00	02	00	0911	08
60	0003	27	07	14	15	00404	22.8	+28.9	0000	057.1	000.0	0000	0009	+00.00	02	00	0911	08
60	0004	27	07	14	15	00406	22.8	+28.9	0000	057.1	000.0	0008	0014	+00.53	02	00	0911	08
60	0005	27	07	14	15	00409	22.8	+28.9	0000	057.1	000.0	0011	0019	+00.50	02	00	0911	08
60	0006	27	07	14	15	00413	23.0	+28.9	0000	057.2	000.0	0015	0024	+00.55	02	00	0911	08
60	0007	27	07	14	15	00413	22.9	+28.9	0000	057.2	000.0	0016	0028	+00.49	02	00	0911	08
60	0008	27	07	14	15	00417	22.8	+28.9	0000	057.2	000.0	0018	0033	+00.49	02	00	0911	08
60	0009	27	07	14	15	00420	22.9	+28.9	0000	057.3	000.0	0021	0038	+00.49	02	00	0911	08
60	0010	27	07	14	16	00421	22.9	+28.9	0000	057.3	000.0	0024	0043	+00.48	02	00	0911	08
60	0011	27	07	14	16	00428	22.9	+28.9	0000	057.3	000.0	0028	0048	+00.51	02	00	0911	08
60	0012	27	07	14	16	00430	22.9	+28.9	0000	057.4	000.0	0031	0052	+00.52	02	00	0911	08
60	0013	27	07	14	16	00434	23.1	+28.9	0000	057.4	000.0	0035	0057	+00.53	02	00	0911	08
60	0014	27	07	14	16	00436	23.1	+28.9	0000	057.5	000.0	0038	0062	+00.54	02	00	0911	08
61	0001	27	07	14	17	00387	23.1	+28.8	0000	058.1	000.0	0000	0000	+00.00	02	00	0911	08
61	0002	27	07	14	17	00388	23.1	+28.8	0000	058.1	000.0	0000	0004	+00.00	02	00	0911	08
61	0003	27	07	14	18	00392	23.1	+28.8	0000	058.0	000.0	0000	0009	+00.00	02	00	0911	08
61	0004	27	07	14	18	00396	23.1	+28.8	0000	058.0	000.0	0009	0014	+00.56	02	00	0911	08
61	0005	27	07	14	18	00395	23.1	+28.8	0000	058.0	000.0	0009	0019	+00.43	02	00	0911	08
61	0006	27	07	14	18	00397	23.1	+28.8	0000	058.0	000.0	0010	0024	+00.39	02	00	0911	08
61	0007	27	07	14	18	00398	23.1	+28.8	0000	058.1	000.0	0011	0028	+00.35	02	00	0911	08
61	0008	27	07	14	18	00400	23.1	+28.8	0000	058.1	000.0	0013	0033	+00.34	02	00	0911	08
61	0009	27	07	14	19	00401	23.0	+28.8	0000	058.1	000.0	0014	0038	+00.32	02	00	0911	08
61	0010	27	07	14	19	00404	23.2	+28.8	0000	058.1	000.0	0016	0043	+00.33	02	00	0911	08
61	0011	27	07	14	19	00407	23.2	+28.8	0000	058.2	000.0	0018	0048	+00.33	02	00	0911	08
61	0012	27	07	14	19	00411	23.3	+28.8	0000	058.2	000.0	0021	0052	+00.35	02	00	0911	08
61	0013	27	07	14	19	00411	23.3	+28.8	0000	058.2	000.0	0023	0057	+00.35	02	00	0911	08
61	0014	27	07	14	19	00413	23.2	+28.8	0000	058.3	000.0	0025	0062	+00.36	02	00	0911	08
;Received 353 record(s)
