;EGM-4 Data
;SoftwareVersion=1.05
;Plot	RecNo	Day	Month	Hour	Min	CO2 Ref	mb Ref	mbR Temp	Input A	Input B	Input C	Input D	Input E	Input F	Input G	Input H	ATMP	Probe Type
62	0001	27	07	15	36	00409	20.2	+28.5	0000	052.0	000.0	0000	0000	+00.00	00	00	0912	08
62	0002	27	07	15	36	00412	20.4	+28.5	0000	052.1	000.0	0000	0004	+00.00	00	00	0912	08
62	0003	27	07	15	37	00414	20.2	+28.4	0000	052.1	000.0	0000	0009	+00.00	00	00	0912	08
62	0004	27	07	15	37	00417	20.4	+28.5	0000	052.1	000.0	0007	0014	+00.46	02	00	0912	08
62	0005	27	07	15	37	00417	20.4	+28.4	0000	052.2	000.0	0008	0019	+00.38	02	00	0912	08
62	0006	27	07	15	37	00421	20.4	+28.5	0000	052.2	000.0	0011	0024	+00.40	02	00	0912	08
62	0007	27	07	15	37	00423	20.4	+28.4	0000	052.3	000.0	0013	0028	+00.40	02	00	0912	08
62	0008	27	07	15	37	00424	20.4	+28.5	0000	052.3	000.0	0014	0033	+00.38	02	00	0912	08
62	0009	27	07	15	37	00430	20.4	+28.5	0000	052.3	000.0	0018	0038	+00.42	02	00	0912	08
62	0010	27	07	15	38	00431	20.4	+28.5	0000	052.3	000.0	0021	0043	+00.43	02	00	0912	08
62	0011	27	07	15	38	00433	20.4	+28.5	0000	052.4	000.0	0023	0048	+00.43	02	00	0912	08
62	0012	27	07	15	38	00437	20.4	+28.5	0000	052.4	000.0	0027	0052	+00.44	02	00	0912	08
62	0013	27	07	15	38	00436	20.4	+28.5	0000	052.4	000.0	0028	0057	+00.43	02	00	0912	08
62	0014	27	07	15	38	00439	20.4	+28.5	0000	052.4	000.0	0030	0062	+00.42	02	00	0912	08
63	0001	27	07	15	39	00416	20.6	+28.5	0000	053.0	000.0	0000	0000	+00.00	02	00	0912	08
63	0002	27	07	15	40	00415	20.6	+28.5	0000	053.0	000.0	0000	0004	+00.00	02	00	0912	08
63	0003	27	07	15	40	00422	20.6	+28.5	0000	053.0	000.0	0000	0009	+00.00	02	00	0912	08
63	0004	27	07	15	40	00425	20.6	+28.5	0000	053.0	000.0	0009	0014	+00.60	02	00	0912	08
63	0005	27	07	15	40	00429	20.6	+28.5	0000	053.0	000.0	0014	0019	+00.64	02	00	0912	08
63	0006	27	07	15	40	00433	20.6	+28.5	0000	053.0	000.0	0018	0024	+00.66	02	00	0912	08
63	0007	27	07	15	40	00438	20.7	+28.5	0000	053.0	000.0	0023	0028	+00.69	02	00	0912	08
63	0008	27	07	15	40	00435	20.6	+28.5	0000	053.0	000.0	0023	0033	+00.60	02	00	0912	08
63	0009	27	07	15	41	00441	20.8	+28.5	0000	053.1	000.0	0026	0038	+00.60	02	00	0912	08
63	0010	27	07	15	41	00446	20.8	+28.5	0000	053.1	000.0	0030	0043	+00.61	02	00	0912	08
63	0011	27	07	15	41	00449	20.9	+28.5	0000	053.2	000.0	0033	0048	+00.61	02	00	0912	08
63	0012	27	07	15	41	00449	20.9	+28.5	0000	053.2	000.0	0035	0052	+00.59	02	00	0912	08
63	0013	27	07	15	41	00451	20.8	+28.5	0000	053.2	000.0	0037	0057	+00.57	02	00	0912	08
63	0014	27	07	15	41	00455	21.0	+28.5	0000	053.3	000.0	0040	0062	+00.56	02	00	0912	08
64	0006	27	07	15	44	00408	20.8	+28.5	0000	053.5	000.0	0000	0000	+00.00	02	00	0912	08
64	0007	27	07	15	44	00408	21.1	+28.5	0000	053.9	000.0	0000	0004	+00.00	02	00	0912	08
64	0008	27	07	15	45	00410	21.0	+28.5	0000	054.0	000.0	0000	0009	+00.00	02	00	0912	08
64	0009	27	07	15	45	00406	21.0	+28.5	0000	054.0	000.0	0000	0014	-00.04	02	01	0912	08
64	0010	27	07	15	45	00410	21.1	+28.5	0000	054.0	000.0	0001	0019	+00.05	02	00	0912	08
64	0011	27	07	15	45	00408	21.0	+28.5	0000	054.0	000.0	0000	0024	+00.01	02	00	0912	08
64	0012	27	07	15	45	00411	21.1	+28.5	0000	054.0	000.0	0002	0028	+00.06	02	00	0912	08
64	0013	27	07	15	45	00411	21.1	+28.5	0000	054.0	000.0	0002	0033	+00.07	02	00	0912	08
64	0014	27	07	15	46	00410	21.3	+28.5	0000	054.1	000.0	0003	0038	+00.07	02	00	0912	08
64	0015	27	07	15	46	00412	21.3	+28.5	0000	054.1	000.0	0003	0043	+00.07	02	00	0911	08
64	0016	27	07	15	46	00413	21.3	+28.5	0000	054.2	000.0	0004	0048	+00.09	02	00	0912	08
64	0017	27	07	15	46	00413	21.3	+28.5	0000	054.2	000.0	0005	0052	+00.09	02	00	0912	08
64	0018	27	07	15	46	00415	21.3	+28.5	0000	054.2	000.0	0006	0057	+00.10	02	00	0912	08
64	0019	27	07	15	46	00418	21.3	+28.5	0000	054.3	000.0	0008	0062	+00.11	02	00	0912	08
65	0001	27	07	15	48	00410	21.1	+28.6	0000	054.0	000.0	0000	0000	+00.00	02	00	0911	08
65	0002	27	07	15	48	00409	21.1	+28.5	0000	054.0	000.0	0000	0004	+00.00	02	00	0911	08
65	0003	27	07	15	48	00410	21.1	+28.6	0000	054.0	000.0	0000	0009	+00.00	02	00	0912	08
65	0004	27	07	15	48	00415	21.1	+28.6	0000	054.0	000.0	0004	0014	+00.27	02	00	0911	08
65	0005	27	07	15	48	00413	21.1	+28.6	0000	054.0	000.0	0004	0019	+00.20	02	00	0912	08
65	0006	27	07	15	48	00414	21.1	+28.6	0000	054.0	000.0	0004	0024	+00.17	02	00	0911	08
65	0007	27	07	15	48	00415	21.1	+28.6	0000	054.0	000.0	0005	0028	+00.17	02	00	0911	08
65	0008	27	07	15	49	00418	21.1	+28.6	0000	054.0	000.0	0007	0033	+00.19	02	00	0911	08
65	0009	27	07	15	49	00417	21.1	+28.6	0000	054.0	000.0	0008	0038	+00.18	02	00	0911	08
65	0010	27	07	15	49	00417	21.1	+28.6	0000	054.0	000.0	0008	0043	+00.16	02	00	0911	08
65	0011	27	07	15	49	00420	21.1	+28.6	0000	054.0	000.0	0009	0048	+00.17	02	00	0911	08
65	0012	27	07	15	49	00421	21.1	+28.6	0000	054.0	000.0	0011	0052	+00.18	02	00	0911	08
65	0013	27	07	15	49	00420	21.1	+28.6	0000	054.0	000.0	0011	0057	+00.17	02	00	0912	08
65	0014	27	07	15	50	00424	21.1	+28.6	0000	054.0	000.0	0013	0062	+00.18	02	00	0911	08
66	0001	27	07	15	51	00414	21.0	+28.6	0000	053.5	000.0	0000	0000	+00.00	02	00	0912	08
66	0002	27	07	15	52	00416	21.0	+28.6	0000	053.5	000.0	0000	0004	+00.00	02	00	0912	08
66	0003	27	07	15	52	00423	21.0	+28.6	0000	053.5	000.0	0000	0009	+00.00	02	00	0911	08
66	0004	27	07	15	52	00426	21.0	+28.6	0000	053.5	000.0	0012	0014	+00.77	02	00	0912	08
66	0005	27	07	15	52	00429	21.0	+28.6	0000	053.5	000.0	0016	0019	+00.73	02	00	0911	08
66	0006	27	07	15	52	00433	21.0	+28.6	0000	053.5	000.0	0019	0024	+00.72	02	00	0911	08
66	0007	27	07	15	52	00436	21.0	+28.6	0000	053.5	000.0	0023	0028	+00.70	02	00	0912	08
66	0008	27	07	15	52	00440	21.0	+28.6	0000	053.5	000.0	0026	0033	+00.68	02	00	0911	08
66	0009	27	07	15	53	00445	21.0	+28.6	0000	053.5	000.0	0030	0038	+00.69	02	00	0912	08
66	0010	27	07	15	53	00449	21.0	+28.6	0000	053.5	000.0	0034	0043	+00.69	02	00	0912	08
66	0011	27	07	15	53	00450	21.2	+28.6	0000	053.6	000.0	0037	0048	+00.68	02	00	0911	08
66	0012	27	07	15	53	00453	21.2	+28.6	0000	053.6	000.0	0040	0052	+00.66	02	00	0911	08
66	0013	27	07	15	53	00454	21.2	+28.6	0000	053.6	000.0	0042	0057	+00.63	02	00	0911	08
66	0014	27	07	15	53	00460	21.3	+28.7	0000	053.7	000.0	0045	0062	+00.63	02	00	0911	08
67	0001	27	07	15	55	00426	20.9	+28.7	0000	053.0	000.0	0000	0000	+00.00	02	00	0911	08
67	0002	27	07	15	55	00428	20.9	+28.7	0000	053.0	000.0	0000	0004	+00.00	02	00	0912	08
67	0003	27	07	15	55	00431	20.9	+28.7	0000	053.0	000.0	0000	0009	+00.00	02	00	0912	08
67	0004	27	07	15	55	00433	20.8	+28.6	0000	053.0	000.0	0007	0014	+00.44	02	00	0912	08
67	0005	27	07	15	55	00435	20.9	+28.7	0000	053.0	000.0	0009	0019	+00.41	02	00	0911	08
67	0006	27	07	15	55	00441	20.9	+28.7	0000	053.0	000.0	0014	0024	+00.51	02	00	0912	08
67	0007	27	07	15	56	00445	20.8	+28.6	0000	053.0	000.0	0019	0028	+00.57	02	00	0911	08
67	0008	27	07	15	56	00446	20.8	+28.6	0000	053.0	000.0	0021	0033	+00.56	02	00	0911	08
67	0009	27	07	15	56	00450	20.9	+28.7	0000	053.0	000.0	0025	0038	+00.57	02	00	0912	08
67	0010	27	07	15	56	00450	20.9	+28.7	0000	053.0	000.0	0027	0043	+00.54	02	00	0912	08
67	0011	27	07	15	56	00454	20.9	+28.7	0000	053.0	000.0	0029	0048	+00.53	02	00	0911	08
67	0012	27	07	15	56	00453	20.8	+28.6	0000	053.0	000.0	0030	0052	+00.50	02	00	0911	08
67	0013	27	07	15	57	00455	20.8	+28.6	0000	053.1	000.0	0031	0057	+00.47	02	00	0911	08
67	0014	27	07	15	57	00460	21.0	+28.6	0000	053.1	000.0	0034	0062	+00.47	02	00	0911	08
68	0001	27	07	16	00	00388	20.4	+28.6	0000	052.0	000.0	0000	0000	+00.00	02	00	0912	08
68	0002	27	07	16	00	00387	20.5	+28.7	0000	052.0	000.0	0000	0004	+00.00	02	00	0912	08
68	0003	27	07	16	00	00385	20.4	+28.6	0000	052.0	000.0	0000	0009	+00.00	02	00	0912	08
68	0004	27	07	16	00	00389	20.5	+28.7	0000	052.0	000.0	0000	0014	+00.01	02	00	0912	08
68	0005	27	07	16	00	00388	20.4	+28.6	0000	052.0	000.0	0000	0019	+00.04	02	00	0912	08
68	0006	27	07	16	01	00390	20.4	+28.6	0000	052.0	000.0	0002	0024	+00.08	02	00	0912	08
68	0007	27	07	16	01	00391	20.4	+28.6	0000	052.0	000.0	0004	0028	+00.12	02	00	0912	08
68	0008	27	07	16	01	00390	20.4	+28.6	0000	052.0	000.0	0004	0033	+00.10	02	00	0912	08
68	0009	27	07	16	01	00392	20.4	+28.6	0000	052.0	000.0	0005	0038	+00.11	02	00	0912	08
68	0010	27	07	16	01	00389	20.4	+28.6	0000	052.0	000.0	0004	0043	+00.08	02	00	0912	08
68	0011	27	07	16	01	00392	20.6	+28.6	0000	052.0	000.0	0005	0048	+00.09	02	00	0912	08
68	0012	27	07	16	01	00395	20.6	+28.6	0000	052.1	000.0	0006	0052	+00.10	02	00	0912	08
68	0013	27	07	16	02	00398	20.6	+28.6	0000	052.1	000.0	0008	0057	+00.13	02	00	0912	08
68	0014	27	07	16	02	00396	20.6	+28.6	0000	052.1	000.0	0009	0062	+00.13	02	00	0912	08
69	0001	27	07	16	03	00394	20.4	+28.6	0000	052.0	000.0	0000	0000	+00.00	02	00	0912	08
69	0002	27	07	16	03	00398	20.4	+28.6	0000	052.0	000.0	0000	0004	+00.00	02	00	0912	08
69	0003	27	07	16	03	00403	20.6	+28.6	0000	052.1	000.0	0000	0009	+00.00	02	00	0912	08
69	0004	27	07	16	03	00403	20.4	+28.6	0000	052.1	000.0	0009	0014	+00.56	02	00	0912	08
69	0005	27	07	16	03	00408	20.4	+28.6	0000	052.1	000.0	0013	0019	+00.60	02	00	0912	08
69	0006	27	07	16	04	00414	20.6	+28.6	0000	052.2	000.0	0018	0024	+00.68	02	00	0912	08
69	0007	27	07	16	04	00417	20.6	+28.6	0000	052.2	000.0	0022	0028	+00.69	02	00	0912	08
69	0008	27	07	16	04	00418	20.6	+28.6	0000	052.2	000.0	0025	0033	+00.65	02	00	0912	08
69	0009	27	07	16	04	00423	20.6	+28.6	0000	052.3	000.0	0029	0038	+00.66	02	00	0912	08
69	0010	27	07	16	04	00423	20.6	+28.6	0000	052.3	000.0	0030	0043	+00.62	02	00	0912	08
69	0011	27	07	16	04	00428	20.5	+28.6	0000	052.3	000.0	0034	0048	+00.61	02	00	0912	08
69	0012	27	07	16	04	00429	20.5	+28.6	0000	052.4	000.0	0036	0052	+00.59	02	00	0912	08
69	0013	27	07	16	05	00432	20.7	+28.6	0000	052.4	000.0	0038	0057	+00.58	02	00	0912	08
69	0014	27	07	16	05	00431	20.6	+28.6	0000	052.4	000.0	0039	0062	+00.54	02	00	0912	08
70	0001	27	07	16	06	00392	20.2	+28.5	0000	052.0	000.0	0000	0000	+00.00	02	00	0912	08
70	0002	27	07	16	06	00397	20.3	+28.5	0000	052.0	000.0	0000	0004	+00.00	02	00	0912	08
70	0003	27	07	16	06	00399	20.3	+28.5	0000	052.0	000.0	0000	0009	+00.00	02	00	0912	08
70	0004	27	07	16	07	00406	20.2	+28.5	0000	052.0	000.0	0012	0014	+00.77	02	00	0912	08
70	0005	27	07	16	07	00409	20.2	+28.5	0000	052.0	000.0	0016	0019	+00.76	02	00	0912	08
70	0006	27	07	16	07	00413	20.2	+28.5	0000	052.0	000.0	0020	0024	+00.75	02	00	0912	08
70	0007	27	07	16	07	00418	20.2	+28.5	0000	052.0	000.0	0025	0028	+00.76	02	00	0912	08
70	0008	27	07	16	07	00423	20.2	+28.5	0000	052.0	000.0	0030	0033	+00.77	02	00	0912	08
70	0009	27	07	16	07	00428	20.4	+28.5	0000	052.1	000.0	0034	0038	+00.79	02	00	0912	08
70	0010	27	07	16	07	00431	20.4	+28.5	0000	052.1	000.0	0039	0043	+00.78	02	00	0912	08
70	0011	27	07	16	08	00438	20.4	+28.4	0000	052.1	000.0	0044	0048	+00.81	02	00	0912	08
70	0012	27	07	16	08	00443	20.6	+28.5	0000	052.2	000.0	0050	0052	+00.82	02	00	0912	08
71	0001	27	07	16	09	00391	20.3	+28.5	0000	052.0	000.0	0000	0000	+00.00	02	00	0912	08
71	0002	27	07	16	09	00394	20.2	+28.5	0000	052.0	000.0	0000	0004	+00.00	02	00	0912	08
71	0003	27	07	16	09	00394	20.3	+28.5	0000	052.0	000.0	0000	0009	+00.00	02	00	0912	08
71	0004	27	07	16	10	00399	20.1	+28.5	0000	051.9	000.0	0006	0014	+00.39	02	00	0912	08
71	0005	27	07	16	10	00398	20.1	+28.5	0000	051.8	000.0	0007	0019	+00.31	02	00	0912	08
71	0006	27	07	16	10	00399	20.0	+28.5	0000	051.8	000.0	0007	0024	+00.27	02	00	0912	08
71	0007	27	07	16	10	00398	20.1	+28.5	0000	051.7	000.0	0007	0028	+00.21	02	00	0912	08
71	0008	27	07	16	10	00403	20.1	+28.5	0000	051.7	000.0	0009	0033	+00.25	02	00	0912	08
71	0009	27	07	16	10	00403	20.1	+28.5	0000	051.7	000.0	0010	0038	+00.24	02	00	0912	08
71	0010	27	07	16	10	00403	20.1	+28.5	0000	051.6	000.0	0011	0043	+00.23	02	00	0912	08
71	0011	27	07	16	11	00406	19.9	+28.5	0000	051.6	000.0	0013	0048	+00.24	02	00	0912	08
71	0012	27	07	16	11	00406	19.9	+28.6	0000	051.5	000.0	0014	0052	+00.23	02	00	0912	08
71	0013	27	07	16	11	00407	19.9	+28.5	0000	051.5	000.0	0015	0057	+00.22	02	00	0912	08
71	0014	27	07	16	11	00411	19.9	+28.6	0000	051.5	000.0	0017	0062	+00.23	02	00	0912	08
72	0001	27	07	16	13	00409	20.0	+28.6	0000	051.0	000.0	0000	0000	+00.00	02	00	0912	08
72	0002	27	07	16	13	00419	20.0	+28.6	0000	050.8	000.0	0000	0004	+00.00	02	00	0912	08
72	0003	27	07	16	13	00429	19.8	+28.6	0000	050.8	000.0	0000	0009	+00.00	02	00	0912	08
72	0004	27	07	16	13	00443	19.8	+28.6	0000	050.7	000.0	0033	0014	+02.04	02	00	0912	08
72	0005	27	07	16	13	00452	20.0	+28.6	0000	050.7	000.0	0044	0019	+02.00	02	00	0912	08
72	0006	27	07	16	14	00462	19.8	+28.6	0000	050.7	000.0	0054	0024	+01.96	02	00	0912	08
73	0001	27	07	16	16	00401	20.0	+28.6	0000	051.0	000.0	0000	0000	+00.00	02	00	0912	08
73	0002	27	07	16	16	00405	20.0	+28.6	0000	051.0	000.0	0000	0004	+00.00	02	00	0912	08
73	0003	27	07	16	16	00405	20.0	+28.6	0000	051.0	000.0	0000	0009	+00.00	02	00	0912	08
73	0004	27	07	16	16	00410	20.0	+28.6	0000	051.0	000.0	0007	0014	+00.47	02	00	0912	08
73	0005	27	07	16	16	00415	19.9	+28.6	0000	051.0	000.0	0012	0019	+00.58	02	00	0912	08
73	0006	27	07	16	16	00419	20.1	+28.6	0000	051.0	000.0	0017	0024	+00.65	02	00	0912	08
73	0007	27	07	16	17	00426	20.1	+28.6	0000	051.1	000.0	0024	0028	+00.73	02	00	0912	08
73	0008	27	07	16	17	00427	20.1	+28.6	0000	051.1	000.0	0028	0033	+00.73	02	00	0912	08
73	0009	27	07	16	17	00433	20.2	+28.6	0000	051.2	000.0	0033	0038	+00.75	02	00	0912	08
73	0010	27	07	16	17	00439	20.2	+28.6	0000	051.2	000.0	0038	0043	+00.77	02	00	0912	08
73	0011	27	07	16	17	00440	20.2	+28.6	0000	051.2	000.0	0041	0048	+00.76	02	00	0912	08
73	0012	27	07	16	17	00447	20.3	+28.6	0000	051.3	000.0	0046	0052	+00.77	02	00	0912	08
73	0013	27	07	16	17	00450	20.4	+28.6	0000	051.3	000.0	0051	0057	+00.77	02	00	0912	08
74	0001	27	07	16	21	00393	20.2	+28.4	0000	052.0	000.0	0000	0000	+00.00	02	00	0913	08
74	0002	27	07	16	21	00391	20.1	+28.4	0000	052.0	000.0	0000	0004	+00.00	02	00	0913	08
74	0003	27	07	16	21	00392	20.1	+28.4	0000	052.0	000.0	0000	0009	+00.00	02	00	0913	08
74	0004	27	07	16	21	00394	20.1	+28.4	0000	052.0	000.0	0000	0014	+00.05	02	00	0913	08
74	0005	27	07	16	21	00394	20.1	+28.4	0000	052.0	000.0	0001	0019	+00.07	02	00	0912	08
74	0006	27	07	16	22	00395	20.1	+28.4	0000	052.0	000.0	0002	0024	+00.10	02	00	0913	08
74	0007	27	07	16	22	00393	20.1	+28.4	0000	052.0	000.0	0002	0028	+00.06	02	00	0913	08
74	0008	27	07	16	22	00393	20.1	+28.4	0000	052.0	000.0	0001	0033	+00.03	02	00	0912	08
74	0009	27	07	16	22	00395	20.1	+28.4	0000	052.0	000.0	0002	0038	+00.05	02	00	0913	08
74	0010	27	07	16	22	00398	20.1	+28.4	0000	052.0	000.0	0003	0043	+00.07	02	00	0913	08
74	0011	27	07	16	22	00398	20.1	+28.4	0000	052.0	000.0	0005	0048	+00.09	02	00	0913	08
74	0012	27	07	16	22	00399	20.1	+28.4	0000	052.0	000.0	0006	0052	+00.10	02	00	0912	08
74	0013	27	07	16	23	00401	20.1	+28.4	0000	052.0	000.0	0007	0057	+00.11	02	00	0913	08
74	0014	27	07	16	23	00401	20.3	+28.4	0000	052.0	000.0	0008	0062	+00.12	02	00	0913	08
75	0001	27	07	16	24	00407	20.2	+28.3	0000	052.5	000.0	0000	0000	+00.00	02	00	0913	08
75	0002	27	07	16	24	00411	20.3	+28.4	0000	052.5	000.0	0000	0004	+00.00	02	00	0913	08
75	0003	27	07	16	24	00416	20.2	+28.3	0000	052.5	000.0	0000	0009	+00.00	02	00	0913	08
75	0004	27	07	16	24	00426	20.2	+28.3	0000	052.5	000.0	0019	0014	+01.15	02	00	0913	08
75	0005	27	07	16	25	00433	20.2	+28.3	0000	052.5	000.0	0027	0019	+01.23	02	00	0913	08
75	0006	27	07	16	25	00441	20.2	+28.3	0000	052.5	000.0	0035	0024	+01.28	02	00	0913	08
75	0007	27	07	16	25	00448	20.2	+28.3	0000	052.5	000.0	0043	0028	+01.30	02	00	0913	08
75	0008	27	07	16	25	00454	20.4	+28.3	0000	052.6	000.0	0050	0033	+01.30	02	00	0913	08
76	0001	27	07	16	27	00387	20.2	+28.3	0000	052.5	000.0	0000	0000	+00.00	02	00	0913	08
76	0002	27	07	16	27	00389	20.1	+28.2	0000	052.5	000.0	0000	0004	+00.00	02	00	0913	08
76	0003	27	07	16	27	00388	19.9	+28.2	0000	052.4	000.0	0000	0009	+00.00	02	00	0912	08
76	0004	27	07	16	28	00390	20.1	+28.2	0000	052.4	000.0	0001	0014	+00.11	02	00	0913	08
76	0005	27	07	16	28	00391	20.1	+28.2	0000	052.4	000.0	0003	0019	+00.15	02	00	0913	08
76	0006	27	07	16	28	00396	20.1	+28.2	0000	052.4	000.0	0007	0024	+00.26	02	00	0913	08
76	0007	27	07	16	28	00398	20.1	+28.2	0000	052.5	000.0	0010	0028	+00.31	02	00	0913	08
76	0008	27	07	16	28	00399	20.1	+28.2	0000	052.5	000.0	0012	0033	+00.31	02	00	0913	08
76	0009	27	07	16	28	00400	20.3	+28.2	0000	052.5	000.0	0013	0038	+00.31	02	00	0913	08
76	0010	27	07	16	28	00401	20.3	+28.2	0000	052.6	000.0	0015	0043	+00.30	02	00	0913	08
76	0011	27	07	16	29	00402	20.3	+28.2	0000	052.6	000.0	0016	0048	+00.30	02	00	0913	08
76	0012	27	07	16	29	00405	20.3	+28.2	0000	052.7	000.0	0018	0052	+00.30	02	00	0913	08
76	0013	27	07	16	29	00406	20.3	+28.2	0000	052.7	000.0	0019	0057	+00.29	02	00	0913	08
76	0014	27	07	16	29	00409	20.3	+28.2	0000	052.7	000.0	0021	0062	+00.30	02	00	0913	08
77	0001	27	07	16	31	00377	20.1	+28.2	0000	052.5	000.0	0000	0000	+00.00	02	00	0913	08
77	0002	27	07	16	31	00379	19.9	+28.2	0000	052.1	000.0	0000	0004	+00.00	02	00	0913	08
77	0003	27	07	16	31	00379	19.8	+28.2	0000	052.0	000.0	0000	0009	+00.00	02	00	0913	08
77	0004	27	07	16	31	00377	19.9	+28.2	0000	052.0	000.0	0000	0014	-00.04	02	01	0913	08
77	0005	27	07	16	31	00380	19.8	+28.2	0000	052.0	000.0	0000	0019	+00.04	02	00	0913	08
77	0006	27	07	16	31	00381	19.9	+28.2	0000	052.0	000.0	0002	0024	+00.10	02	00	0913	08
77	0007	27	07	16	32	00380	19.8	+28.2	0000	052.0	000.0	0002	0028	+00.08	02	00	0913	08
77	0008	27	07	16	32	00384	19.8	+28.2	0000	052.0	000.0	0005	0033	+00.13	02	00	0913	08
77	0009	27	07	16	32	00382	19.8	+28.2	0000	052.0	000.0	0005	0038	+00.12	02	00	0913	08
77	0010	27	07	16	32	00385	19.8	+28.2	0000	052.0	000.0	0007	0043	+00.14	02	00	0913	08
77	0011	27	07	16	32	00385	19.8	+28.2	0000	052.0	000.0	0008	0048	+00.14	02	00	0913	08
77	0012	27	07	16	32	00387	19.8	+28.2	0000	052.0	000.0	0009	0052	+00.15	02	00	0913	08
77	0013	27	07	16	32	00387	20.0	+28.2	0000	052.0	000.0	0010	0057	+00.15	02	00	0913	08
77	0014	27	07	16	33	00389	19.8	+28.1	0000	052.0	000.0	0011	0062	+00.16	02	00	0913	08
79	0001	27	07	16	37	00399	19.5	+27.9	0000	051.9	000.0	0000	0000	+00.00	02	00	0913	08
79	0002	27	07	16	37	00403	19.8	+28.0	0000	052.3	000.0	0000	0004	+00.00	02	00	0913	08
79	0003	27	07	16	37	00411	19.7	+27.9	0000	052.4	000.0	0000	0009	+00.00	02	00	0913	08
79	0004	27	07	16	37	00419	19.7	+27.9	0000	052.4	000.0	0021	0014	+01.28	02	00	0913	08
79	0005	27	07	16	37	00427	19.9	+27.9	0000	052.4	000.0	0028	0019	+01.31	02	00	0913	08
79	0006	27	07	16	38	00436	19.9	+27.9	0000	052.5	000.0	0037	0024	+01.36	02	00	0913	08
79	0007	27	07	16	38	00441	19.9	+27.9	0000	052.6	000.0	0044	0028	+01.33	02	00	0913	08
79	0008	27	07	16	38	00450	20.1	+27.9	0000	052.7	000.0	0051	0033	+01.34	02	00	0913	08
80	0001	27	07	16	41	00383	20.2	+27.8	0000	053.9	000.0	0000	0000	+00.00	02	00	0913	08
80	0002	27	07	16	41	00382	20.2	+27.8	0000	053.9	000.0	0000	0004	+00.00	02	00	0913	08
80	0003	27	07	16	41	00380	20.2	+27.8	0000	053.9	000.0	0000	0009	+00.00	02	00	0913	08
80	0004	27	07	16	42	00380	20.2	+27.8	0000	053.9	000.0	0003	0014	-00.19	02	01	0913	08
80	0005	27	07	16	42	00382	20.2	+27.8	0000	053.9	000.0	0001	0019	-00.07	02	01	0913	08
80	0006	27	07	16	42	00383	20.2	+27.8	0000	053.9	000.0	0000	0024	-00.00	02	01	0913	08
80	0007	27	07	16	42	00387	20.2	+27.8	0000	053.9	000.0	0003	0028	+00.11	02	00	0913	08
80	0008	27	07	16	42	00387	20.2	+27.8	0000	053.9	000.0	0005	0033	+00.15	02	00	0913	08
80	0009	27	07	16	42	00389	20.4	+27.8	0000	054.0	000.0	0007	0038	+00.18	02	00	0913	08
80	0010	27	07	16	42	00391	20.4	+27.8	0000	054.0	000.0	0009	0043	+00.19	02	00	0913	08
80	0011	27	07	16	43	00392	20.2	+27.8	0000	054.0	000.0	0011	0048	+00.21	02	00	0913	08
80	0012	27	07	16	43	00392	20.2	+27.8	0000	054.0	000.0	0012	0052	+00.21	02	00	0913	08
80	0013	27	07	16	43	00393	20.2	+27.8	0000	054.0	000.0	0013	0057	+00.21	02	00	0913	08
80	0014	27	07	16	43	00394	20.4	+27.8	0000	054.0	000.0	0015	0062	+00.21	02	00	0913	08
81	0001	27	07	16	44	00378	20.3	+27.9	0000	054.0	000.0	0000	0000	+00.00	02	00	0913	08
81	0002	27	07	16	45	00385	20.3	+27.9	0000	054.0	000.0	0000	0004	+00.00	02	00	0913	08
81	0003	27	07	16	45	00388	20.3	+27.9	0000	054.0	000.0	0000	0009	+00.00	02	00	0913	08
81	0004	27	07	16	45	00395	20.3	+27.9	0000	054.0	000.0	0016	0014	+00.99	02	00	0913	08
81	0005	27	07	16	45	00397	20.3	+27.9	0000	054.0	000.0	0019	0019	+00.87	02	00	0913	08
81	0006	27	07	16	45	00401	20.3	+27.9	0000	054.0	000.0	0022	0024	+00.81	02	00	0913	08
81	0007	27	07	16	45	00410	20.3	+27.9	0000	054.0	000.0	0028	0028	+00.87	02	00	0913	08
81	0008	27	07	16	45	00413	20.3	+27.9	0000	054.0	000.0	0033	0033	+00.87	02	00	0913	08
81	0009	27	07	16	46	00421	20.3	+27.9	0000	054.0	000.0	0040	0038	+00.91	02	00	0913	08
81	0010	27	07	16	46	00426	20.3	+27.9	0000	054.0	000.0	0046	0043	+00.93	02	00	0913	08
81	0011	27	07	16	46	00427	20.3	+27.9	0000	054.0	000.0	0050	0048	+00.91	02	00	0913	08
82	0001	27	07	16	47	00442	20.4	+28.0	0000	054.0	000.0	0000	0000	+00.00	02	00	0913	08
82	0002	27	07	16	47	00448	20.4	+28.0	0000	054.0	000.0	0000	0004	+00.00	02	00	0913	08
82	0003	27	07	16	48	00458	20.4	+28.0	0000	054.0	000.0	0000	0009	+00.00	02	00	0913	08
82	0004	27	07	16	48	00464	20.3	+27.9	0000	054.0	000.0	0022	0014	+01.35	02	00	0913	08
82	0005	27	07	16	48	00469	20.4	+28.0	0000	054.0	000.0	0028	0019	+01.27	02	00	0913	08
82	0006	27	07	16	48	00480	20.4	+28.0	0000	054.0	000.0	0036	0024	+01.33	02	00	0913	08
82	0007	27	07	16	48	00485	20.4	+28.0	0000	054.0	000.0	0043	0028	+01.32	02	00	0913	08
82	0008	27	07	16	48	00495	20.4	+28.0	0000	054.0	000.0	0052	0033	+01.35	02	00	0913	08
83	0001	27	07	16	55	00374	20.5	+28.2	0000	053.5	000.0	0000	0000	+00.00	02	00	0913	08
83	0002	27	07	16	55	00375	20.4	+28.2	0000	053.5	000.0	0000	0004	+00.00	02	00	0914	08
83	0003	27	07	16	55	00374	20.5	+28.2	0000	053.6	000.0	0000	0009	+00.00	02	00	0913	08
83	0004	27	07	16	55	00374	20.5	+28.2	0000	053.5	000.0	0000	0014	-00.01	02	01	0913	08
83	0005	27	07	16	55	00375	20.5	+28.2	0000	053.5	000.0	0000	0019	+00.01	02	00	0913	08
83	0006	27	07	16	56	00376	20.5	+28.2	0000	053.5	000.0	0001	0024	+00.06	02	00	0913	08
83	0007	27	07	16	56	00377	20.5	+28.2	0000	053.5	000.0	0002	0028	+00.08	02	00	0913	08
83	0008	27	07	16	56	00380	20.5	+28.2	0000	053.5	000.0	0004	0033	+00.12	02	00	0913	08
83	0009	27	07	16	56	00377	20.5	+28.2	0000	053.5	000.0	0004	0038	+00.10	02	00	0913	08
83	0010	27	07	16	56	00379	20.5	+28.2	0000	053.5	000.0	0005	0043	+00.10	02	00	0913	08
83	0011	27	07	16	56	00381	20.5	+28.2	0000	053.5	000.0	0006	0048	+00.12	02	00	0913	08
83	0012	27	07	16	57	00381	20.5	+28.2	0000	053.5	000.0	0007	0052	+00.12	02	00	0913	08
83	0013	27	07	16	57	00385	20.5	+28.2	0000	053.5	000.0	0009	0057	+00.14	02	00	0913	08
83	0014	27	07	16	57	00385	20.5	+28.2	0000	053.5	000.0	0011	0062	+00.15	02	00	0913	08
84	0001	27	07	16	58	00377	20.6	+28.3	0000	053.5	000.0	0000	0000	+00.00	02	00	0913	08
84	0002	27	07	16	58	00380	20.6	+28.3	0000	053.5	000.0	0000	0004	+00.00	02	00	0913	08
84	0003	27	07	16	58	00383	20.6	+28.3	0000	053.6	000.0	0000	0009	+00.00	02	00	0913	08
84	0004	27	07	16	58	00390	20.6	+28.3	0000	053.6	000.0	0012	0014	+00.75	02	00	0913	08
84	0005	27	07	16	59	00390	20.8	+28.3	0000	053.6	000.0	0014	0019	+00.64	02	00	0913	08
84	0006	27	07	16	59	00395	20.8	+28.3	0000	053.7	000.0	0018	0024	+00.66	02	00	0913	08
84	0007	27	07	16	59	00400	20.8	+28.3	0000	053.7	000.0	0022	0028	+00.68	02	00	0913	08
84	0008	27	07	16	59	00400	20.8	+28.3	0000	053.8	000.0	0024	0033	+00.64	02	00	0913	08
84	0009	27	07	16	59	00406	20.8	+28.3	0000	053.8	000.0	0028	0038	+00.64	02	00	0913	08
84	0010	27	07	16	59	00407	20.8	+28.3	0000	053.8	000.0	0031	0043	+00.62	02	00	0913	08
84	0011	27	07	16	59	00414	20.6	+28.3	0000	053.8	000.0	0035	0048	+00.64	02	00	0913	08
84	0012	27	07	17	00	00416	20.6	+28.3	0000	053.8	000.0	0039	0052	+00.64	02	00	0913	08
84	0013	27	07	17	00	00420	20.8	+28.3	0000	053.8	000.0	0042	0057	+00.64	02	00	0913	08
84	0014	27	07	17	00	00425	20.8	+28.3	0000	053.8	000.0	0046	0062	+00.65	02	00	0913	08
85	0001	27	07	17	01	00371	20.7	+28.4	0000	053.5	000.0	0000	0000	+00.00	02	00	0913	08
85	0002	27	07	17	01	00371	20.7	+28.4	0000	053.5	000.0	0000	0004	+00.00	02	00	0914	08
85	0003	27	07	17	02	00374	20.5	+28.4	0000	053.3	000.0	0000	0009	+00.00	02	00	0913	08
85	0004	27	07	17	02	00376	20.7	+28.4	0000	053.3	000.0	0005	0014	+00.31	02	00	0913	08
85	0005	27	07	17	02	00377	20.7	+28.4	0000	053.3	000.0	0006	0019	+00.31	02	00	0913	08
85	0006	27	07	17	02	00380	20.7	+28.4	0000	053.3	000.0	0009	0024	+00.32	02	00	0913	08
85	0007	27	07	17	02	00380	20.5	+28.4	0000	053.3	000.0	0010	0028	+00.31	02	00	0913	08
85	0008	27	07	17	02	00381	20.7	+28.4	0000	053.3	000.0	0011	0033	+00.29	02	00	0913	08
85	0009	27	07	17	03	00383	20.7	+28.4	0000	053.4	000.0	0012	0038	+00.28	02	00	0913	08
85	0010	27	07	17	03	00383	20.7	+28.4	0000	053.4	000.0	0013	0043	+00.27	02	00	0913	08
85	0011	27	07	17	03	00387	20.7	+28.4	0000	053.4	000.0	0015	0048	+00.27	02	00	0913	08
85	0012	27	07	17	03	00387	20.7	+28.4	0000	053.4	000.0	0016	0052	+00.27	02	00	0913	08
85	0013	27	07	17	03	00389	20.7	+28.4	0000	053.4	000.0	0018	0057	+00.27	02	00	0913	08
85	0014	27	07	17	03	00391	20.7	+28.4	0000	053.4	000.0	0020	0062	+00.27	02	00	0913	08
86	0001	27	07	17	09	00404	20.7	+28.2	0000	054.0	000.0	0000	0000	+00.00	02	00	0911	08
86	0002	27	07	17	09	00405	20.7	+28.2	0000	054.0	000.0	0000	0004	+00.00	02	00	0911	08
86	0003	27	07	17	10	00404	20.7	+28.2	0000	054.0	000.0	0000	0009	+00.00	02	00	0911	08
86	0004	27	07	17	10	00409	20.6	+28.2	0000	054.0	000.0	0003	0014	+00.23	02	00	0911	08
86	0005	27	07	17	10	00409	20.6	+28.2	0000	054.0	000.0	0005	0019	+00.26	02	00	0911	08
86	0006	27	07	17	10	00410	20.6	+28.2	0000	054.0	000.0	0006	0024	+00.25	02	00	0911	08
86	0007	27	07	17	10	00412	20.6	+28.2	0000	054.0	000.0	0008	0028	+00.25	02	00	0911	08
86	0008	27	07	17	10	00413	20.6	+28.1	0000	054.0	000.0	0009	0033	+00.24	02	00	0912	08
86	0009	27	07	17	10	00416	20.7	+28.1	0000	054.0	000.0	0011	0038	+00.26	02	00	0911	08
86	0010	27	07	17	11	00415	20.6	+28.1	0000	054.0	000.0	0012	0043	+00.25	02	00	0911	08
86	0011	27	07	17	11	00417	20.7	+28.1	0000	054.0	000.0	0013	0048	+00.24	02	00	0911	08
86	0012	27	07	17	11	00418	20.7	+28.1	0000	054.1	000.0	0014	0052	+00.24	02	00	0911	08
86	0013	27	07	17	11	00420	20.7	+28.1	0000	054.1	000.0	0016	0057	+00.24	02	00	0911	08
86	0014	27	07	17	11	00420	20.7	+28.1	0000	054.1	000.0	0017	0062	+00.23	02	00	0912	08
87	0001	27	07	17	13	00471	20.9	+28.1	0000	055.0	000.0	0000	0000	+00.00	02	00	0911	08
87	0002	27	07	17	13	00475	20.9	+28.1	0000	055.0	000.0	0000	0004	+00.00	02	00	0911	08
87	0003	27	07	17	13	00475	20.8	+28.0	0000	055.0	000.0	0000	0009	+00.00	02	00	0911	08
87	0004	27	07	17	13	00478	20.9	+28.1	0000	055.0	000.0	0006	0014	+00.36	02	00	0911	08
87	0005	27	07	17	14	00480	20.8	+28.0	0000	055.0	000.0	0008	0019	+00.37	02	00	0911	08
87	0006	27	07	17	14	00483	20.8	+28.0	0000	055.0	000.0	0011	0024	+00.41	02	00	0911	08
87	0007	27	07	17	14	00488	20.8	+28.0	0000	055.0	000.0	0015	0028	+00.46	02	00	0911	08
87	0008	27	07	17	14	00491	20.8	+28.0	0000	055.0	000.0	0019	0033	+00.50	02	00	0911	08
87	0009	27	07	17	14	00495	21.0	+28.0	0000	055.0	000.0	0023	0038	+00.53	02	00	0911	08
87	0010	27	07	17	14	00500	21.0	+28.0	0000	055.0	000.0	0028	0043	+00.57	02	00	0911	08
87	0011	27	07	17	15	00501	21.0	+28.0	0000	055.1	000.0	0031	0048	+00.57	02	00	0911	08
87	0012	27	07	17	15	00504	20.8	+28.0	0000	055.1	000.0	0034	0052	+00.57	02	00	0911	08
87	0013	27	07	17	15	00507	20.8	+28.0	0000	055.1	000.0	0037	0057	+00.57	02	00	0911	08
87	0014	27	07	17	15	00511	21.0	+28.0	0000	055.1	000.0	0041	0062	+00.57	02	00	0911	08
88	0001	27	07	17	16	00458	20.8	+28.0	0000	055.0	000.0	0000	0000	+00.00	02	00	0911	08
88	0002	27	07	17	16	00458	20.8	+28.0	0000	055.1	000.0	0000	0004	+00.00	02	00	0911	08
88	0003	27	07	17	17	00461	20.7	+28.0	0000	055.1	000.0	0000	0009	+00.00	02	00	0911	08
88	0004	27	07	17	17	00462	20.7	+28.0	0000	055.0	000.0	0003	0014	+00.22	02	00	0911	08
88	0005	27	07	17	17	00461	20.8	+28.0	0000	055.0	000.0	0003	0019	+00.15	02	00	0911	08
88	0006	27	07	17	17	00464	20.7	+28.0	0000	055.0	000.0	0005	0024	+00.19	02	00	0911	08
88	0007	27	07	17	17	00466	20.8	+28.0	0000	055.0	000.0	0007	0028	+00.22	02	00	0911	08
88	0008	27	07	17	17	00464	21.0	+28.0	0000	055.0	000.0	0007	0033	+00.18	02	00	0911	08
88	0009	27	07	17	17	00464	21.0	+28.0	0000	055.1	000.0	0007	0038	+00.16	02	00	0911	08
88	0010	27	07	17	18	00467	20.9	+28.0	0000	055.1	000.0	0008	0043	+00.17	02	00	0911	08
88	0011	27	07	17	18	00467	20.9	+28.0	0000	055.1	000.0	0009	0048	+00.16	02	00	0911	08
88	0012	27	07	17	18	00468	20.9	+28.0	0000	055.2	000.0	0010	0052	+00.16	02	00	0911	08
88	0013	27	07	17	18	00472	20.9	+28.0	0000	055.2	000.0	0011	0057	+00.17	02	00	0911	08
88	0014	27	07	17	18	00475	21.2	+28.0	0000	055.2	000.0	0014	0062	+00.20	02	00	0911	08
89	0001	27	07	17	20	00430	20.7	+28.0	0000	055.0	000.0	0000	0000	+00.00	02	00	0912	08
89	0002	27	07	17	20	00432	20.7	+28.0	0000	055.0	000.0	0000	0004	+00.00	02	00	0911	08
89	0003	27	07	17	20	00430	20.7	+28.0	0000	055.0	000.0	0000	0009	+00.00	02	00	0911	08
89	0004	27	07	17	21	00433	20.7	+28.0	0000	055.0	000.0	0001	0014	+00.10	02	00	0911	08
89	0005	27	07	17	21	00434	20.7	+28.0	0000	055.0	000.0	0002	0019	+00.13	02	00	0911	08
89	0006	27	07	17	21	00434	20.7	+28.0	0000	055.0	000.0	0003	0024	+00.12	02	00	0911	08
89	0007	27	07	17	21	00432	20.7	+28.0	0000	055.0	000.0	0002	0028	+00.07	02	00	0911	08
89	0008	27	07	17	21	00431	20.7	+28.0	0000	055.0	000.0	0000	0033	+00.02	02	00	0911	08
89	0009	27	07	17	21	00431	20.7	+27.9	0000	055.0	000.0	0000	0038	+00.00	02	00	0911	08
89	0010	27	07	17	21	00435	20.7	+27.9	0000	055.0	000.0	0001	0043	+00.03	02	00	0911	08
89	0011	27	07	17	22	00434	20.7	+28.0	0000	055.0	000.0	0002	0048	+00.03	02	00	0911	08
89	0012	27	07	17	22	00434	20.7	+28.0	0000	055.0	000.0	0002	0052	+00.03	02	00	0911	08
89	0013	27	07	17	22	00436	20.7	+27.9	0000	055.0	000.0	0003	0057	+00.05	02	00	0911	08
89	0014	27	07	17	22	00436	20.7	+28.0	0000	055.0	000.0	0004	0062	+00.05	02	00	0911	08
90	0001	27	07	17	25	00396	20.6	+27.9	0000	055.0	000.0	0000	0000	+00.00	02	00	0911	08
90	0002	27	07	17	25	00396	20.6	+27.9	0000	055.0	000.0	0000	0004	+00.00	02	00	0912	08
90	0003	27	07	17	25	00400	20.6	+27.9	0000	055.0	000.0	0000	0009	+00.00	02	00	0911	08
90	0004	27	07	17	25	00403	20.6	+27.9	0000	055.0	000.0	0007	0014	+00.45	02	00	0911	08
90	0005	27	07	17	25	00407	20.6	+27.9	0000	055.0	000.0	0011	0019	+00.53	02	00	0911	08
90	0006	27	07	17	26	00409	20.6	+27.9	0000	055.0	000.0	0014	0024	+00.52	02	00	0911	08
90	0007	27	07	17	26	00416	20.6	+27.9	0000	055.0	000.0	0019	0028	+00.59	02	00	0911	08
90	0008	27	07	17	26	00416	20.6	+27.9	0000	055.0	000.0	0022	0033	+00.58	02	00	0911	08
90	0009	27	07	17	26	00421	20.6	+27.9	0000	055.0	000.0	0026	0038	+00.59	02	00	0911	08
90	0010	27	07	17	26	00426	20.6	+27.9	0000	055.0	000.0	0030	0043	+00.61	02	00	0911	08
90	0011	27	07	17	26	00425	20.7	+27.9	0000	055.0	000.0	0032	0048	+00.59	02	00	0911	08
90	0012	27	07	17	27	00426	20.6	+27.9	0000	055.0	000.0	0034	0052	+00.56	02	00	0912	08
90	0013	27	07	17	27	00430	20.7	+27.9	0000	055.0	000.0	0036	0057	+00.55	02	00	0911	08
90	0014	27	07	17	27	00433	20.7	+27.9	0000	055.0	000.0	0039	0062	+00.54	02	00	0911	08
91	0001	27	07	17	28	00389	20.6	+27.9	0000	055.0	000.0	0000	0000	+00.00	02	00	0911	08
91	0002	27	07	17	28	00389	20.6	+27.9	0000	054.8	000.0	0000	0004	+00.00	02	00	0911	08
91	0003	27	07	17	28	00392	20.4	+27.9	0000	054.8	000.0	0000	0009	+00.00	02	00	0911	08
91	0004	27	07	17	28	00394	20.4	+27.9	0000	054.8	000.0	0005	0014	+00.31	02	00	0911	08
91	0005	27	07	17	29	00398	20.4	+27.9	0000	054.8	000.0	0009	0019	+00.43	02	00	0912	08
91	0006	27	07	17	29	00397	20.4	+27.9	0000	054.7	000.0	0009	0024	+00.36	02	00	0911	08
91	0007	27	07	17	29	00400	20.6	+27.9	0000	054.8	000.0	0011	0028	+00.35	02	00	0911	08
91	0008	27	07	17	29	00402	20.6	+27.9	0000	054.8	000.0	0014	0033	+00.36	02	00	0911	08
91	0009	27	07	17	29	00406	20.6	+27.9	0000	054.8	000.0	0017	0038	+00.38	02	00	0911	08
91	0010	27	07	17	29	00408	20.6	+27.8	0000	054.8	000.0	0019	0043	+00.39	02	00	0911	08
91	0011	27	07	17	30	00410	20.6	+27.9	0000	054.8	000.0	0022	0048	+00.40	02	00	0911	08
91	0012	27	07	17	30	00413	20.6	+27.9	0000	054.8	000.0	0024	0052	+00.40	02	00	0911	08
91	0013	27	07	17	30	00415	20.6	+27.9	0000	054.9	000.0	0027	0057	+00.41	02	00	0911	08
91	0014	27	07	17	30	00418	20.6	+27.9	0000	054.9	000.0	0030	0062	+00.41	02	00	0911	08
;Received 374 record(s)
