;EGM-4 Data
;SoftwareVersion=1.05
;Plot	RecNo	Day	Month	Hour	Min	CO2 Ref	mb Ref	mbR Temp	Input A	Input B	Input C	Input D	Input E	Input F	Input G	Input H	ATMP	Probe Type
36	0002	29	07	11	59	00658	17.5	+26.8	0000	049.7	000.0	0000	0000	+00.00	00	00	0898	08
36	0003	29	07	11	59	00686	17.3	+26.8	0000	049.3	000.0	0000	0004	+00.00	00	00	0898	08
36	0004	29	07	11	59	00718	17.2	+26.8	0000	049.1	000.0	0000	0009	+00.00	00	00	0898	08
36	0005	29	07	11	59	00749	17.2	+26.8	0000	049.0	000.0	0091	0014	+05.42	02	00	0898	08
36	0006	29	07	11	59	00773	17.2	+26.9	0000	048.9	000.0	0117	0019	+05.22	02	00	0898	08
37	0001	29	07	12	01	00976	17.5	+27.1	0000	048.7	000.0	0000	0000	+00.00	02	00	0898	08
37	0002	29	07	12	01	00996	17.5	+27.1	0000	048.7	000.0	0000	0004	+00.00	02	00	0898	08
37	0003	29	07	12	01	01015	17.5	+27.2	0000	048.6	000.0	0000	0009	+00.00	02	00	0898	08
37	0004	29	07	12	01	01040	17.4	+27.2	0000	048.6	000.0	0063	0014	+03.76	02	00	0898	08
37	0005	29	07	12	02	01058	17.4	+27.2	0000	048.5	000.0	0082	0019	+03.69	02	00	0898	08
37	0006	29	07	12	02	01077	17.4	+27.2	0000	048.4	000.0	0102	0024	+03.64	02	00	0898	08
37	0007	29	07	12	03	00508	17.9	+27.5	0000	048.8	000.0	0000	0000	+00.00	02	00	0898	08
37	0008	29	07	12	04	00519	17.8	+27.4	0000	048.7	000.0	0000	0004	+00.00	02	00	0898	08
37	0009	29	07	12	04	00538	17.9	+27.5	0000	048.8	000.0	0000	0009	+00.00	02	00	0898	08
37	0010	29	07	12	04	00553	17.9	+27.5	0000	048.8	000.0	0045	0014	+02.73	02	00	0898	08
37	0011	29	07	12	04	00563	17.9	+27.5	0000	048.8	000.0	0057	0019	+02.57	02	00	0898	08
37	0012	29	07	12	04	00581	17.9	+27.5	0000	048.8	000.0	0072	0024	+02.60	02	00	0899	08
37	0013	29	07	12	04	00594	17.9	+27.5	0000	048.8	000.0	0087	0028	+02.59	02	00	0898	08
37	0014	29	07	12	05	00607	18.0	+27.6	0000	048.8	000.0	0101	0033	+02.57	02	00	0898	08
38	0001	29	07	12	06	00648	18.1	+27.6	0000	048.8	000.0	0000	0000	+00.00	02	00	0898	08
38	0002	29	07	12	06	00659	18.1	+27.6	0000	048.8	000.0	0000	0004	+00.00	02	00	0898	08
38	0003	29	07	12	06	00670	18.1	+27.7	0000	048.8	000.0	0000	0009	+00.00	02	00	0899	08
38	0004	29	07	12	06	00680	18.1	+27.7	0000	048.8	000.0	0031	0014	+01.86	02	00	0898	08
38	0005	29	07	12	06	00687	18.1	+27.7	0000	048.8	000.0	0038	0019	+01.72	02	00	0898	08
38	0006	29	07	12	06	00701	18.1	+27.7	0000	048.8	000.0	0050	0024	+01.80	02	00	0899	08
38	0007	29	07	12	06	00708	18.3	+27.7	0000	048.8	000.0	0059	0028	+01.78	02	00	0899	08
38	0008	29	07	12	07	00721	18.3	+27.7	0000	048.9	000.0	0071	0033	+01.82	02	00	0898	08
38	0009	29	07	12	07	00732	18.3	+27.7	0000	048.9	000.0	0082	0038	+01.84	02	00	0898	08
38	0010	29	07	12	07	00739	18.3	+27.7	0000	049.0	000.0	0091	0043	+01.81	02	00	0899	08
38	0011	29	07	12	07	00752	18.5	+27.7	0000	049.0	000.0	0102	0048	+01.83	02	00	0898	08
39	0001	29	07	12	08	00746	18.6	+27.8	0000	049.8	000.0	0000	0000	+00.00	02	00	0899	08
39	0002	29	07	12	08	00753	18.6	+27.8	0000	049.8	000.0	0000	0004	+00.00	02	00	0898	08
39	0003	29	07	12	08	00757	18.6	+27.8	0000	049.8	000.0	0000	0009	+00.00	02	00	0899	08
39	0004	29	07	12	09	00768	18.5	+27.8	0000	049.8	000.0	0020	0014	+01.22	02	00	0898	08
39	0005	29	07	12	09	00773	18.7	+27.8	0000	049.7	000.0	0027	0019	+01.21	02	00	0899	08
39	0006	29	07	12	09	00777	18.5	+27.8	0000	049.6	000.0	0031	0024	+01.13	02	00	0898	08
39	0007	29	07	12	09	00786	18.5	+27.9	0000	049.6	000.0	0039	0028	+01.16	02	00	0899	08
39	0008	29	07	12	09	00792	18.5	+27.9	0000	049.6	000.0	0045	0033	+01.17	02	00	0899	08
39	0009	29	07	12	09	00796	18.6	+27.9	0000	049.5	000.0	0051	0038	+01.14	02	00	0898	08
39	0010	29	07	12	09	00806	18.6	+27.9	0000	049.5	000.0	0058	0043	+01.16	02	00	0899	08
39	0011	29	07	12	10	00813	18.6	+27.9	0000	049.5	000.0	0066	0048	+01.17	02	00	0898	08
39	0012	29	07	12	10	00817	18.4	+27.9	0000	049.4	000.0	0072	0052	+01.17	02	00	0898	08
39	0013	29	07	12	10	00822	18.4	+28.0	0000	049.4	000.0	0077	0057	+01.15	02	00	0898	08
39	0014	29	07	12	10	00829	18.4	+27.9	0000	049.4	000.0	0083	0062	+01.14	02	00	0898	08
48	0001	29	07	12	12	00429	18.2	+28.1	0000	047.8	000.0	0000	0000	+00.00	02	00	0898	08
48	0002	29	07	12	12	00437	18.1	+28.1	0000	047.8	000.0	0000	0004	+00.00	02	00	0898	08
48	0003	29	07	12	12	00442	18.2	+28.1	0000	047.8	000.0	0000	0009	+00.00	02	00	0899	08
48	0004	29	07	12	12	00449	18.2	+28.1	0000	047.8	000.0	0019	0014	+01.16	02	00	0898	08
48	0005	29	07	12	12	00454	18.2	+28.2	0000	047.8	000.0	0024	0019	+01.10	02	00	0898	08
48	0006	29	07	12	12	00464	18.4	+28.2	0000	047.9	000.0	0033	0024	+01.19	02	00	0898	08
48	0007	29	07	12	13	00470	18.4	+28.2	0000	047.9	000.0	0040	0028	+01.20	02	00	0899	08
48	0008	29	07	12	13	00480	18.5	+28.2	0000	048.0	000.0	0049	0033	+01.25	02	00	0898	08
48	0009	29	07	12	13	00487	18.5	+28.2	0000	048.0	000.0	0057	0038	+01.28	02	00	0899	08
48	0010	29	07	12	13	00494	18.7	+28.2	0000	048.1	000.0	0065	0043	+01.29	02	00	0898	08
48	0011	29	07	12	13	00500	18.7	+28.2	0000	048.1	000.0	0072	0048	+01.28	02	00	0898	08
48	0012	29	07	12	13	00506	18.7	+28.2	0000	048.2	000.0	0078	0052	+01.28	02	00	0899	08
48	0013	29	07	12	13	00515	18.7	+28.2	0000	048.3	000.0	0086	0057	+01.28	02	00	0898	08
48	0014	29	07	12	14	00524	18.7	+28.2	0000	048.3	000.0	0094	0062	+01.29	02	00	0898	08
49	0001	29	07	12	15	00478	18.6	+28.3	0000	048.3	000.0	0000	0000	+00.00	02	00	0898	08
49	0002	29	07	12	15	00487	18.6	+28.3	0000	048.3	000.0	0000	0004	+00.00	02	00	0898	08
49	0003	29	07	12	15	00493	18.7	+28.4	0000	048.3	000.0	0000	0009	+00.00	02	00	0898	08
49	0004	29	07	12	15	00500	18.7	+28.4	0000	048.3	000.0	0021	0014	+01.26	02	00	0898	08
49	0005	29	07	12	15	00510	18.7	+28.4	0000	048.3	000.0	0030	0019	+01.37	02	00	0898	08
49	0006	29	07	12	15	00517	18.7	+28.4	0000	048.3	000.0	0038	0024	+01.38	02	00	0898	08
49	0007	29	07	12	16	00522	18.9	+28.4	0000	048.4	000.0	0044	0028	+01.32	02	00	0899	08
49	0008	29	07	12	16	00522	18.9	+28.4	0000	048.5	000.0	0046	0033	+01.19	02	00	0898	08
49	0009	29	07	12	16	00528	18.9	+28.4	0000	048.5	000.0	0050	0038	+01.12	02	00	0898	08
49	0010	29	07	12	16	00537	19.0	+28.4	0000	048.5	000.0	0056	0043	+01.11	02	00	0898	08
49	0011	29	07	12	16	00537	19.0	+28.4	0000	048.6	000.0	0059	0048	+01.06	02	00	0898	08
49	0012	29	07	12	16	00541	19.0	+28.4	0000	048.6	000.0	0062	0052	+01.01	02	00	0898	08
49	0013	29	07	12	17	00545	19.0	+28.4	0000	048.6	000.0	0065	0057	+00.97	02	00	0898	08
49	0014	29	07	12	17	00549	19.2	+28.4	0000	048.7	000.0	0069	0062	+00.95	02	00	0898	08
50	0001	29	07	12	21	00549	18.4	+28.6	0000	046.8	000.0	0000	0000	+00.00	02	00	0898	08
50	0002	29	07	12	21	00549	18.3	+28.6	0000	046.7	000.0	0000	0004	+00.00	02	00	0898	08
50	0003	29	07	12	21	00554	18.4	+28.6	0000	046.7	000.0	0000	0009	+00.00	02	00	0898	08
50	0004	29	07	12	21	00558	18.4	+28.6	0000	046.7	000.0	0010	0014	+00.59	02	00	0898	08
50	0005	29	07	12	21	00558	18.4	+28.6	0000	046.8	000.0	0011	0019	+00.50	02	00	0898	08
50	0006	29	07	12	21	00563	18.6	+28.6	0000	046.8	000.0	0014	0024	+00.52	02	00	0898	08
50	0007	29	07	12	22	00569	18.6	+28.7	0000	046.9	000.0	0019	0028	+00.59	02	00	0898	08
50	0008	29	07	12	22	00569	18.6	+28.6	0000	047.0	000.0	0022	0033	+00.57	02	00	0898	08
50	0009	29	07	12	22	00574	18.6	+28.6	0000	047.0	000.0	0026	0038	+00.58	02	00	0898	08
50	0010	29	07	12	22	00579	18.6	+28.6	0000	047.1	000.0	0030	0043	+00.60	02	00	0898	08
50	0011	29	07	12	22	00582	18.8	+28.6	0000	047.2	000.0	0034	0048	+00.61	02	00	0898	08
50	0012	29	07	12	22	00584	18.8	+28.7	0000	047.2	000.0	0037	0052	+00.61	02	00	0898	08
50	0013	29	07	12	22	00586	18.6	+28.7	0000	047.3	000.0	0039	0057	+00.59	02	00	0898	08
50	0014	29	07	12	23	00586	18.6	+28.7	0000	047.3	000.0	0041	0062	+00.57	02	00	0898	08
51	0001	29	07	12	24	00618	18.9	+28.7	0000	047.9	000.0	0000	0000	+00.00	02	00	0898	08
51	0002	29	07	12	24	00610	18.9	+28.8	0000	047.9	000.0	0000	0004	+00.00	02	00	0898	08
51	0003	29	07	12	24	00613	19.1	+28.8	0000	048.1	000.0	0000	0009	+00.00	02	00	0898	08
51	0004	29	07	12	24	00619	19.1	+28.7	0000	048.2	000.0	0001	0014	+00.10	02	00	0898	08
51	0005	29	07	12	24	00623	19.1	+28.7	0000	048.3	000.0	0008	0019	+00.36	02	00	0898	08
51	0006	29	07	12	24	00628	19.1	+28.8	0000	048.3	000.0	0014	0024	+00.51	02	00	0898	08
51	0007	29	07	12	24	00634	19.1	+28.7	0000	048.3	000.0	0020	0028	+00.61	02	00	0898	08
51	0008	29	07	12	25	00637	19.1	+28.8	0000	048.3	000.0	0025	0033	+00.66	02	00	0898	08
51	0009	29	07	12	25	00642	18.9	+28.8	0000	048.3	000.0	0031	0038	+00.69	02	00	0898	08
51	0010	29	07	12	25	00643	18.9	+28.8	0000	048.3	000.0	0034	0043	+00.68	02	00	0898	08
51	0011	29	07	12	25	00649	19.1	+28.8	0000	048.3	000.0	0038	0048	+00.69	02	00	0898	08
51	0012	29	07	12	25	00656	19.1	+28.7	0000	048.3	000.0	0044	0052	+00.72	02	00	0898	08
51	0013	29	07	12	25	00658	19.1	+28.8	0000	048.3	000.0	0048	0057	+00.72	02	00	0898	08
51	0014	29	07	12	26	00662	19.3	+28.8	0000	048.4	000.0	0053	0062	+00.73	02	00	0898	08
52	0001	29	07	12	27	00598	19.3	+28.8	0000	048.9	000.0	0000	0000	+00.00	02	00	0898	08
52	0002	29	07	12	27	00602	19.3	+28.8	0000	048.9	000.0	0000	0004	+00.00	02	00	0898	08
52	0003	29	07	12	27	00604	19.3	+28.8	0000	048.9	000.0	0000	0009	+00.00	02	00	0898	08
52	0004	29	07	12	27	00612	19.4	+28.8	0000	048.9	000.0	0012	0014	+00.76	02	00	0898	08
52	0005	29	07	12	27	00614	19.3	+28.8	0000	048.9	000.0	0016	0019	+00.74	02	00	0898	08
52	0006	29	07	12	27	00618	19.4	+28.8	0000	048.9	000.0	0020	0024	+00.72	02	00	0898	08
52	0007	29	07	12	28	00620	19.3	+28.8	0000	048.9	000.0	0022	0028	+00.67	02	00	0898	08
52	0008	29	07	12	28	00629	19.3	+28.8	0000	048.9	000.0	0029	0033	+00.73	02	00	0898	08
52	0009	29	07	12	28	00630	19.4	+28.8	0000	048.9	000.0	0032	0038	+00.72	02	00	0898	08
52	0010	29	07	12	28	00632	19.3	+28.8	0000	048.9	000.0	0035	0043	+00.70	02	00	0898	08
52	0011	29	07	12	28	00637	19.6	+28.8	0000	049.0	000.0	0039	0048	+00.70	02	00	0898	08
52	0012	29	07	12	28	00639	19.5	+28.8	0000	049.0	000.0	0042	0052	+00.68	02	00	0898	08
52	0013	29	07	12	28	00645	19.5	+28.8	0000	049.1	000.0	0046	0057	+00.68	02	00	0898	08
52	0014	29	07	12	29	00647	19.7	+28.8	0000	049.1	000.0	0049	0062	+00.68	02	00	0898	08
53	0001	29	07	12	30	00625	19.6	+28.8	0000	049.4	000.0	0000	0000	+00.00	02	00	0898	08
53	0002	29	07	12	30	00634	19.6	+28.8	0000	049.4	000.0	0000	0004	+00.00	02	00	0898	08
53	0003	29	07	12	30	00644	19.4	+28.8	0000	049.3	000.0	0000	0009	+00.00	02	00	0898	08
53	0004	29	07	12	30	00655	19.4	+28.8	0000	049.2	000.0	0029	0014	+01.76	02	00	0898	08
53	0005	29	07	12	31	00668	19.4	+28.8	0000	049.1	000.0	0042	0019	+01.90	02	00	0898	08
53	0006	29	07	12	31	00680	19.4	+28.8	0000	049.1	000.0	0055	0024	+01.97	02	00	0898	08
53	0007	29	07	12	31	00691	19.3	+28.8	0000	049.1	000.0	0067	0028	+01.99	02	00	0898	08
53	0008	29	07	12	31	00705	19.4	+28.8	0000	049.0	000.0	0080	0033	+02.05	02	00	0898	08
53	0009	29	07	12	31	00710	19.4	+28.8	0000	049.0	000.0	0089	0038	+01.99	02	00	0898	08
53	0010	29	07	12	31	00721	19.4	+28.8	0000	049.0	000.0	0099	0043	+01.96	02	00	0898	08
53	0011	29	07	12	32	00737	19.4	+28.8	0000	049.0	000.0	0111	0048	+01.99	02	00	0898	08
54	0001	29	07	12	33	00412	19.4	+28.8	0000	048.9	000.0	0000	0000	+00.00	02	00	0898	08
54	0002	29	07	12	33	00417	19.4	+28.8	0000	048.9	000.0	0000	0004	+00.00	02	00	0898	08
54	0003	29	07	12	34	00424	19.4	+28.8	0000	048.9	000.0	0000	0009	+00.00	02	00	0898	08
54	0004	29	07	12	34	00429	19.4	+28.8	0000	048.9	000.0	0017	0014	+01.04	02	00	0898	08
54	0005	29	07	12	34	00434	19.4	+28.8	0000	048.9	000.0	0022	0019	+01.01	02	00	0898	08
54	0006	29	07	12	34	00440	19.4	+28.8	0000	048.9	000.0	0028	0024	+01.00	02	00	0898	08
54	0007	29	07	12	34	00446	19.4	+28.8	0000	048.9	000.0	0034	0028	+01.01	02	00	0898	08
54	0008	29	07	12	34	00451	19.4	+28.8	0000	048.9	000.0	0039	0033	+01.00	02	00	0898	08
54	0009	29	07	12	35	00456	19.4	+28.8	0000	048.9	000.0	0044	0038	+00.98	02	00	0898	08
54	0010	29	07	12	35	00462	19.4	+28.8	0000	048.9	000.0	0050	0043	+00.99	02	00	0898	08
54	0011	29	07	12	35	00471	19.6	+28.8	0000	049.0	000.0	0056	0048	+01.01	02	00	0898	08
54	0012	29	07	12	35	00471	19.6	+28.8	0000	049.0	000.0	0061	0052	+00.99	02	00	0898	08
54	0013	29	07	12	35	00478	19.6	+28.8	0000	049.0	000.0	0066	0057	+00.99	02	00	0898	08
54	0014	29	07	12	35	00484	19.6	+28.8	0000	049.1	000.0	0072	0062	+00.98	02	00	0898	08
55	0001	29	07	12	37	00476	19.8	+28.8	0000	050.0	000.0	0000	0000	+00.00	02	00	0898	08
55	0002	29	07	12	37	00478	19.8	+28.8	0000	050.0	000.0	0000	0004	+00.00	02	00	0898	08
55	0003	29	07	12	37	00483	19.8	+28.8	0000	050.0	000.0	0000	0009	+00.00	02	00	0898	08
55	0004	29	07	12	37	00486	19.8	+28.8	0000	050.0	000.0	0010	0014	+00.62	02	00	0898	08
55	0005	29	07	12	37	00488	19.8	+28.8	0000	050.0	000.0	0012	0019	+00.56	02	00	0898	08
55	0006	29	07	12	37	00494	19.8	+28.8	0000	050.0	000.0	0017	0024	+00.62	02	00	0898	08
55	0007	29	07	12	37	00499	20.0	+28.8	0000	050.0	000.0	0022	0028	+00.67	02	00	0898	08
55	0008	29	07	12	38	00502	20.0	+28.8	0000	050.1	000.0	0026	0033	+00.67	02	00	0898	08
55	0009	29	07	12	38	00509	20.0	+28.8	0000	050.1	000.0	0032	0038	+00.72	02	00	0898	08
55	0010	29	07	12	38	00510	20.2	+28.8	0000	050.2	000.0	0036	0043	+00.72	02	00	0898	08
55	0011	29	07	12	38	00516	20.3	+28.9	0000	050.3	000.0	0041	0048	+00.73	02	00	0898	08
55	0012	29	07	12	38	00520	20.2	+28.8	0000	050.3	000.0	0045	0052	+00.74	02	00	0898	08
55	0013	29	07	12	38	00524	20.5	+28.8	0000	050.4	000.0	0049	0057	+00.74	02	00	0898	08
55	0014	29	07	12	39	00531	20.7	+28.8	0000	050.5	000.0	0055	0062	+00.76	02	00	0898	08
56	0001	29	07	12	42	00427	19.9	+28.9	0000	050.0	000.0	0000	0000	+00.00	02	00	0898	08
56	0002	29	07	12	42	00430	19.8	+28.8	0000	050.0	000.0	0000	0004	+00.00	02	00	0898	08
56	0003	29	07	12	42	00433	19.9	+28.9	0000	050.0	000.0	0000	0009	+00.00	02	00	0898	08
56	0004	29	07	12	42	00436	19.9	+28.9	0000	050.0	000.0	0008	0014	+00.52	02	00	0898	08
56	0005	29	07	12	42	00438	19.8	+28.8	0000	050.0	000.0	0010	0019	+00.48	02	00	0898	08
56	0006	29	07	12	42	00439	19.8	+28.8	0000	050.0	000.0	0012	0024	+00.44	02	00	0898	08
56	0007	29	07	12	43	00442	19.6	+28.8	0000	049.9	000.0	0014	0028	+00.43	02	00	0898	08
56	0008	29	07	12	43	00444	19.8	+28.8	0000	049.9	000.0	0016	0033	+00.42	02	00	0898	08
56	0009	29	07	12	43	00441	19.9	+28.9	0000	049.9	000.0	0015	0038	+00.35	02	00	0898	08
56	0010	29	07	12	43	00446	19.8	+28.8	0000	049.9	000.0	0017	0043	+00.34	02	00	0898	08
56	0011	29	07	12	43	00449	19.8	+28.8	0000	050.0	000.0	0019	0048	+00.35	02	00	0898	08
56	0012	29	07	12	43	00453	19.8	+28.8	0000	050.0	000.0	0022	0052	+00.37	02	00	0898	08
56	0013	29	07	12	43	00454	19.8	+28.8	0000	050.0	000.0	0025	0057	+00.37	02	00	0898	08
56	0014	29	07	12	44	00459	19.8	+28.8	0000	050.0	000.0	0028	0062	+00.39	02	00	0898	08
57	0001	29	07	12	45	00433	19.6	+28.8	0000	049.4	000.0	0000	0000	+00.00	02	00	0898	08
57	0002	29	07	12	45	00436	19.6	+28.8	0000	049.4	000.0	0000	0004	+00.00	02	00	0898	08
57	0003	29	07	12	45	00435	19.6	+28.8	0000	049.4	000.0	0000	0009	+00.00	02	00	0898	08
57	0004	29	07	12	45	00433	19.6	+28.8	0000	049.4	000.0	0000	0014	+00.01	02	00	0898	08
57	0005	29	07	12	45	00436	19.5	+28.8	0000	049.4	000.0	0001	0019	+00.07	02	00	0898	08
57	0006	29	07	12	45	00434	19.8	+28.8	0000	049.5	000.0	0000	0024	+00.03	02	00	0898	08
57	0007	29	07	12	46	00438	19.6	+28.8	0000	049.5	000.0	0002	0028	+00.07	02	00	0898	08
57	0008	29	07	12	46	00441	19.8	+28.8	0000	049.5	000.0	0005	0033	+00.13	02	00	0898	08
57	0009	29	07	12	46	00440	19.8	+28.8	0000	049.6	000.0	0006	0038	+00.14	02	00	0898	08
57	0010	29	07	12	46	00441	19.6	+28.8	0000	049.6	000.0	0007	0043	+00.14	02	00	0898	08
57	0011	29	07	12	46	00444	19.8	+28.8	0000	049.6	000.0	0009	0048	+00.17	02	00	0898	08
57	0012	29	07	12	46	00451	19.8	+28.8	0000	049.6	000.0	0014	0052	+00.23	02	00	0898	08
57	0013	29	07	12	47	00454	19.8	+28.8	0000	049.7	000.0	0018	0057	+00.27	02	00	0898	08
57	0014	29	07	12	47	00459	19.8	+28.8	0000	049.7	000.0	0023	0062	+00.31	02	00	0898	08
58	0003	29	07	12	49	00427	19.6	+29.0	0000	048.9	000.0	0000	0000	+00.00	02	00	0898	08
58	0004	29	07	12	49	00434	19.6	+29.0	0000	048.9	000.0	0000	0004	+00.00	02	00	0898	08
58	0005	29	07	12	49	00440	19.6	+29.0	0000	048.9	000.0	0000	0009	+00.00	02	00	0898	08
58	0006	29	07	12	49	00447	19.4	+29.0	0000	048.8	000.0	0020	0014	+01.20	02	00	0898	08
58	0007	29	07	12	50	00454	19.6	+29.0	0000	048.8	000.0	0027	0019	+01.21	02	00	0898	08
58	0008	29	07	12	50	00462	19.4	+29.0	0000	048.8	000.0	0034	0024	+01.22	02	00	0898	08
58	0009	29	07	12	50	00463	19.7	+29.0	0000	048.8	000.0	0038	0028	+01.13	02	00	0898	08
58	0010	29	07	12	50	00472	19.7	+29.0	0000	048.8	000.0	0044	0033	+01.13	02	00	0898	08
58	0011	29	07	12	50	00479	19.7	+29.0	0000	048.9	000.0	0050	0038	+01.13	02	00	0898	08
58	0012	29	07	12	50	00483	19.6	+29.0	0000	048.9	000.0	0056	0043	+01.11	02	00	0898	08
58	0013	29	07	12	51	00490	19.9	+29.0	0000	048.9	000.0	0062	0048	+01.11	02	00	0898	08
58	0014	29	07	12	51	00495	19.8	+29.0	0000	048.9	000.0	0067	0052	+01.10	02	00	0898	08
58	0015	29	07	12	51	00501	19.9	+29.0	0000	049.0	000.0	0073	0057	+01.09	02	00	0898	08
58	0016	29	07	12	51	00509	19.9	+29.0	0000	049.0	000.0	0080	0062	+01.10	02	00	0898	08
60	0001	29	07	12	54	00441	19.4	+29.0	0000	048.4	000.0	0000	0000	+00.00	02	00	0898	08
60	0002	29	07	12	54	00442	19.1	+29.0	0000	048.2	000.0	0000	0004	+00.00	02	00	0898	08
60	0003	29	07	12	54	00445	19.1	+29.0	0000	048.0	000.0	0000	0009	+00.00	02	00	0898	08
60	0004	29	07	12	54	00445	19.2	+29.0	0000	048.0	000.0	0004	0014	+00.23	02	00	0898	08
60	0005	29	07	12	54	00444	19.2	+29.0	0000	048.0	000.0	0003	0019	+00.14	02	00	0898	08
60	0006	29	07	12	54	00447	19.1	+29.0	0000	048.0	000.0	0005	0024	+00.19	02	00	0898	08
60	0007	29	07	12	54	00451	19.1	+29.0	0000	047.9	000.0	0008	0028	+00.26	02	00	0898	08
60	0008	29	07	12	55	00453	19.1	+29.0	0000	047.9	000.0	0011	0033	+00.29	02	00	0898	08
60	0009	29	07	12	55	00459	19.2	+29.0	0000	047.9	000.0	0016	0038	+00.36	02	00	0898	08
60	0010	29	07	12	55	00459	19.1	+29.0	0000	047.9	000.0	0018	0043	+00.37	02	00	0898	08
60	0011	29	07	12	55	00460	19.2	+29.0	0000	047.9	000.0	0020	0048	+00.37	02	00	0898	08
60	0012	29	07	12	55	00462	19.1	+29.0	0000	047.9	000.0	0023	0052	+00.37	02	00	0898	08
60	0013	29	07	12	55	00465	19.1	+29.0	0000	047.9	000.0	0025	0057	+00.38	02	00	0898	08
60	0014	29	07	12	55	00465	19.1	+29.0	0000	047.9	000.0	0027	0062	+00.37	02	00	0898	08
61	0001	29	07	12	59	00474	20.2	+29.0	0000	050.5	000.0	0000	0000	+00.00	02	00	0898	08
61	0002	29	07	12	59	00486	20.2	+29.0	0000	050.5	000.0	0000	0004	+00.00	02	00	0898	08
61	0003	29	07	12	59	00499	20.4	+29.0	0000	050.7	000.0	0000	0009	+00.00	02	00	0898	08
61	0004	29	07	12	59	00512	20.4	+29.0	0000	050.8	000.0	0037	0014	+02.22	02	00	0898	08
61	0005	29	07	12	59	00523	20.4	+29.0	0000	050.8	000.0	0049	0019	+02.20	02	00	0898	08
61	0006	29	07	13	00	00534	20.4	+29.0	0000	050.8	000.0	0060	0024	+02.16	02	00	0898	08
61	0007	29	07	13	00	00545	20.4	+29.0	0000	050.9	000.0	0071	0028	+02.11	02	00	0898	08
61	0008	29	07	13	00	00564	20.4	+29.0	0000	050.9	000.0	0086	0033	+02.20	02	00	0898	08
61	0009	29	07	13	00	00572	20.4	+29.0	0000	050.9	000.0	0098	0038	+02.19	02	00	0898	08
61	0010	29	07	13	00	00585	20.4	+29.0	0000	050.9	000.0	0110	0043	+02.19	02	00	0898	08
63	0001	29	07	13	06	00499	21.1	+28.8	0000	053.1	000.0	0000	0000	+00.00	02	00	0898	08
63	0002	29	07	13	07	00498	21.1	+28.8	0000	053.1	000.0	0000	0004	+00.00	02	00	0899	08
63	0003	29	07	13	07	00498	21.1	+28.8	0000	053.1	000.0	0000	0009	+00.00	02	00	0898	08
63	0004	29	07	13	07	00501	21.1	+28.8	0000	053.1	000.0	0001	0014	+00.09	02	00	0898	08
63	0005	29	07	13	07	00501	21.1	+28.9	0000	053.1	000.0	0002	0019	+00.11	02	00	0898	08
63	0006	29	07	13	07	00506	21.1	+28.9	0000	053.1	000.0	0006	0024	+00.23	02	00	0898	08
63	0007	29	07	13	07	00506	21.1	+28.9	0000	053.1	000.0	0008	0028	+00.25	02	00	0898	08
63	0008	29	07	13	07	00508	21.1	+28.9	0000	053.1	000.0	0010	0033	+00.27	02	00	0898	08
63	0009	29	07	13	08	00512	21.1	+28.9	0000	053.1	000.0	0014	0038	+00.31	02	00	0898	08
63	0010	29	07	13	08	00517	21.1	+28.9	0000	053.1	000.0	0018	0043	+00.36	02	00	0898	08
63	0011	29	07	13	08	00518	21.4	+28.9	0000	053.1	000.0	0021	0048	+00.37	02	00	0898	08
63	0012	29	07	13	08	00520	21.4	+28.9	0000	053.1	000.0	0023	0052	+00.38	02	00	0898	08
63	0013	29	07	13	08	00522	21.4	+28.9	0000	053.2	000.0	0026	0057	+00.39	02	00	0898	08
63	0014	29	07	13	08	00525	21.4	+28.9	0000	053.2	000.0	0029	0062	+00.40	02	00	0898	08
64	0001	29	07	13	10	00463	21.4	+29.0	0000	053.6	000.0	0000	0000	+00.00	02	00	0898	08
64	0002	29	07	13	10	00460	21.4	+29.0	0000	053.5	000.0	0000	0004	+00.00	02	00	0898	08
64	0003	29	07	13	10	00464	21.2	+29.0	0000	053.3	000.0	0000	0009	+00.00	02	00	0898	08
64	0004	29	07	13	10	00466	21.2	+29.0	0000	053.2	000.0	0003	0014	+00.23	02	00	0898	08
64	0005	29	07	13	10	00467	21.3	+29.0	0000	053.2	000.0	0005	0019	+00.25	02	00	0898	08
64	0006	29	07	13	10	00466	21.3	+29.0	0000	053.2	000.0	0005	0024	+00.18	02	00	0898	08
64	0007	29	07	13	11	00468	21.3	+29.0	0000	053.2	000.0	0006	0028	+00.18	02	00	0898	08
64	0008	29	07	13	11	00468	21.5	+29.0	0000	053.2	000.0	0006	0033	+00.17	02	00	0898	08
64	0009	29	07	13	11	00472	21.5	+29.0	0000	053.2	000.0	0008	0038	+00.19	02	00	0898	08
64	0010	29	07	13	11	00472	21.3	+29.0	0000	053.2	000.0	0010	0043	+00.20	02	00	0898	08
64	0011	29	07	13	11	00470	21.3	+29.0	0000	053.2	000.0	0010	0048	+00.18	02	00	0898	08
64	0012	29	07	13	11	00470	21.3	+29.0	0000	053.2	000.0	0010	0052	+00.16	02	00	0898	08
64	0013	29	07	13	12	00469	21.3	+29.0	0000	053.2	000.0	0009	0057	+00.14	02	00	0898	08
64	0014	29	07	13	12	00472	21.3	+29.0	0000	053.2	000.0	0009	0062	+00.13	02	00	0898	08
65	0001	29	07	13	14	00476	20.8	+29.1	0000	051.6	000.0	0000	0000	+00.00	02	00	0898	08
65	0002	29	07	13	15	00478	20.8	+29.1	0000	051.6	000.0	0000	0004	+00.00	02	00	0899	08
65	0003	29	07	13	15	00479	20.5	+29.1	0000	051.5	000.0	0000	0009	+00.00	02	00	0898	08
65	0004	29	07	13	15	00483	20.5	+29.1	0000	051.4	000.0	0006	0014	+00.38	02	00	0898	08
65	0005	29	07	13	15	00482	20.8	+29.1	0000	051.4	000.0	0007	0019	+00.31	02	00	0898	08
65	0006	29	07	13	15	00487	20.8	+29.1	0000	051.5	000.0	0010	0024	+00.36	02	00	0898	08
65	0007	29	07	13	15	00485	20.8	+29.1	0000	051.4	000.0	0010	0028	+00.31	02	00	0898	08
65	0008	29	07	13	16	00490	20.8	+29.1	0000	051.5	000.0	0013	0033	+00.33	02	00	0898	08
65	0009	29	07	13	16	00490	20.8	+29.1	0000	051.5	000.0	0014	0038	+00.32	02	00	0899	08
65	0010	29	07	13	16	00493	20.8	+29.1	0000	051.5	000.0	0016	0043	+00.32	02	00	0899	08
65	0011	29	07	13	16	00496	21.0	+29.1	0000	051.5	000.0	0019	0048	+00.34	02	00	0898	08
65	0012	29	07	13	16	00498	21.0	+29.1	0000	051.6	000.0	0021	0052	+00.34	02	00	0898	08
65	0013	29	07	13	16	00501	21.0	+29.1	0000	051.6	000.0	0023	0057	+00.35	02	00	0899	08
65	0014	29	07	13	16	00501	21.0	+29.1	0000	051.6	000.0	0025	0062	+00.35	02	00	0898	08
66	0014	29	07	13	23	00484	21.1	+29.2	0000	052.1	000.0	0000	0000	+00.00	02	00	0898	08
66	0015	29	07	13	23	00485	21.1	+29.2	0000	052.1	000.0	0000	0004	+00.00	02	00	0898	08
66	0016	29	07	13	23	00485	21.1	+29.2	0000	052.1	000.0	0000	0009	+00.00	02	00	0898	08
66	0017	29	07	13	23	00485	21.1	+29.2	0000	052.1	000.0	0000	0014	+00.05	02	00	0898	08
66	0018	29	07	13	24	00484	21.1	+29.2	0000	052.1	000.0	0000	0019	-00.00	02	01	0898	08
66	0019	29	07	13	24	00488	21.0	+29.1	0000	052.1	000.0	0002	0024	+00.10	02	00	0899	08
66	0020	29	07	13	24	00488	21.0	+29.1	0000	052.1	000.0	0003	0028	+00.11	02	00	0899	08
66	0021	29	07	13	24	00490	21.1	+29.2	0000	052.1	000.0	0005	0033	+00.14	02	00	0899	08
66	0022	29	07	13	24	00492	21.1	+29.2	0000	052.1	000.0	0007	0038	+00.17	02	00	0899	08
66	0023	29	07	13	24	00491	21.0	+29.1	0000	052.1	000.0	0008	0043	+00.16	02	00	0898	08
66	0024	29	07	13	24	00491	21.0	+29.1	0000	052.1	000.0	0008	0048	+00.15	02	00	0899	08
66	0025	29	07	13	25	00493	21.0	+29.1	0000	052.1	000.0	0009	0052	+00.15	02	00	0898	08
66	0026	29	07	13	25	00490	21.2	+29.1	0000	052.1	000.0	0008	0057	+00.13	02	00	0898	08
66	0027	29	07	13	25	00493	21.0	+29.1	0000	052.1	000.0	0009	0062	+00.13	02	00	0898	08
67	0001	29	07	13	26	00412	21.0	+29.1	0000	052.1	000.0	0000	0000	+00.00	02	00	0899	08
67	0002	29	07	13	27	00417	21.0	+29.1	0000	051.9	000.0	0000	0004	+00.00	02	00	0899	08
67	0003	29	07	13	27	00424	20.8	+29.1	0000	051.9	000.0	0000	0009	+00.00	02	00	0899	08
67	0004	29	07	13	27	00426	21.0	+29.1	0000	051.9	000.0	0014	0014	+00.86	02	00	0898	08
67	0005	29	07	13	27	00430	21.0	+29.1	0000	051.9	000.0	0018	0019	+00.81	02	00	0899	08
67	0006	29	07	13	27	00434	21.0	+29.1	0000	051.9	000.0	0021	0024	+00.77	02	00	0899	08
67	0007	29	07	13	27	00437	21.0	+29.1	0000	052.0	000.0	0024	0028	+00.73	02	00	0899	08
67	0008	29	07	13	28	00441	21.0	+29.1	0000	052.0	000.0	0028	0033	+00.72	02	00	0898	08
67	0009	29	07	13	28	00444	21.0	+29.1	0000	052.0	000.0	0031	0038	+00.70	02	00	0898	08
67	0010	29	07	13	28	00450	21.0	+29.1	0000	052.0	000.0	0036	0043	+00.71	02	00	0898	08
67	0011	29	07	13	28	00453	21.0	+29.1	0000	052.0	000.0	0039	0048	+00.71	02	00	0898	08
67	0012	29	07	13	28	00461	21.0	+29.1	0000	052.0	000.0	0045	0052	+00.73	02	00	0899	08
67	0013	29	07	13	28	00465	21.0	+29.1	0000	052.0	000.0	0050	0057	+00.74	02	00	0898	08
67	0014	29	07	13	28	00469	21.0	+29.1	0000	052.0	000.0	0055	0062	+00.75	02	00	0898	08
68	0001	29	07	13	30	00469	21.0	+29.1	0000	052.1	000.0	0000	0000	+00.00	02	00	0899	08
68	0002	29	07	13	30	00482	21.0	+29.1	0000	052.1	000.0	0000	0004	+00.00	02	00	0898	08
68	0003	29	07	13	30	00497	21.0	+29.1	0000	052.1	000.0	0000	0009	+00.00	02	00	0898	08
68	0004	29	07	13	30	00512	21.0	+29.1	0000	052.1	000.0	0043	0014	+02.61	02	00	0898	08
68	0005	29	07	13	31	00523	21.0	+29.1	0000	052.1	000.0	0055	0019	+02.49	02	00	0899	08
68	0006	29	07	13	31	00540	21.3	+29.2	0000	052.1	000.0	0070	0024	+02.53	02	00	0899	08
68	0007	29	07	13	31	00554	21.3	+29.2	0000	052.2	000.0	0085	0028	+02.55	02	00	0898	08
68	0008	29	07	13	31	00569	21.3	+29.2	0000	052.2	000.0	0100	0033	+02.56	02	00	0899	08
69	0001	29	07	13	35	00414	20.6	+29.2	0000	051.0	000.0	0000	0000	+00.00	02	00	0899	08
69	0002	29	07	13	35	00414	20.7	+29.2	0000	051.1	000.0	0000	0004	+00.00	02	00	0899	08
69	0003	29	07	13	35	00414	20.6	+29.2	0000	051.0	000.0	0000	0009	+00.00	02	00	0899	08
69	0004	29	07	13	35	00414	20.6	+29.2	0000	051.0	000.0	0000	0014	+00.00	02	00	0899	08
69	0005	29	07	13	35	00417	20.6	+29.2	0000	051.0	000.0	0002	0019	+00.11	02	00	0899	08
69	0006	29	07	13	36	00422	20.6	+29.2	0000	051.0	000.0	0006	0024	+00.24	02	00	0899	08
69	0007	29	07	13	36	00422	20.6	+29.2	0000	051.0	000.0	0008	0028	+00.26	02	00	0899	08
69	0008	29	07	13	36	00422	20.6	+29.2	0000	051.0	000.0	0010	0033	+00.26	02	00	0899	08
69	0009	29	07	13	36	00427	20.7	+29.2	0000	051.0	000.0	0013	0038	+00.29	02	00	0899	08
69	0010	29	07	13	36	00430	20.6	+29.2	0000	051.0	000.0	0016	0043	+00.32	02	00	0899	08
69	0011	29	07	13	36	00430	20.6	+29.2	0000	051.0	000.0	0018	0048	+00.33	02	00	0899	08
69	0012	29	07	13	37	00434	20.6	+29.2	0000	051.0	000.0	0021	0052	+00.34	02	00	0899	08
69	0013	29	07	13	37	00437	20.4	+29.2	0000	051.0	000.0	0024	0057	+00.36	02	00	0899	08
69	0014	29	07	13	37	00440	20.7	+29.2	0000	051.0	000.0	0027	0062	+00.38	02	00	0899	08
70	0001	29	07	13	38	00413	20.6	+29.2	0000	051.0	000.0	0000	0000	+00.00	02	00	0899	08
70	0002	29	07	13	38	00417	20.6	+29.1	0000	051.0	000.0	0000	0004	+00.00	02	00	0899	08
70	0003	29	07	13	38	00420	20.9	+29.2	0000	051.1	000.0	0000	0009	+00.00	02	00	0899	08
70	0004	29	07	13	38	00425	20.6	+29.2	0000	051.1	000.0	0011	0014	+00.69	02	00	0899	08
70	0005	29	07	13	39	00430	20.6	+29.2	0000	051.1	000.0	0016	0019	+00.74	02	00	0899	08
70	0006	29	07	13	39	00430	20.6	+29.2	0000	051.1	000.0	0018	0024	+00.67	02	00	0899	08
70	0007	29	07	13	39	00435	20.6	+29.2	0000	051.1	000.0	0022	0028	+00.65	02	00	0899	08
70	0008	29	07	13	39	00438	20.6	+29.1	0000	051.1	000.0	0025	0033	+00.64	02	00	0899	08
70	0009	29	07	13	39	00445	20.6	+29.1	0000	051.1	000.0	0030	0038	+00.68	02	00	0899	08
70	0010	29	07	13	39	00448	20.6	+29.1	0000	051.1	000.0	0034	0043	+00.68	02	00	0899	08
70	0011	29	07	13	39	00453	20.6	+29.1	0000	051.1	000.0	0039	0048	+00.69	02	00	0899	08
70	0012	29	07	13	40	00456	20.6	+29.1	0000	051.1	000.0	0043	0052	+00.70	02	00	0899	08
70	0013	29	07	13	40	00461	20.6	+29.1	0000	051.1	000.0	0047	0057	+00.70	02	00	0899	08
70	0014	29	07	13	40	00461	20.5	+29.1	0000	051.1	000.0	0050	0062	+00.69	02	00	0899	08
71	0001	29	07	13	41	00433	20.5	+29.0	0000	051.0	000.0	0000	0000	+00.00	02	00	0899	08
71	0002	29	07	13	42	00439	20.5	+29.1	0000	051.0	000.0	0000	0004	+00.00	02	00	0899	08
71	0003	29	07	13	42	00443	20.5	+29.0	0000	051.0	000.0	0000	0009	+00.00	02	00	0899	08
71	0004	29	07	13	42	00451	20.4	+29.0	0000	051.0	000.0	0017	0014	+01.06	02	00	0899	08
71	0005	29	07	13	42	00455	20.5	+29.0	0000	051.0	000.0	0022	0019	+01.01	02	00	0899	08
71	0006	29	07	13	42	00462	20.4	+29.0	0000	051.0	000.0	0028	0024	+01.02	02	00	0899	08
71	0007	29	07	13	42	00466	20.4	+29.0	0000	051.0	000.0	0033	0028	+00.99	02	00	0899	08
71	0008	29	07	13	42	00472	20.4	+29.0	0000	051.0	000.0	0039	0033	+00.99	02	00	0899	08
71	0009	29	07	13	43	00473	20.5	+29.0	0000	051.0	000.0	0042	0038	+00.94	02	00	0899	08
71	0010	29	07	13	43	00480	20.5	+29.0	0000	051.0	000.0	0046	0043	+00.92	02	00	0899	08
71	0011	29	07	13	43	00485	20.4	+29.0	0000	051.0	000.0	0051	0048	+00.92	02	00	0899	08
71	0012	29	07	13	43	00491	20.4	+29.0	0000	051.0	000.0	0056	0052	+00.92	02	00	0899	08
71	0013	29	07	13	43	00493	20.4	+29.0	0000	051.0	000.0	0060	0057	+00.90	02	00	0899	08
71	0014	29	07	13	43	00503	20.7	+29.0	0000	051.1	000.0	0066	0062	+00.91	02	00	0899	08
72	0001	29	07	13	45	00423	20.8	+29.0	0000	052.1	000.0	0000	0000	+00.00	02	00	0899	08
72	0002	29	07	13	45	00425	20.9	+29.0	0000	052.1	000.0	0000	0004	+00.00	02	00	0899	08
72	0003	29	07	13	45	00425	20.9	+29.0	0000	052.1	000.0	0000	0009	+00.00	02	00	0899	08
72	0004	29	07	13	45	00427	20.9	+29.0	0000	052.1	000.0	0004	0014	+00.25	02	00	0899	08
72	0005	29	07	13	45	00429	20.9	+29.0	0000	052.1	000.0	0005	0019	+00.26	02	00	0899	08
72	0006	29	07	13	46	00431	20.9	+29.0	0000	052.1	000.0	0007	0024	+00.28	02	00	0899	08
72	0007	29	07	13	46	00435	20.9	+29.0	0000	052.1	000.0	0011	0028	+00.33	02	00	0899	08
72	0008	29	07	13	46	00437	20.9	+29.0	0000	052.1	000.0	0014	0033	+00.35	02	00	0899	08
72	0009	29	07	13	46	00438	20.9	+29.0	0000	052.1	000.0	0015	0038	+00.35	02	00	0899	08
72	0010	29	07	13	46	00440	20.9	+29.0	0000	052.1	000.0	0017	0043	+00.35	02	00	0899	08
72	0011	29	07	13	46	00439	20.9	+29.0	0000	052.1	000.0	0018	0048	+00.33	02	00	0899	08
72	0012	29	07	13	46	00442	20.9	+29.0	0000	052.1	000.0	0020	0052	+00.32	02	00	0899	08
72	0013	29	07	13	47	00444	20.8	+29.0	0000	052.1	000.0	0022	0057	+00.32	02	00	0899	08
72	0014	29	07	13	47	00446	20.9	+29.0	0000	052.1	000.0	0023	0062	+00.32	02	00	0899	08
73	0001	29	07	13	48	00429	20.4	+29.0	0000	051.0	000.0	0000	0000	+00.00	02	00	0899	08
73	0002	29	07	13	48	00433	20.5	+29.0	0000	051.0	000.0	0000	0004	+00.00	02	00	0899	08
73	0003	29	07	13	48	00440	20.7	+29.0	0000	051.2	000.0	0000	0009	+00.00	02	00	0899	08
73	0004	29	07	13	48	00447	20.7	+29.0	0000	051.3	000.0	0017	0014	+01.07	02	00	0899	08
73	0005	29	07	13	49	00452	20.7	+29.0	0000	051.3	000.0	0023	0019	+01.06	02	00	0899	08
73	0006	29	07	13	49	00459	20.9	+29.0	0000	051.4	000.0	0030	0024	+01.08	02	00	0899	08
73	0007	29	07	13	49	00465	20.9	+29.0	0000	051.5	000.0	0036	0028	+01.10	02	00	0899	08
73	0008	29	07	13	49	00475	20.9	+29.0	0000	051.6	000.0	0045	0033	+01.16	02	00	0899	08
73	0009	29	07	13	49	00478	20.9	+29.0	0000	051.6	000.0	0051	0038	+01.15	02	00	0899	08
73	0010	29	07	13	49	00482	21.1	+29.0	0000	051.7	000.0	0056	0043	+01.12	02	00	0899	08
73	0011	29	07	13	50	00491	21.1	+29.0	0000	051.8	000.0	0062	0048	+01.12	02	00	0899	08
73	0012	29	07	13	50	00495	21.1	+29.0	0000	051.8	000.0	0068	0052	+01.11	02	00	0899	08
73	0013	29	07	13	50	00498	21.1	+29.0	0000	051.9	000.0	0072	0057	+01.08	02	00	0899	08
73	0014	29	07	13	50	00504	21.1	+29.0	0000	051.9	000.0	0077	0062	+01.06	02	00	0899	08
74	0001	29	07	13	51	00417	21.0	+29.1	0000	052.1	000.0	0000	0000	+00.00	02	00	0899	08
74	0002	29	07	13	51	00427	21.0	+29.1	0000	052.1	000.0	0000	0004	+00.00	02	00	0899	08
74	0003	29	07	13	52	00434	21.0	+29.1	0000	052.1	000.0	0000	0009	+00.00	02	00	0899	08
74	0004	29	07	13	52	00443	21.0	+29.1	0000	052.1	000.0	0025	0014	+01.51	02	00	0899	08
74	0005	29	07	13	52	00461	21.0	+29.1	0000	052.1	000.0	0041	0019	+01.85	02	00	0899	08
74	0006	29	07	13	52	00471	21.2	+29.1	0000	052.1	000.0	0054	0024	+01.95	02	00	0899	08
74	0007	29	07	13	52	00480	21.2	+29.1	0000	052.2	000.0	0065	0028	+01.94	02	00	0899	08
74	0008	29	07	13	52	00488	21.4	+29.1	0000	052.3	000.0	0074	0033	+01.90	02	00	0899	08
74	0009	29	07	13	53	00495	21.4	+29.1	0000	052.4	000.0	0082	0038	+01.84	02	00	0899	08
74	0010	29	07	13	53	00501	21.6	+29.1	0000	052.5	000.0	0088	0043	+01.76	02	00	0899	08
74	0011	29	07	13	53	00504	21.6	+29.1	0000	052.6	000.0	0093	0048	+01.67	02	00	0899	08
74	0012	29	07	13	53	00507	21.7	+29.0	0000	052.7	000.0	0096	0052	+01.57	02	00	0899	08
74	0013	29	07	13	53	00511	21.8	+29.1	0000	052.8	000.0	0099	0057	+01.48	02	00	0899	08
74	0014	29	07	13	53	00513	22.0	+29.1	0000	053.0	000.0	0100	0062	+01.39	02	00	0899	08
;Received 381 record(s)
