;EGM-4 Data
;SoftwareVersion=1.05
;Plot	RecNo	Day	Month	Hour	Min	CO2 Ref	mb Ref	mbR Temp	Input A	Input B	Input C	Input D	Input E	Input F	Input G	Input H	ATMP	Probe Type
41	0011	28	07	13	13	00497	22.1	+28.2	0000	058.4	000.0	0003	0014	+00.19	02	00	0897	08
41	0012	28	07	13	13	00495	22.1	+28.2	0000	058.3	000.0	0001	0019	+00.07	02	00	0895	08
41	0013	28	07	13	13	00500	22.2	+28.2	0000	058.3	000.0	0003	0024	+00.13	02	00	0895	08
41	0014	28	07	13	13	00497	22.2	+28.2	0000	058.2	000.0	0003	0028	+00.09	02	00	0895	08
41	0015	28	07	13	13	00497	22.2	+28.2	0000	058.2	000.0	0002	0033	+00.07	02	00	0897	08
41	0016	28	07	13	13	00500	22.2	+28.2	0000	058.2	000.0	0003	0038	+00.08	02	00	0897	08
41	0017	28	07	13	13	00499	22.4	+28.2	0000	058.2	000.0	0003	0043	+00.07	02	00	0895	08
41	0018	28	07	13	14	00502	22.4	+28.2	0000	058.2	000.0	0005	0048	+00.09	02	00	0897	08
41	0019	28	07	13	14	00505	22.4	+28.2	0000	058.2	000.0	0007	0052	+00.12	02	00	0897	08
41	0020	28	07	13	14	00509	22.4	+28.2	0000	058.3	000.0	0011	0057	+00.16	02	00	0897	08
41	0021	28	07	13	14	00514	22.4	+28.2	0000	058.3	000.0	0015	0062	+00.20	02	00	0897	08
42	0001	28	07	13	15	00506	22.7	+28.3	0000	059.0	000.0	0000	0000	+00.00	02	00	0897	08
42	0002	28	07	13	15	00511	22.7	+28.3	0000	059.0	000.0	0000	0004	+00.00	02	00	0895	08
42	0003	28	07	13	15	00518	22.7	+28.3	0000	059.0	000.0	0000	0009	+00.00	02	00	0897	08
42	0004	28	07	13	16	00523	22.7	+28.3	0000	059.0	000.0	0016	0014	+01.00	02	00	0897	08
42	0005	28	07	13	16	00527	22.7	+28.3	0000	059.0	000.0	0021	0019	+00.94	02	00	0895	08
42	0006	28	07	13	16	00533	22.7	+28.3	0000	059.0	000.0	0026	0024	+00.94	02	00	0897	08
42	0007	28	07	13	16	00541	22.7	+28.3	0000	059.0	000.0	0033	0028	+01.00	02	00	0897	08
42	0008	28	07	13	16	00544	22.7	+28.3	0000	059.0	000.0	0038	0033	+00.99	02	00	0895	08
42	0009	28	07	13	16	00548	22.7	+28.3	0000	059.0	000.0	0043	0038	+00.96	02	00	0897	08
42	0010	28	07	13	16	00555	22.7	+28.3	0000	059.0	000.0	0048	0043	+00.96	02	00	0897	08
42	0011	28	07	13	17	00566	22.9	+28.3	0000	059.1	000.0	0056	0048	+01.00	02	00	0895	08
44	0001	28	07	13	18	00538	22.2	+28.4	0000	057.5	000.0	0000	0000	+00.00	02	00	0895	08
44	0002	28	07	13	18	00543	22.2	+28.3	0000	057.5	000.0	0000	0004	+00.00	02	00	0897	08
44	0003	28	07	13	19	00544	22.2	+28.3	0000	057.5	000.0	0000	0009	+00.00	02	00	0895	08
44	0004	28	07	13	19	00549	22.4	+28.4	0000	057.7	000.0	0010	0014	+00.60	02	00	0895	08
44	0005	28	07	13	19	00554	22.4	+28.3	0000	057.8	000.0	0015	0019	+00.67	02	00	0897	08
44	0006	28	07	13	19	00562	22.6	+28.4	0000	057.9	000.0	0022	0024	+00.80	02	00	0897	08
44	0007	28	07	13	19	00562	22.6	+28.4	0000	058.0	000.0	0025	0028	+00.77	02	00	0895	08
44	0008	28	07	13	19	00569	22.9	+28.4	0000	058.1	000.0	0031	0033	+00.80	02	00	0897	08
44	0009	28	07	13	20	00574	23.0	+28.4	0000	058.3	000.0	0036	0038	+00.82	02	00	0895	08
44	0010	28	07	13	20	00580	23.0	+28.4	0000	058.4	000.0	0042	0043	+00.84	02	00	0897	08
44	0011	28	07	13	20	00581	23.2	+28.4	0000	058.5	000.0	0046	0048	+00.83	02	00	0895	08
44	0012	28	07	13	20	00589	23.2	+28.4	0000	058.7	000.0	0051	0052	+00.84	02	00	0897	08
45	0001	28	07	13	22	00434	22.4	+28.4	0000	058.0	000.0	0000	0000	+00.00	02	00	0897	08
45	0002	28	07	13	22	00434	22.5	+28.4	0000	058.0	000.0	0000	0004	+00.00	02	00	0897	08
45	0003	28	07	13	23	00438	22.5	+28.4	0000	058.0	000.0	0000	0009	+00.00	02	00	0897	08
45	0004	28	07	13	23	00449	22.5	+28.4	0000	058.0	000.0	0014	0014	+00.86	02	00	0895	08
45	0005	28	07	13	23	00454	22.5	+28.4	0000	058.0	000.0	0022	0019	+00.99	02	00	0897	08
45	0006	28	07	13	23	00459	22.5	+28.4	0000	058.0	000.0	0028	0024	+01.01	02	00	0895	08
45	0007	28	07	13	23	00459	22.3	+28.4	0000	058.0	000.0	0030	0028	+00.90	02	00	0897	08
45	0008	28	07	13	23	00470	22.3	+28.4	0000	058.0	000.0	0037	0033	+00.94	02	00	0897	08
45	0009	28	07	13	24	00474	22.5	+28.4	0000	058.0	000.0	0043	0038	+00.95	02	00	0895	08
45	0010	28	07	13	24	00475	22.5	+28.4	0000	058.0	000.0	0046	0043	+00.92	02	00	0897	08
45	0011	28	07	13	24	00483	22.5	+28.4	0000	058.0	000.0	0051	0048	+00.92	02	00	0895	08
46	0009	28	07	13	27	00424	22.4	+28.4	0000	058.0	000.0	0000	0000	+00.00	02	00	0895	08
46	0010	28	07	13	28	00433	22.4	+28.4	0000	058.0	000.0	0000	0004	+00.00	02	00	0895	08
46	0011	28	07	13	28	00434	22.4	+28.4	0000	058.0	000.0	0000	0009	+00.00	02	00	0897	08
46	0012	28	07	13	28	00436	22.4	+28.4	0000	058.0	000.0	0011	0014	+00.65	02	00	0897	08
46	0013	28	07	13	28	00435	22.4	+28.3	0000	058.0	000.0	0010	0019	+00.44	02	00	0895	08
46	0014	28	07	13	28	00441	22.4	+28.4	0000	058.0	000.0	0013	0024	+00.46	02	00	0895	08
46	0015	28	07	13	28	00439	22.4	+28.4	0000	058.0	000.0	0013	0028	+00.39	02	00	0895	08
46	0016	28	07	13	28	00437	22.4	+28.4	0000	058.0	000.0	0011	0033	+00.30	02	00	0895	08
46	0017	28	07	13	29	00443	22.4	+28.3	0000	058.0	000.0	0013	0038	+00.30	02	00	0895	08
46	0018	28	07	13	29	00442	22.4	+28.3	0000	058.0	000.0	0014	0043	+00.28	02	00	0895	08
46	0019	28	07	13	29	00439	22.4	+28.3	0000	058.1	000.0	0013	0048	+00.23	02	00	0897	08
46	0020	28	07	13	29	00431	22.5	+28.3	0000	058.1	000.0	0008	0052	+00.14	02	00	0895	08
46	0021	28	07	13	29	00431	22.5	+28.3	0000	058.1	000.0	0005	0057	+00.08	02	00	0895	08
46	0022	28	07	13	29	00438	22.5	+28.3	0000	058.1	000.0	0005	0062	+00.07	02	00	0895	08
47	0001	28	07	13	31	00603	22.2	+28.2	0000	058.0	000.0	0000	0000	+00.00	02	00	0897	08
47	0002	28	07	13	31	00599	22.1	+28.2	0000	057.9	000.0	0000	0004	+00.00	02	00	0897	08
47	0003	28	07	13	31	00603	22.0	+28.2	0000	057.9	000.0	0000	0009	+00.00	02	00	0895	08
47	0004	28	07	13	31	00603	22.2	+28.2	0000	057.9	000.0	0001	0014	+00.07	02	00	0895	08
47	0005	28	07	13	31	00605	22.2	+28.2	0000	057.9	000.0	0003	0019	+00.16	02	00	0895	08
47	0006	28	07	13	31	00606	22.2	+28.2	0000	058.0	000.0	0005	0024	+00.19	02	00	0897	08
47	0007	28	07	13	31	00608	22.2	+28.2	0000	057.9	000.0	0007	0028	+00.21	02	00	0897	08
47	0008	28	07	13	32	00607	22.1	+28.2	0000	057.9	000.0	0007	0033	+00.19	02	00	0897	08
47	0009	28	07	13	32	00609	22.1	+28.2	0000	058.0	000.0	0008	0038	+00.19	02	00	0897	08
47	0010	28	07	13	32	00614	22.1	+28.2	0000	058.0	000.0	0011	0043	+00.22	02	00	0897	08
47	0011	28	07	13	32	00614	22.1	+28.2	0000	058.0	000.0	0013	0048	+00.23	02	00	0897	08
47	0012	28	07	13	32	00616	22.1	+28.1	0000	058.0	000.0	0015	0052	+00.25	02	00	0897	08
47	0013	28	07	13	32	00625	22.1	+28.2	0000	058.0	000.0	0020	0057	+00.29	02	00	0897	08
47	0014	28	07	13	33	00626	22.1	+28.1	0000	058.0	000.0	0023	0062	+00.32	02	00	0895	08
48	0001	28	07	13	40	00417	22.5	+28.0	0000	059.5	000.0	0000	0000	+00.00	02	00	0895	08
48	0002	28	07	13	41	00420	22.5	+28.0	0000	059.5	000.0	0000	0004	+00.00	02	00	0895	08
48	0003	28	07	13	41	00421	22.4	+28.0	0000	059.3	000.0	0000	0009	+00.00	02	00	0897	08
48	0004	28	07	13	41	00419	22.4	+28.0	0000	059.2	000.0	0001	0014	+00.09	02	00	0897	08
48	0005	28	07	13	41	00423	22.4	+28.0	0000	059.2	000.0	0004	0019	+00.19	02	00	0895	08
48	0006	28	07	13	41	00421	22.4	+28.1	0000	059.1	000.0	0003	0024	+00.13	02	00	0897	08
48	0007	28	07	13	41	00422	22.4	+28.0	0000	059.1	000.0	0004	0028	+00.12	02	00	0895	08
48	0008	28	07	13	42	00420	22.4	+28.1	0000	059.1	000.0	0003	0033	+00.07	02	00	0895	08
48	0009	28	07	13	42	00422	22.4	+28.1	0000	059.1	000.0	0003	0038	+00.07	02	00	0897	08
48	0010	28	07	13	42	00422	22.4	+28.0	0000	059.1	000.0	0003	0043	+00.06	02	00	0897	08
48	0011	28	07	13	42	00426	22.4	+28.0	0000	059.1	000.0	0005	0048	+00.09	02	00	0895	08
48	0012	28	07	13	42	00427	22.4	+28.1	0000	059.1	000.0	0006	0052	+00.11	02	00	0895	08
48	0013	28	07	13	42	00428	22.4	+28.1	0000	059.1	000.0	0008	0057	+00.12	02	00	0895	08
48	0014	28	07	13	42	00430	22.4	+28.1	0000	059.0	000.0	0010	0062	+00.14	02	00	0895	08
49	0001	28	07	13	43	00433	22.5	+28.1	0000	059.0	000.0	0000	0000	+00.00	02	00	0895	08
49	0002	28	07	13	44	00436	22.5	+28.1	0000	059.0	000.0	0000	0004	+00.00	02	00	0897	08
49	0003	28	07	13	44	00445	22.5	+28.1	0000	059.0	000.0	0000	0009	+00.00	02	00	0895	08
49	0004	28	07	13	44	00448	22.5	+28.1	0000	059.0	000.0	0016	0014	+00.96	02	00	0897	08
49	0005	28	07	13	44	00461	22.5	+28.1	0000	059.0	000.0	0027	0019	+01.20	02	00	0895	08
49	0006	28	07	13	44	00467	22.5	+28.1	0000	059.0	000.0	0035	0024	+01.27	02	00	0895	08
49	0007	28	07	13	44	00476	22.5	+28.1	0000	059.0	000.0	0044	0028	+01.32	02	00	0895	08
49	0008	28	07	13	44	00488	22.5	+28.1	0000	059.0	000.0	0055	0033	+01.42	02	00	0897	08
50	0001	28	07	13	46	00415	22.5	+28.2	0000	059.0	000.0	0000	0000	+00.00	02	00	0895	08
50	0002	28	07	13	46	00422	22.7	+28.2	0000	059.2	000.0	0000	0004	+00.00	02	00	0895	08
50	0003	28	07	13	46	00425	22.7	+28.2	0000	059.4	000.0	0000	0009	+00.00	02	00	0895	08
50	0004	28	07	13	46	00425	22.7	+28.2	0000	059.4	000.0	0009	0014	+00.59	02	00	0895	08
50	0005	28	07	13	47	00427	22.7	+28.2	0000	059.4	000.0	0011	0019	+00.49	02	00	0895	08
50	0006	28	07	13	47	00426	22.7	+28.2	0000	059.4	000.0	0010	0024	+00.35	02	00	0895	08
50	0007	28	07	13	47	00435	22.9	+28.2	0000	059.5	000.0	0015	0028	+00.45	02	00	0895	08
50	0008	28	07	13	47	00436	23.0	+28.2	0000	059.6	000.0	0018	0033	+00.46	02	00	0895	08
50	0009	28	07	13	47	00438	22.9	+28.2	0000	059.6	000.0	0020	0038	+00.46	02	00	0895	08
50	0010	28	07	13	47	00441	23.0	+28.2	0000	059.7	000.0	0023	0043	+00.47	02	00	0895	08
50	0011	28	07	13	47	00444	23.0	+28.2	0000	059.7	000.0	0027	0048	+00.48	02	00	0895	08
50	0012	28	07	13	48	00446	23.1	+28.2	0000	059.8	000.0	0029	0052	+00.48	02	00	0895	08
50	0013	28	07	13	48	00451	23.1	+28.2	0000	059.9	000.0	0032	0057	+00.49	02	00	0895	08
50	0014	28	07	13	48	00454	23.3	+28.2	0000	059.9	000.0	0036	0062	+00.50	02	00	0895	08
51	0002	28	07	13	52	00673	23.6	+28.4	0000	061.0	000.0	0000	0000	+00.00	02	00	0895	08
51	0003	28	07	13	53	00675	23.6	+28.4	0000	061.0	000.0	0000	0004	+00.00	02	00	0895	08
51	0004	28	07	13	53	00683	23.6	+28.4	0000	061.0	000.0	0000	0009	+00.00	02	00	0895	08
51	0005	28	07	13	53	00685	23.6	+28.4	0000	061.0	000.0	0012	0014	+00.72	02	00	0895	08
51	0006	28	07	13	53	00686	23.6	+28.4	0000	061.0	000.0	0014	0019	+00.63	02	00	0895	08
51	0007	28	07	13	53	00697	23.6	+28.4	0000	061.0	000.0	0021	0024	+00.77	02	00	0895	08
51	0008	28	07	13	53	00705	23.6	+28.4	0000	061.0	000.0	0030	0028	+00.90	02	00	0895	08
51	0009	28	07	13	53	00710	23.6	+28.4	0000	061.0	000.0	0037	0033	+00.95	02	00	0895	08
51	0010	28	07	13	54	00715	23.7	+28.4	0000	061.0	000.0	0043	0038	+00.96	02	00	0895	08
51	0011	28	07	13	54	00718	23.7	+28.4	0000	061.0	000.0	0048	0043	+00.95	02	00	0895	08
51	0012	28	07	13	54	00726	23.7	+28.4	0000	061.0	000.0	0054	0048	+00.96	02	00	0895	08
52	0001	28	07	13	55	00479	23.6	+28.5	0000	060.5	000.0	0000	0000	+00.00	02	00	0895	08
52	0002	28	07	13	55	00478	23.6	+28.5	0000	060.5	000.0	0000	0004	+00.00	02	00	0895	08
52	0003	28	07	13	55	00478	23.4	+28.5	0000	060.4	000.0	0000	0009	+00.00	02	00	0895	08
52	0004	28	07	13	56	00478	23.4	+28.5	0000	060.3	000.0	0001	0014	-00.08	02	01	0895	08
52	0005	28	07	13	56	00476	23.5	+28.6	0000	060.3	000.0	0002	0019	-00.12	02	01	0895	08
52	0006	28	07	13	56	00478	23.5	+28.6	0000	060.2	000.0	0001	0024	-00.06	02	01	0895	08
52	0007	28	07	13	56	00482	23.5	+28.6	0000	060.2	000.0	0001	0028	+00.03	02	00	0895	08
52	0008	28	07	13	56	00480	23.5	+28.6	0000	060.2	000.0	0001	0033	+00.04	02	00	0895	08
52	0009	28	07	13	56	00481	23.5	+28.6	0000	060.2	000.0	0002	0038	+00.05	02	00	0895	08
52	0010	28	07	13	56	00482	23.5	+28.6	0000	060.1	000.0	0003	0043	+00.06	02	00	0895	08
52	0011	28	07	13	57	00484	23.5	+28.6	0000	060.1	000.0	0005	0048	+00.09	02	00	0895	08
52	0012	28	07	13	57	00483	23.5	+28.6	0000	060.1	000.0	0005	0052	+00.09	02	00	0895	08
52	0013	28	07	13	57	00485	23.5	+28.6	0000	060.1	000.0	0006	0057	+00.10	02	00	0895	08
52	0014	28	07	13	57	00486	23.6	+28.6	0000	060.1	000.0	0008	0062	+00.11	02	00	0895	08
53	0001	28	07	13	58	00449	23.6	+28.6	0000	060.1	000.0	0000	0000	+00.00	02	00	0895	08
53	0002	28	07	13	58	00454	23.6	+28.7	0000	060.1	000.0	0000	0004	+00.00	02	00	0895	08
53	0003	28	07	13	59	00460	23.6	+28.7	0000	060.1	000.0	0000	0009	+00.00	02	00	0895	08
53	0004	28	07	13	59	00466	23.5	+28.7	0000	060.0	000.0	0016	0014	+01.00	02	00	0895	08
53	0005	28	07	13	59	00470	23.7	+28.7	0000	060.0	000.0	0021	0019	+00.96	02	00	0895	08
53	0006	28	07	13	59	00476	23.6	+28.7	0000	060.0	000.0	0026	0024	+00.95	02	00	0895	08
53	0007	28	07	13	59	00481	23.7	+28.7	0000	060.0	000.0	0031	0028	+00.94	02	00	0895	08
53	0008	28	07	13	59	00484	23.7	+28.7	0000	060.0	000.0	0035	0033	+00.91	02	00	0895	08
53	0009	28	07	14	00	00491	23.5	+28.7	0000	060.0	000.0	0041	0038	+00.91	02	00	0895	08
53	0010	28	07	14	00	00491	23.5	+28.7	0000	059.9	000.0	0044	0043	+00.87	02	00	0895	08
53	0011	28	07	14	00	00497	23.7	+28.7	0000	059.9	000.0	0048	0048	+00.85	02	00	0895	08
53	0012	28	07	14	00	00503	23.7	+28.7	0000	059.9	000.0	0052	0052	+00.85	02	00	0895	08
54	0001	28	07	14	09	00566	23.4	+28.7	0000	059.6	000.0	0000	0000	+00.00	02	00	0895	08
54	0002	28	07	14	10	00567	23.4	+28.7	0000	059.6	000.0	0000	0004	+00.00	02	00	0895	08
54	0003	28	07	14	10	00567	23.4	+28.6	0000	059.6	000.0	0000	0009	+00.00	02	00	0895	08
54	0004	28	07	14	10	00568	23.4	+28.6	0000	059.6	000.0	0001	0014	+00.09	02	00	0895	08
54	0005	28	07	14	10	00569	23.4	+28.6	0000	059.6	000.0	0003	0019	+00.13	02	00	0895	08
54	0006	28	07	14	10	00568	23.4	+28.6	0000	059.6	000.0	0002	0024	+00.08	02	00	0895	08
54	0007	28	07	14	10	00570	23.1	+28.6	0000	059.5	000.0	0003	0028	+00.11	02	00	0895	08
54	0008	28	07	14	10	00568	23.1	+28.6	0000	059.5	000.0	0002	0033	+00.07	02	00	0895	08
54	0009	28	07	14	11	00569	23.2	+28.6	0000	059.4	000.0	0003	0038	+00.07	02	00	0895	08
54	0010	28	07	14	11	00569	23.1	+28.6	0000	059.4	000.0	0003	0043	+00.06	02	00	0895	08
54	0011	28	07	14	11	00573	23.2	+28.6	0000	059.4	000.0	0004	0048	+00.08	02	00	0895	08
54	0012	28	07	14	11	00576	23.1	+28.6	0000	059.3	000.0	0007	0052	+00.11	02	00	0895	08
54	0013	28	07	14	11	00576	23.1	+28.6	0000	059.3	000.0	0008	0057	+00.12	02	00	0895	08
54	0014	28	07	14	11	00577	23.1	+28.6	0000	059.3	000.0	0010	0062	+00.14	02	00	0895	08
55	0001	28	07	14	13	00696	22.8	+28.5	0000	058.6	000.0	0000	0000	+00.00	02	00	0895	08
55	0002	28	07	14	13	00708	22.8	+28.5	0000	058.6	000.0	0000	0004	+00.00	02	00	0895	08
55	0003	28	07	14	13	00726	22.8	+28.5	0000	058.6	000.0	0000	0009	+00.00	02	00	0895	08
55	0004	28	07	14	13	00743	22.8	+28.5	0000	058.6	000.0	0047	0014	+02.79	02	00	0895	08
55	0005	28	07	14	13	00754	22.8	+28.5	0000	058.6	000.0	0060	0019	+02.68	02	00	0895	08
57	0001	28	07	14	20	00416	22.8	+28.2	0000	059.5	000.0	0000	0000	+00.00	02	00	0895	08
57	0002	28	07	14	20	00420	22.8	+28.2	0000	059.6	000.0	0000	0004	+00.00	02	00	0895	08
57	0003	28	07	14	20	00423	22.8	+28.2	0000	059.6	000.0	0000	0009	+00.00	02	00	0895	08
57	0004	28	07	14	20	00430	22.8	+28.2	0000	059.5	000.0	0013	0014	+00.78	02	00	0895	08
57	0005	28	07	14	20	00431	22.8	+28.2	0000	059.5	000.0	0016	0019	+00.71	02	00	0895	08
57	0006	28	07	14	20	00435	22.8	+28.2	0000	059.5	000.0	0019	0024	+00.69	02	00	0895	08
57	0007	28	07	14	21	00440	22.6	+28.2	0000	059.5	000.0	0023	0028	+00.70	02	00	0895	08
57	0008	28	07	14	21	00443	22.6	+28.2	0000	059.5	000.0	0027	0033	+00.69	02	00	0895	08
57	0009	28	07	14	21	00446	22.6	+28.2	0000	059.4	000.0	0030	0038	+00.67	02	00	0895	08
57	0010	28	07	14	21	00449	22.6	+28.2	0000	059.4	000.0	0033	0043	+00.65	02	00	0895	08
57	0011	28	07	14	21	00455	22.6	+28.2	0000	059.3	000.0	0037	0048	+00.66	02	00	0895	08
57	0012	28	07	14	21	00459	22.6	+28.2	0000	059.3	000.0	0041	0052	+00.66	02	00	0895	08
57	0013	28	07	14	21	00463	22.6	+28.2	0000	059.3	000.0	0045	0057	+00.67	02	00	0895	08
57	0014	28	07	14	22	00465	22.5	+28.2	0000	059.3	000.0	0049	0062	+00.67	02	00	0895	08
58	0001	28	07	14	23	00432	22.5	+28.2	0000	059.0	000.0	0000	0000	+00.00	02	00	0895	08
58	0002	28	07	14	24	00434	22.5	+28.1	0000	059.0	000.0	0000	0004	+00.00	02	00	0895	08
58	0003	28	07	14	24	00438	22.5	+28.1	0000	058.9	000.0	0000	0009	+00.00	02	00	0895	08
58	0004	28	07	14	24	00440	22.5	+28.1	0000	058.9	000.0	0008	0014	+00.49	02	00	0895	08
58	0005	28	07	14	24	00439	22.5	+28.1	0000	059.0	000.0	0007	0019	+00.33	02	00	0895	08
58	0006	28	07	14	24	00447	22.7	+28.1	0000	059.0	000.0	0012	0024	+00.44	02	00	0895	08
58	0007	28	07	14	24	00447	22.7	+28.1	0000	059.0	000.0	0014	0028	+00.44	02	00	0895	08
58	0008	28	07	14	24	00453	22.7	+28.1	0000	059.1	000.0	0019	0033	+00.49	02	00	0895	08
58	0009	28	07	14	25	00458	22.7	+28.1	0000	059.2	000.0	0024	0038	+00.54	02	00	0895	08
58	0010	28	07	14	25	00461	22.6	+28.1	0000	059.2	000.0	0028	0043	+00.57	02	00	0895	08
58	0011	28	07	14	25	00463	22.7	+28.1	0000	059.2	000.0	0032	0048	+00.57	02	00	0895	08
58	0012	28	07	14	25	00467	22.6	+28.1	0000	059.2	000.0	0036	0052	+00.58	02	00	0895	08
58	0013	28	07	14	25	00472	22.7	+28.1	0000	059.2	000.0	0040	0057	+00.60	02	00	0895	08
58	0014	28	07	14	25	00476	22.5	+28.1	0000	059.2	000.0	0044	0062	+00.61	02	00	0895	08
59	0001	28	07	14	27	00415	22.4	+28.0	0000	059.0	000.0	0000	0000	+00.00	02	00	0895	08
59	0002	28	07	14	27	00418	22.4	+28.1	0000	059.0	000.0	0000	0004	+00.00	02	00	0895	08
59	0003	28	07	14	27	00420	22.4	+28.0	0000	059.0	000.0	0000	0009	+00.00	02	00	0895	08
59	0004	28	07	14	27	00425	22.4	+28.0	0000	059.0	000.0	0009	0014	+00.57	02	00	0895	08
59	0005	28	07	14	27	00426	22.4	+28.0	0000	059.0	000.0	0011	0019	+00.51	02	00	0895	08
59	0006	28	07	14	27	00427	22.4	+28.0	0000	059.0	000.0	0013	0024	+00.46	02	00	0895	08
59	0007	28	07	14	28	00429	22.4	+28.1	0000	059.0	000.0	0014	0028	+00.42	02	00	0895	08
59	0008	28	07	14	28	00430	22.4	+28.0	0000	059.0	000.0	0015	0033	+00.38	02	00	0895	08
59	0009	28	07	14	28	00434	22.4	+28.0	0000	059.0	000.0	0017	0038	+00.39	02	00	0895	08
59	0010	28	07	14	28	00435	22.4	+28.0	0000	059.0	000.0	0019	0043	+00.38	02	00	0895	08
59	0011	28	07	14	28	00439	22.4	+28.0	0000	059.0	000.0	0022	0048	+00.39	02	00	0895	08
59	0012	28	07	14	28	00443	22.4	+28.0	0000	059.0	000.0	0025	0052	+00.41	02	00	0895	08
59	0013	28	07	14	28	00445	22.4	+28.0	0000	059.0	000.0	0028	0057	+00.42	02	00	0895	08
59	0014	28	07	14	29	00443	22.3	+28.0	0000	059.0	000.0	0029	0062	+00.40	02	00	0895	08
60	0001	28	07	14	30	00451	22.5	+28.0	0000	059.5	000.0	0000	0000	+00.00	02	00	0895	08
60	0002	28	07	14	30	00451	22.3	+28.0	0000	059.2	000.0	0000	0004	+00.00	02	00	0895	08
60	0003	28	07	14	30	00447	22.2	+28.0	0000	059.2	000.0	0000	0009	+00.00	02	00	0895	08
60	0004	28	07	14	30	00447	22.4	+28.0	0000	059.3	000.0	0004	0014	-00.27	02	01	0895	08
60	0005	28	07	14	30	00450	22.3	+28.0	0000	059.3	000.0	0002	0019	-00.11	02	01	0895	08
60	0006	28	07	14	30	00448	22.4	+28.0	0000	059.3	000.0	0002	0024	-00.09	02	01	0895	08
60	0007	28	07	14	31	00448	22.5	+28.0	0000	059.3	000.0	0002	0028	-00.07	02	01	0895	08
60	0008	28	07	14	31	00447	22.4	+28.0	0000	059.3	000.0	0002	0033	-00.07	02	01	0895	08
60	0009	28	07	14	31	00448	22.4	+28.0	0000	059.3	000.0	0002	0038	-00.05	02	01	0895	08
60	0010	28	07	14	31	00452	22.4	+28.0	0000	059.4	000.0	0000	0043	-00.01	02	01	0895	08
60	0011	28	07	14	31	00451	22.2	+28.0	0000	059.3	000.0	0000	0048	+00.01	02	00	0895	08
60	0012	28	07	14	31	00451	22.2	+28.0	0000	059.3	000.0	0001	0052	+00.02	02	00	0895	08
60	0013	28	07	14	32	00451	22.2	+28.0	0000	059.3	000.0	0002	0057	+00.03	02	00	0895	08
60	0014	28	07	14	32	00453	22.2	+28.0	0000	059.3	000.0	0003	0062	+00.04	02	00	0895	08
61	0001	28	07	14	33	00418	22.2	+27.9	0000	059.0	000.0	0000	0000	+00.00	02	00	0895	08
61	0002	28	07	14	33	00424	22.2	+27.9	0000	059.0	000.0	0000	0004	+00.00	02	00	0895	08
61	0003	28	07	14	34	00434	22.2	+27.9	0000	059.0	000.0	0000	0009	+00.00	02	00	0895	08
61	0004	28	07	14	34	00442	22.0	+27.9	0000	058.9	000.0	0024	0014	+01.43	02	00	0895	08
61	0005	28	07	14	34	00454	22.1	+28.0	0000	058.9	000.0	0035	0019	+01.58	02	00	0895	08
61	0006	28	07	14	34	00464	22.0	+27.9	0000	058.8	000.0	0046	0024	+01.66	02	00	0895	08
61	0007	28	07	14	34	00473	22.0	+27.9	0000	058.7	000.0	0056	0028	+01.68	02	00	0895	08
62	0001	28	07	14	36	00412	21.8	+27.9	0000	058.0	000.0	0000	0000	+00.00	02	00	0895	08
62	0002	28	07	14	37	00424	21.8	+27.9	0000	058.0	000.0	0000	0004	+00.00	02	00	0895	08
62	0003	28	07	14	37	00435	22.0	+27.9	0000	058.0	000.0	0000	0009	+00.00	02	00	0895	08
62	0004	28	07	14	37	00446	21.8	+27.9	0000	058.0	000.0	0034	0014	+02.02	02	00	0895	08
62	0005	28	07	14	37	00454	21.8	+27.9	0000	058.0	000.0	0042	0019	+01.88	02	00	0895	08
62	0006	28	07	14	37	00468	22.0	+27.9	0000	058.1	000.0	0054	0024	+01.93	02	00	0895	08
63	0003	28	07	15	42	00543	19.4	+26.4	0000	056.3	000.0	0000	0000	+00.00	00	00	0894	08
63	0004	28	07	15	42	00556	19.1	+26.4	0000	055.9	000.0	0000	0004	+00.00	00	00	0894	08
63	0005	28	07	15	42	00564	19.2	+26.4	0000	055.8	000.0	0000	0009	+00.00	00	00	0895	08
63	0006	28	07	15	42	00575	19.2	+26.4	0000	055.8	000.0	0031	0014	+01.86	02	00	0895	08
63	0007	28	07	15	42	00581	19.2	+26.4	0000	055.8	000.0	0038	0019	+01.69	02	00	0895	08
63	0008	28	07	15	43	00592	19.2	+26.4	0000	055.8	000.0	0047	0024	+01.70	02	00	0894	08
63	0009	28	07	15	43	00603	19.3	+26.5	0000	055.8	000.0	0057	0028	+01.71	02	00	0894	08
63	0010	28	07	15	43	00606	19.3	+26.5	0000	055.8	000.0	0064	0033	+01.62	02	00	0894	08
63	0011	28	07	15	43	00623	19.3	+26.5	0000	055.8	000.0	0075	0038	+01.68	02	00	0894	08
63	0012	28	07	15	43	00635	19.2	+26.5	0000	055.8	000.0	0087	0043	+01.73	02	00	0894	08
63	0013	28	07	15	43	00640	19.2	+26.5	0000	055.7	000.0	0096	0048	+01.71	02	00	0895	08
63	0014	28	07	15	43	00653	19.2	+26.5	0000	055.7	000.0	0107	0052	+01.73	02	00	0894	08
65	0001	28	07	15	50	00779	19.1	+27.0	0000	053.8	000.0	0000	0000	+00.00	02	00	0894	08
65	0002	28	07	15	50	00781	19.1	+27.0	0000	053.8	000.0	0000	0004	+00.00	02	00	0895	08
65	0003	28	07	15	50	00788	19.1	+26.9	0000	053.8	000.0	0000	0009	+00.00	02	00	0895	08
65	0004	28	07	15	50	00791	19.1	+27.0	0000	053.8	000.0	0012	0014	+00.75	02	00	0895	08
65	0005	28	07	15	50	00797	19.3	+27.0	0000	053.9	000.0	0018	0019	+00.83	02	00	0894	08
65	0006	28	07	15	50	00804	19.4	+27.0	0000	054.0	000.0	0025	0024	+00.90	02	00	0895	08
65	0007	28	07	15	50	00811	19.4	+27.0	0000	054.1	000.0	0032	0028	+00.96	02	00	0895	08
65	0008	28	07	15	51	00819	19.6	+27.0	0000	054.1	000.0	0040	0033	+01.02	02	00	0894	08
65	0009	28	07	15	51	00824	19.6	+27.0	0000	054.2	000.0	0047	0038	+01.05	02	00	0894	08
65	0010	28	07	15	51	00827	19.7	+27.0	0000	054.3	000.0	0052	0043	+01.03	02	00	0894	08
65	0011	28	07	15	51	00834	19.9	+27.0	0000	054.4	000.0	0057	0048	+01.03	02	00	0895	08
65	0012	28	07	15	51	00841	19.9	+27.0	0000	054.6	000.0	0064	0052	+01.05	02	00	0895	08
65	0013	28	07	15	51	00843	20.0	+27.0	0000	054.7	000.0	0069	0057	+01.03	02	00	0895	08
65	0014	28	07	15	51	00853	20.1	+27.0	0000	054.8	000.0	0075	0062	+01.04	02	00	0894	08
66	0001	28	07	15	53	00412	19.6	+27.0	0000	054.8	000.0	0000	0000	+00.00	02	00	0894	08
66	0002	28	07	15	53	00413	19.5	+27.1	0000	054.7	000.0	0000	0004	+00.00	02	00	0894	08
66	0003	28	07	15	53	00418	19.5	+27.1	0000	054.6	000.0	0000	0009	+00.00	02	00	0895	08
66	0004	28	07	15	54	00419	19.5	+27.1	0000	054.5	000.0	0007	0014	+00.45	02	00	0895	08
66	0005	28	07	15	54	00419	19.5	+27.1	0000	054.5	000.0	0007	0019	+00.34	02	00	0895	08
66	0006	28	07	15	54	00422	19.5	+27.1	0000	054.4	000.0	0009	0024	+00.34	02	00	0895	08
66	0007	28	07	15	54	00425	19.5	+27.1	0000	054.4	000.0	0012	0028	+00.36	02	00	0895	08
66	0008	28	07	15	54	00429	19.5	+27.1	0000	054.4	000.0	0015	0033	+00.40	02	00	0894	08
66	0009	28	07	15	54	00431	19.5	+27.1	0000	054.4	000.0	0018	0038	+00.41	02	00	0894	08
66	0010	28	07	15	55	00432	19.5	+27.1	0000	054.4	000.0	0020	0043	+00.41	02	00	0894	08
66	0011	28	07	15	55	00434	19.5	+27.1	0000	054.4	000.0	0022	0048	+00.40	02	00	0895	08
66	0012	28	07	15	55	00437	19.3	+27.1	0000	054.3	000.0	0025	0052	+00.40	02	00	0894	08
66	0013	28	07	15	55	00441	19.3	+27.1	0000	054.3	000.0	0028	0057	+00.42	02	00	0894	08
66	0014	28	07	15	55	00444	19.2	+27.0	0000	054.3	000.0	0031	0062	+00.43	02	00	0894	08
67	0001	28	07	15	56	00437	19.3	+27.1	0000	053.8	000.0	0000	0000	+00.00	02	00	0895	08
67	0002	28	07	15	56	00444	19.3	+27.1	0000	053.8	000.0	0000	0004	+00.00	02	00	0894	08
67	0003	28	07	15	57	00449	19.3	+27.1	0000	053.8	000.0	0000	0009	+00.00	02	00	0894	08
67	0004	28	07	15	57	00454	19.3	+27.1	0000	053.8	000.0	0016	0014	+00.96	02	00	0895	08
67	0005	28	07	15	57	00454	19.2	+27.1	0000	053.8	000.0	0017	0019	+00.77	02	00	0895	08
67	0006	28	07	15	57	00464	19.4	+27.2	0000	053.8	000.0	0024	0024	+00.87	02	00	0894	08
67	0007	28	07	15	57	00471	19.4	+27.2	0000	053.8	000.0	0031	0028	+00.93	02	00	0895	08
67	0008	28	07	15	57	00476	19.4	+27.2	0000	053.8	000.0	0037	0033	+00.95	02	00	0895	08
67	0009	28	07	15	57	00485	19.4	+27.2	0000	053.8	000.0	0045	0038	+01.00	02	00	0895	08
67	0010	28	07	15	58	00487	19.4	+27.2	0000	053.8	000.0	0050	0043	+01.00	02	00	0895	08
67	0011	28	07	15	58	00494	19.4	+27.2	0000	053.8	000.0	0056	0048	+01.00	02	00	0894	08
67	0012	28	07	15	58	00499	19.4	+27.2	0000	053.8	000.0	0062	0052	+01.00	02	00	0895	08
67	0013	28	07	15	58	00500	19.4	+27.2	0000	053.8	000.0	0066	0057	+00.97	02	00	0895	08
67	0014	28	07	15	58	00509	19.4	+27.2	0000	053.8	000.0	0071	0062	+00.98	02	00	0895	08
68	0001	28	07	16	00	00507	18.9	+27.2	0000	052.3	000.0	0000	0000	+00.00	02	00	0894	08
68	0002	28	07	16	00	00509	18.7	+27.2	0000	052.0	000.0	0000	0004	+00.00	02	00	0895	08
68	0003	28	07	16	00	00511	18.7	+27.2	0000	051.9	000.0	0000	0009	+00.00	02	00	0895	08
68	0004	28	07	16	00	00514	18.7	+27.2	0000	051.9	000.0	0007	0014	+00.44	02	00	0895	08
68	0005	28	07	16	00	00519	18.7	+27.2	0000	051.9	000.0	0012	0019	+00.54	02	00	0894	08
68	0006	28	07	16	00	00525	18.8	+27.3	0000	051.9	000.0	0018	0024	+00.64	02	00	0895	08
68	0007	28	07	16	01	00528	18.7	+27.2	0000	051.9	000.0	0022	0028	+00.65	02	00	0894	08
68	0008	28	07	16	01	00531	18.8	+27.3	0000	051.8	000.0	0026	0033	+00.65	02	00	0894	08
68	0009	28	07	16	01	00534	18.6	+27.3	0000	051.8	000.0	0029	0038	+00.65	02	00	0895	08
68	0010	28	07	16	01	00539	18.4	+27.3	0000	051.7	000.0	0033	0043	+00.66	02	00	0895	08
68	0011	28	07	16	01	00539	18.4	+27.3	0000	051.6	000.0	0035	0048	+00.63	02	00	0895	08
68	0012	28	07	16	01	00543	18.5	+27.3	0000	051.6	000.0	0038	0052	+00.62	02	00	0895	08
68	0013	28	07	16	01	00546	18.6	+27.3	0000	051.5	000.0	0041	0057	+00.61	02	00	0894	08
68	0014	28	07	16	02	00551	18.6	+27.3	0000	051.5	000.0	0044	0062	+00.61	02	00	0894	08
69	0001	28	07	16	03	00459	18.6	+27.2	0000	051.3	000.0	0000	0000	+00.00	02	00	0895	08
69	0002	28	07	16	04	00465	18.6	+27.3	0000	051.3	000.0	0000	0004	+00.00	02	00	0895	08
69	0003	28	07	16	04	00470	18.6	+27.2	0000	051.3	000.0	0000	0009	+00.00	02	00	0895	08
69	0004	28	07	16	04	00480	18.6	+27.2	0000	051.3	000.0	0020	0014	+01.21	02	00	0895	08
69	0005	28	07	16	04	00484	18.8	+27.3	0000	051.4	000.0	0026	0019	+01.16	02	00	0895	08
69	0006	28	07	16	04	00491	18.8	+27.3	0000	051.5	000.0	0032	0024	+01.14	02	00	0895	08
69	0007	28	07	16	04	00501	18.8	+27.3	0000	051.5	000.0	0041	0028	+01.21	02	00	0895	08
69	0008	28	07	16	05	00502	18.8	+27.3	0000	051.6	000.0	0045	0033	+01.16	02	00	0895	08
69	0009	28	07	16	05	00510	18.8	+27.3	0000	051.6	000.0	0051	0038	+01.15	02	00	0895	08
69	0010	28	07	16	05	00520	18.8	+27.3	0000	051.6	000.0	0059	0043	+01.18	02	00	0895	08
69	0011	28	07	16	05	00525	18.8	+27.3	0000	051.6	000.0	0066	0048	+01.18	02	00	0895	08
69	0012	28	07	16	05	00534	18.8	+27.3	0000	051.7	000.0	0074	0052	+01.20	02	00	0895	08
69	0013	28	07	16	05	00539	18.8	+27.3	0000	051.7	000.0	0081	0057	+01.20	02	00	0895	08
69	0014	28	07	16	05	00546	18.8	+27.3	0000	051.7	000.0	0088	0062	+01.20	02	00	0895	08
70	0001	28	07	16	07	00555	18.5	+27.3	0000	050.8	000.0	0000	0000	+00.00	02	00	0895	08
70	0002	28	07	16	07	00557	18.5	+27.4	0000	050.8	000.0	0000	0004	+00.00	02	00	0895	08
70	0003	28	07	16	07	00561	18.5	+27.4	0000	050.8	000.0	0000	0009	+00.00	02	00	0895	08
70	0004	28	07	16	07	00558	18.5	+27.4	0000	050.8	000.0	0004	0014	+00.25	02	00	0894	08
70	0005	28	07	16	07	00563	18.5	+27.4	0000	050.8	000.0	0006	0019	+00.30	02	00	0895	08
70	0006	28	07	16	07	00564	18.5	+27.3	0000	050.8	000.0	0008	0024	+00.31	02	00	0895	08
70	0007	28	07	16	08	00567	18.5	+27.4	0000	050.8	000.0	0011	0028	+00.33	02	00	0895	08
70	0008	28	07	16	08	00567	18.5	+27.3	0000	050.8	000.0	0012	0033	+00.31	02	00	0895	08
70	0009	28	07	16	08	00573	18.5	+27.3	0000	050.8	000.0	0016	0038	+00.35	02	00	0895	08
70	0010	28	07	16	08	00576	18.5	+27.3	0000	050.8	000.0	0019	0043	+00.39	02	00	0895	08
70	0011	28	07	16	08	00573	18.5	+27.3	0000	050.8	000.0	0020	0048	+00.36	02	00	0895	08
70	0012	28	07	16	08	00572	18.6	+27.3	0000	050.8	000.0	0020	0052	+00.33	02	00	0895	08
70	0013	28	07	16	08	00573	18.6	+27.3	0000	050.9	000.0	0020	0057	+00.30	02	00	0895	08
70	0014	28	07	16	09	00572	18.6	+27.3	0000	050.9	000.0	0019	0062	+00.27	02	00	0895	08
71	0001	28	07	16	10	00495	18.6	+27.3	0000	051.3	000.0	0000	0000	+00.00	02	00	0895	08
71	0002	28	07	16	10	00497	18.6	+27.3	0000	051.3	000.0	0000	0004	+00.00	02	00	0894	08
71	0003	28	07	16	10	00504	18.8	+27.3	0000	051.4	000.0	0000	0009	+00.00	02	00	0895	08
71	0004	28	07	16	10	00506	18.8	+27.3	0000	051.5	000.0	0012	0014	+00.73	02	00	0895	08
71	0005	28	07	16	10	00504	18.9	+27.4	0000	051.6	000.0	0010	0019	+00.48	02	00	0895	08
71	0006	28	07	16	10	00511	18.8	+27.3	0000	051.6	000.0	0014	0024	+00.53	02	00	0895	08
71	0007	28	07	16	11	00514	18.8	+27.3	0000	051.7	000.0	0018	0028	+00.55	02	00	0895	08
71	0008	28	07	16	11	00518	19.1	+27.4	0000	051.8	000.0	0022	0033	+00.57	02	00	0894	08
71	0009	28	07	16	11	00523	19.0	+27.3	0000	051.8	000.0	0027	0038	+00.60	02	00	0895	08
71	0010	28	07	16	11	00533	19.1	+27.4	0000	051.9	000.0	0034	0043	+00.68	02	00	0894	08
71	0011	28	07	16	11	00539	19.0	+27.3	0000	051.9	000.0	0041	0048	+00.74	02	00	0895	08
71	0012	28	07	16	11	00548	19.0	+27.3	0000	052.0	000.0	0050	0052	+00.81	02	00	0894	08
71	0013	28	07	16	12	00550	19.0	+27.3	0000	052.0	000.0	0056	0057	+00.83	02	00	0895	08
71	0014	28	07	16	12	00556	19.2	+27.3	0000	052.1	000.0	0062	0062	+00.85	02	00	0895	08
72	0001	28	07	16	13	00470	19.0	+27.3	0000	052.3	000.0	0000	0000	+00.00	02	00	0894	08
72	0002	28	07	16	13	00473	18.8	+27.3	0000	052.2	000.0	0000	0004	+00.00	02	00	0895	08
72	0003	28	07	16	13	00473	18.8	+27.3	0000	052.0	000.0	0000	0009	+00.00	02	00	0895	08
72	0004	28	07	16	13	00473	18.8	+27.3	0000	052.0	000.0	0002	0014	+00.14	02	00	0895	08
72	0005	28	07	16	13	00471	18.8	+27.3	0000	051.9	000.0	0000	0019	+00.03	02	00	0894	08
72	0006	28	07	16	14	00471	18.8	+27.3	0000	051.9	000.0	0000	0024	-00.00	02	01	0894	08
72	0007	28	07	16	14	00474	18.8	+27.3	0000	051.9	000.0	0001	0028	+00.04	02	00	0894	08
72	0008	28	07	16	14	00474	18.8	+27.3	0000	051.9	000.0	0002	0033	+00.05	02	00	0895	08
72	0009	28	07	16	14	00473	18.8	+27.3	0000	051.9	000.0	0002	0038	+00.05	02	00	0894	08
72	0010	28	07	16	14	00473	18.8	+27.3	0000	051.9	000.0	0002	0043	+00.04	02	00	0894	08
72	0011	28	07	16	14	00474	18.8	+27.3	0000	051.9	000.0	0002	0048	+00.04	02	00	0895	08
72	0012	28	07	16	14	00474	18.8	+27.3	0000	051.9	000.0	0002	0052	+00.04	02	00	0894	08
72	0013	28	07	16	15	00480	18.8	+27.3	0000	051.9	000.0	0005	0057	+00.07	02	00	0894	08
72	0014	28	07	16	15	00481	18.8	+27.3	0000	051.9	000.0	0007	0062	+00.09	02	00	0895	08
73	0001	28	07	16	17	00394	18.4	+27.2	0000	050.8	000.0	0000	0000	+00.00	02	00	0894	08
73	0002	28	07	16	17	00395	18.2	+27.2	0000	050.4	000.0	0000	0004	+00.00	02	00	0895	08
73	0003	28	07	16	17	00400	18.2	+27.3	0000	050.4	000.0	0000	0009	+00.00	02	00	0895	08
73	0004	28	07	16	17	00403	18.2	+27.3	0000	050.3	000.0	0009	0014	+00.58	02	00	0894	08
73	0005	28	07	16	17	00409	18.2	+27.2	0000	050.3	000.0	0015	0019	+00.68	02	00	0895	08
73	0006	28	07	16	18	00415	18.2	+27.2	0000	050.3	000.0	0021	0024	+00.76	02	00	0894	08
73	0007	28	07	16	18	00419	18.2	+27.3	0000	050.3	000.0	0026	0028	+00.77	02	00	0894	08
73	0008	28	07	16	18	00423	18.2	+27.3	0000	050.3	000.0	0030	0033	+00.77	02	00	0894	08
73	0009	28	07	16	18	00430	18.4	+27.2	0000	050.4	000.0	0036	0038	+00.81	02	00	0895	08
73	0010	28	07	16	18	00437	18.4	+27.2	0000	050.4	000.0	0043	0043	+00.85	02	00	0894	08
73	0011	28	07	16	18	00441	18.4	+27.2	0000	050.4	000.0	0049	0048	+00.87	02	00	0895	08
73	0012	28	07	16	18	00448	18.4	+27.2	0000	050.5	000.0	0055	0052	+00.89	02	00	0895	08
73	0013	28	07	16	19	00451	18.6	+27.2	0000	050.5	000.0	0060	0057	+00.89	02	00	0895	08
73	0014	28	07	16	19	00455	18.6	+27.2	0000	050.6	000.0	0065	0062	+00.89	02	00	0894	08
74	0001	28	07	16	20	00414	18.6	+27.2	0000	051.3	000.0	0000	0000	+00.00	02	00	0895	08
74	0002	28	07	16	20	00415	18.5	+27.2	0000	051.3	000.0	0000	0004	+00.00	02	00	0895	08
74	0003	28	07	16	20	00419	18.6	+27.2	0000	051.3	000.0	0000	0009	+00.00	02	00	0895	08
74	0004	28	07	16	21	00424	18.5	+27.2	0000	051.3	000.0	0010	0014	+00.62	02	00	0894	08
74	0005	28	07	16	21	00430	18.7	+27.2	0000	051.4	000.0	0016	0019	+00.75	02	00	0895	08
74	0006	28	07	16	21	00433	18.7	+27.2	0000	051.5	000.0	0020	0024	+00.74	02	00	0895	08
74	0007	28	07	16	21	00437	18.9	+27.2	0000	051.6	000.0	0025	0028	+00.75	02	00	0894	08
74	0008	28	07	16	21	00444	18.9	+27.2	0000	051.7	000.0	0030	0033	+00.78	02	00	0895	08
74	0009	28	07	16	21	00448	19.1	+27.2	0000	051.8	000.0	0035	0038	+00.79	02	00	0894	08
74	0010	28	07	16	21	00450	19.1	+27.2	0000	051.9	000.0	0039	0043	+00.78	02	00	0895	08
74	0011	28	07	16	22	00453	19.3	+27.2	0000	052.1	000.0	0042	0048	+00.76	02	00	0894	08
74	0012	28	07	16	22	00460	19.3	+27.2	0000	052.2	000.0	0047	0052	+00.77	02	00	0894	08
74	0013	28	07	16	22	00467	19.5	+27.2	0000	052.3	000.0	0053	0057	+00.79	02	00	0895	08
74	0014	28	07	16	22	00469	19.5	+27.2	0000	052.4	000.0	0057	0062	+00.79	02	00	0895	08
75	0001	28	07	16	24	00427	19.2	+27.1	0000	053.3	000.0	0000	0000	+00.00	02	00	0894	08
75	0002	28	07	16	24	00432	19.0	+27.1	0000	053.0	000.0	0000	0004	+00.00	02	00	0894	08
75	0003	28	07	16	24	00432	19.0	+27.1	0000	052.9	000.0	0000	0009	+00.00	02	00	0894	08
75	0004	28	07	16	24	00440	19.0	+27.1	0000	052.9	000.0	0011	0014	+00.67	02	00	0894	08
75	0005	28	07	16	24	00440	19.0	+27.1	0000	052.9	000.0	0013	0019	+00.59	02	00	0895	08
75	0006	28	07	16	24	00442	19.0	+27.2	0000	052.9	000.0	0015	0024	+00.54	02	00	0895	08
75	0007	28	07	16	25	00447	19.0	+27.2	0000	052.9	000.0	0018	0028	+00.55	02	00	0895	08
75	0008	28	07	16	25	00448	19.0	+27.2	0000	052.9	000.0	0020	0033	+00.53	02	00	0894	08
75	0009	28	07	16	25	00451	19.0	+27.1	0000	052.9	000.0	0023	0038	+00.51	02	00	0895	08
75	0010	28	07	16	25	00456	19.0	+27.1	0000	052.9	000.0	0027	0043	+00.53	02	00	0895	08
75	0011	28	07	16	25	00456	19.0	+27.2	0000	052.9	000.0	0029	0048	+00.52	02	00	0894	08
75	0012	28	07	16	25	00463	19.0	+27.2	0000	052.8	000.0	0033	0052	+00.53	02	00	0894	08
75	0013	28	07	16	25	00460	19.0	+27.2	0000	052.8	000.0	0034	0057	+00.51	02	00	0895	08
75	0014	28	07	16	26	00459	19.0	+27.2	0000	052.8	000.0	0034	0062	+00.47	02	00	0895	08
76	0026	28	07	16	34	00414	19.2	+27.3	0000	052.9	000.0	0000	0000	+00.00	02	00	0894	08
76	0027	28	07	16	34	00412	19.2	+27.3	0000	052.9	000.0	0000	0004	+00.00	02	00	0894	08
76	0028	28	07	16	34	00414	19.2	+27.3	0000	052.9	000.0	0000	0009	+00.00	02	00	0895	08
76	0029	28	07	16	35	00414	19.3	+27.4	0000	052.9	000.0	0001	0014	+00.06	02	00	0895	08
76	0030	28	07	16	35	00409	19.2	+27.3	0000	052.9	000.0	0002	0019	-00.12	02	01	0894	08
76	0031	28	07	16	35	00408	19.3	+27.4	0000	052.9	000.0	0005	0024	-00.18	02	01	0894	08
76	0032	28	07	16	35	00408	19.2	+27.3	0000	052.9	000.0	0006	0028	-00.18	02	01	0894	08
76	0033	28	07	16	35	00411	19.2	+27.3	0000	052.9	000.0	0004	0033	-00.12	02	01	0894	08
76	0034	28	07	16	35	00410	19.2	+27.3	0000	052.9	000.0	0004	0038	-00.10	02	01	0894	08
76	0035	28	07	16	35	00413	19.2	+27.3	0000	052.9	000.0	0002	0043	-00.05	02	01	0894	08
76	0036	28	07	16	36	00411	19.4	+27.3	0000	052.9	000.0	0002	0048	-00.04	02	01	0894	08
76	0037	28	07	16	36	00409	19.4	+27.4	0000	052.9	000.0	0003	0052	-00.05	02	01	0894	08
76	0038	28	07	16	36	00407	19.4	+27.4	0000	052.9	000.0	0004	0057	-00.06	02	01	0894	08
76	0039	28	07	16	36	00408	19.4	+27.4	0000	053.0	000.0	0004	0062	-00.06	02	01	0894	08
77	0001	28	07	16	37	00461	19.1	+27.4	0000	052.4	000.0	0000	0000	+00.00	02	00	0895	08
77	0002	28	07	16	38	00468	19.1	+27.4	0000	052.4	000.0	0000	0004	+00.00	02	00	0894	08
77	0003	28	07	16	38	00472	19.1	+27.4	0000	052.4	000.0	0000	0009	+00.00	02	00	0895	08
77	0004	28	07	16	38	00474	19.1	+27.4	0000	052.4	000.0	0012	0014	+00.76	02	00	0894	08
77	0005	28	07	16	38	00473	19.1	+27.4	0000	052.4	000.0	0011	0019	+00.51	02	00	0894	08
77	0006	28	07	16	38	00479	19.1	+27.4	0000	052.4	000.0	0015	0024	+00.53	02	00	0894	08
77	0007	28	07	16	38	00481	19.1	+27.4	0000	052.4	000.0	0017	0028	+00.52	02	00	0894	08
77	0008	28	07	16	39	00481	19.1	+27.4	0000	052.4	000.0	0018	0033	+00.46	02	00	0895	08
77	0009	28	07	16	39	00483	19.1	+27.4	0000	052.4	000.0	0019	0038	+00.44	02	00	0894	08
77	0010	28	07	16	39	00487	19.1	+27.4	0000	052.4	000.0	0022	0043	+00.43	02	00	0895	08
77	0011	28	07	16	39	00488	19.1	+27.4	0000	052.4	000.0	0024	0048	+00.42	02	00	0894	08
77	0012	28	07	16	39	00490	19.1	+27.4	0000	052.4	000.0	0025	0052	+00.41	02	00	0894	08
77	0013	28	07	16	39	00492	19.1	+27.4	0000	052.4	000.0	0027	0057	+00.41	02	00	0895	08
77	0014	28	07	16	39	00493	19.1	+27.4	0000	052.4	000.0	0029	0062	+00.39	02	00	0895	08
78	0001	28	07	16	41	00445	18.9	+27.4	0000	051.8	000.0	0000	0000	+00.00	02	00	0894	08
78	0002	28	07	16	41	00446	18.9	+27.4	0000	051.8	000.0	0000	0004	+00.00	02	00	0894	08
78	0003	28	07	16	41	00446	18.9	+27.4	0000	051.8	000.0	0000	0009	+00.00	02	00	0895	08
78	0004	28	07	16	41	00444	18.9	+27.4	0000	051.8	000.0	0001	0014	-00.08	02	01	0894	08
78	0005	28	07	16	41	00445	18.7	+27.4	0000	051.8	000.0	0001	0019	-00.06	02	01	0895	08
78	0006	28	07	16	41	00446	18.8	+27.4	0000	051.7	000.0	0000	0024	-00.01	02	01	0894	08
78	0007	28	07	16	42	00445	18.7	+27.4	0000	051.6	000.0	0000	0028	-00.00	02	01	0895	08
78	0008	28	07	16	42	00449	18.6	+27.4	0000	051.5	000.0	0002	0033	+00.05	02	00	0894	08
78	0009	28	07	16	42	00448	18.6	+27.4	0000	051.5	000.0	0002	0038	+00.06	02	00	0895	08
78	0010	28	07	16	42	00448	18.6	+27.4	0000	051.4	000.0	0003	0043	+00.06	02	00	0894	08
78	0011	28	07	16	42	00449	18.8	+27.4	0000	051.4	000.0	0003	0048	+00.06	02	00	0894	08
78	0012	28	07	16	42	00450	18.8	+27.4	0000	051.4	000.0	0004	0052	+00.07	02	00	0895	08
78	0013	28	07	16	43	00452	18.8	+27.4	0000	051.4	000.0	0005	0057	+00.08	02	00	0894	08
78	0014	28	07	16	43	00453	18.8	+27.4	0000	051.4	000.0	0007	0062	+00.09	02	00	0895	08
79	0001	28	07	16	44	00529	18.8	+27.5	0000	051.3	000.0	0000	0000	+00.00	02	00	0895	08
79	0002	28	07	16	44	00534	18.8	+27.5	0000	051.2	000.0	0000	0004	+00.00	02	00	0894	08
79	0003	28	07	16	45	00541	18.8	+27.5	0000	051.3	000.0	0000	0009	+00.00	02	00	0894	08
79	0004	28	07	16	45	00543	18.9	+27.5	0000	051.3	000.0	0014	0014	+00.88	02	00	0894	08
79	0005	28	07	16	45	00554	18.7	+27.5	0000	051.2	000.0	0023	0019	+01.04	02	00	0894	08
79	0006	28	07	16	45	00562	18.7	+27.5	0000	051.2	000.0	0032	0024	+01.13	02	00	0895	08
79	0007	28	07	16	45	00567	18.7	+27.5	0000	051.1	000.0	0038	0028	+01.14	02	00	0894	08
79	0008	28	07	16	45	00574	18.7	+27.5	0000	051.1	000.0	0045	0033	+01.15	02	00	0895	08
79	0009	28	07	16	45	00581	18.7	+27.5	0000	051.1	000.0	0052	0038	+01.16	02	00	0894	08
79	0010	28	07	16	46	00588	18.7	+27.5	0000	051.0	000.0	0059	0043	+01.17	02	00	0895	08
79	0011	28	07	16	46	00596	18.7	+27.5	0000	051.0	000.0	0067	0048	+01.20	02	00	0894	08
79	0012	28	07	16	46	00603	18.7	+27.5	0000	051.0	000.0	0074	0052	+01.20	02	00	0894	08
79	0013	28	07	16	46	00611	18.7	+27.5	0000	051.0	000.0	0082	0057	+01.22	02	00	0894	08
79	0014	28	07	16	46	00611	18.9	+27.6	0000	051.0	000.0	0087	0062	+01.20	02	00	0894	08
80	0015	28	07	16	51	00521	19.6	+27.6	0000	052.9	000.0	0000	0000	+00.00	02	00	0894	08
80	0016	28	07	16	52	00520	19.7	+27.6	0000	053.3	000.0	0000	0004	+00.00	02	00	0895	08
80	0017	28	07	16	52	00521	19.9	+27.6	0000	053.5	000.0	0000	0009	+00.00	02	00	0894	08
80	0018	28	07	16	52	00525	19.9	+27.6	0000	053.6	000.0	0003	0014	+00.24	02	00	0894	08
80	0019	28	07	16	52	00525	20.1	+27.6	0000	053.8	000.0	0004	0019	+00.21	02	00	0894	08
80	0020	28	07	16	52	00524	20.3	+27.6	0000	053.9	000.0	0004	0024	+00.17	02	00	0894	08
80	0021	28	07	16	52	00528	20.3	+27.6	0000	054.1	000.0	0006	0028	+00.20	02	00	0894	08
80	0022	28	07	16	52	00525	20.3	+27.6	0000	054.2	000.0	0006	0033	+00.16	02	00	0894	08
80	0023	28	07	16	53	00531	20.2	+27.6	0000	054.3	000.0	0008	0038	+00.20	02	00	0894	08
80	0024	28	07	16	53	00534	20.4	+27.6	0000	054.4	000.0	0011	0043	+00.24	02	00	0894	08
80	0025	28	07	16	53	00535	20.5	+27.6	0000	054.5	000.0	0013	0048	+00.25	02	00	0894	08
80	0026	28	07	16	53	00535	20.7	+27.6	0000	054.6	000.0	0015	0052	+00.25	02	00	0894	08
80	0027	28	07	16	53	00538	20.6	+27.6	0000	054.7	000.0	0017	0057	+00.26	02	00	0894	08
80	0028	28	07	16	53	00539	20.5	+27.6	0000	054.8	000.0	0019	0062	+00.26	02	00	0894	08
81	0001	28	07	16	56	00428	19.7	+27.4	0000	053.9	000.0	0000	0000	+00.00	02	00	0894	08
81	0002	28	07	16	56	00432	19.5	+27.4	0000	053.6	000.0	0000	0004	+00.00	02	00	0894	08
81	0003	28	07	16	56	00436	19.5	+27.4	0000	053.5	000.0	0000	0009	+00.00	02	00	0894	08
81	0004	28	07	16	57	00444	19.5	+27.4	0000	053.5	000.0	0016	0014	+00.97	02	00	0894	08
81	0005	28	07	16	57	00448	19.5	+27.4	0000	053.5	000.0	0021	0019	+00.95	02	00	0894	08
81	0006	28	07	16	57	00453	19.5	+27.4	0000	053.4	000.0	0026	0024	+00.93	02	00	0894	08
81	0007	28	07	16	57	00460	19.5	+27.4	0000	053.4	000.0	0032	0028	+00.95	02	00	0894	08
81	0008	28	07	16	57	00464	19.5	+27.4	0000	053.4	000.0	0037	0033	+00.95	02	00	0894	08
81	0009	28	07	16	57	00468	19.6	+27.5	0000	053.4	000.0	0042	0038	+00.93	02	00	0894	08
81	0010	28	07	16	58	00473	19.5	+27.4	0000	053.4	000.0	0046	0043	+00.91	02	00	0894	08
81	0011	28	07	16	58	00484	19.5	+27.4	0000	053.4	000.0	0053	0048	+00.95	02	00	0894	08
81	0012	28	07	16	58	00489	19.5	+27.4	0000	053.4	000.0	0060	0052	+00.97	02	00	0894	08
81	0013	28	07	16	58	00493	19.6	+27.5	0000	053.4	000.0	0066	0057	+00.97	02	00	0894	08
81	0014	28	07	16	58	00496	19.5	+27.4	0000	053.4	000.0	0071	0062	+00.97	02	00	0894	08
82	0001	28	07	17	00	00460	19.4	+27.5	0000	052.9	000.0	0000	0000	+00.00	02	00	0894	08
82	0002	28	07	17	00	00460	19.3	+27.5	0000	052.5	000.0	0000	0004	+00.00	02	00	0894	08
82	0003	28	07	17	01	00461	19.3	+27.5	0000	052.4	000.0	0000	0009	+00.00	02	00	0894	08
82	0004	28	07	17	01	00460	19.2	+27.5	0000	052.4	000.0	0000	0014	+00.03	02	00	0894	08
82	0005	28	07	17	01	00460	19.3	+27.5	0000	052.4	000.0	0000	0019	+00.03	02	00	0894	08
82	0006	28	07	17	01	00457	19.3	+27.5	0000	052.4	000.0	0001	0024	-00.05	02	01	0894	08
82	0007	28	07	17	01	00460	19.3	+27.5	0000	052.4	000.0	0001	0028	-00.03	02	01	0894	08
82	0008	28	07	17	01	00456	19.3	+27.5	0000	052.4	000.0	0003	0033	-00.08	02	01	0894	08
82	0009	28	07	17	02	00459	19.3	+27.5	0000	052.4	000.0	0002	0038	-00.06	02	01	0894	08
82	0010	28	07	17	02	00464	19.3	+27.5	0000	052.4	000.0	0000	0043	-00.00	02	01	0894	08
82	0011	28	07	17	02	00462	19.3	+27.5	0000	052.4	000.0	0001	0048	+00.01	02	00	0894	08
82	0012	28	07	17	02	00464	19.4	+27.5	0000	052.4	000.0	0002	0052	+00.04	02	00	0894	08
82	0013	28	07	17	02	00464	19.4	+27.5	0000	052.4	000.0	0003	0057	+00.05	02	00	0894	08
82	0014	28	07	17	02	00464	19.4	+27.5	0000	052.4	000.0	0004	0062	+00.06	02	00	0894	08
83	0001	28	07	17	04	00461	19.1	+27.5	0000	051.9	000.0	0000	0000	+00.00	02	00	0894	08
83	0002	28	07	17	04	00466	19.1	+27.6	0000	051.9	000.0	0000	0004	+00.00	02	00	0894	08
83	0003	28	07	17	04	00467	19.1	+27.5	0000	051.9	000.0	0000	0009	+00.00	02	00	0894	08
83	0004	28	07	17	04	00474	19.1	+27.6	0000	051.9	000.0	0011	0014	+00.70	02	00	0894	08
83	0005	28	07	17	05	00473	19.1	+27.5	0000	051.9	000.0	0012	0019	+00.57	02	00	0894	08
83	0006	28	07	17	05	00477	19.1	+27.6	0000	051.9	000.0	0015	0024	+00.53	02	00	0893	08
83	0007	28	07	17	05	00479	19.1	+27.6	0000	051.9	000.0	0017	0028	+00.51	02	00	0894	08
83	0008	28	07	17	05	00485	19.1	+27.6	0000	051.9	000.0	0021	0033	+00.54	02	00	0894	08
83	0009	28	07	17	05	00490	19.1	+27.6	0000	051.9	000.0	0026	0038	+00.58	02	00	0894	08
83	0010	28	07	17	05	00494	19.1	+27.6	0000	051.9	000.0	0030	0043	+00.60	02	00	0894	08
83	0011	28	07	17	05	00495	19.1	+27.5	0000	051.9	000.0	0033	0048	+00.60	02	00	0894	08
83	0012	28	07	17	06	00495	19.1	+27.6	0000	051.9	000.0	0035	0052	+00.58	02	00	0894	08
83	0013	28	07	17	06	00498	19.1	+27.6	0000	051.9	000.0	0038	0057	+00.56	02	00	0894	08
83	0014	28	07	17	06	00498	19.1	+27.6	0000	051.9	000.0	0039	0062	+00.53	02	00	0894	08
84	0001	28	07	17	07	00437	19.2	+27.6	0000	051.9	000.0	0000	0000	+00.00	02	00	0894	08
84	0002	28	07	17	08	00436	19.2	+27.6	0000	051.9	000.0	0000	0004	+00.00	02	00	0894	08
84	0003	28	07	17	08	00440	19.1	+27.6	0000	051.9	000.0	0000	0009	+00.00	02	00	0894	08
84	0004	28	07	17	08	00442	19.2	+27.6	0000	051.9	000.0	0005	0014	+00.32	02	00	0894	08
84	0005	28	07	17	08	00437	19.1	+27.6	0000	051.9	000.0	0002	0019	+00.11	02	00	0894	08
84	0006	28	07	17	08	00445	18.9	+27.6	0000	051.8	000.0	0006	0024	+00.21	02	00	0894	08
84	0007	28	07	17	08	00443	18.9	+27.6	0000	051.7	000.0	0006	0028	+00.20	02	00	0894	08
84	0008	28	07	17	08	00444	19.0	+27.6	0000	051.7	000.0	0007	0033	+00.19	02	00	0894	08
84	0009	28	07	17	09	00443	18.9	+27.6	0000	051.7	000.0	0007	0038	+00.16	02	00	0894	08
84	0010	28	07	17	09	00443	19.0	+27.6	0000	051.6	000.0	0007	0043	+00.14	02	00	0894	08
84	0011	28	07	17	09	00447	18.9	+27.6	0000	051.6	000.0	0008	0048	+00.15	02	00	0894	08
84	0012	28	07	17	09	00449	18.9	+27.6	0000	051.6	000.0	0010	0052	+00.17	02	00	0894	08
84	0013	28	07	17	09	00449	18.9	+27.6	0000	051.6	000.0	0011	0057	+00.17	02	00	0894	08
84	0014	28	07	17	09	00452	19.0	+27.6	0000	051.6	000.0	0013	0062	+00.18	02	00	0894	08
85	0001	28	07	17	10	00424	19.0	+27.6	0000	051.4	000.0	0000	0000	+00.00	02	00	0894	08
85	0002	28	07	17	11	00440	18.9	+27.5	0000	051.4	000.0	0000	0004	+00.00	02	00	0894	08
85	0003	28	07	17	11	00453	18.9	+27.6	0000	051.3	000.0	0000	0009	+00.00	02	00	0894	08
85	0004	28	07	17	11	00468	18.9	+27.5	0000	051.3	000.0	0043	0014	+02.55	02	00	0893	08
85	0005	28	07	17	11	00482	18.9	+27.6	0000	051.3	000.0	0057	0019	+02.53	02	00	0894	08
85	0006	28	07	17	11	00495	19.1	+27.6	0000	051.4	000.0	0071	0024	+02.52	02	00	0894	08
85	0007	28	07	17	11	00507	19.1	+27.6	0000	051.5	000.0	0083	0028	+02.47	02	00	0894	08
85	0008	28	07	17	11	00524	19.1	+27.5	0000	051.5	000.0	0098	0033	+02.48	02	00	0894	08
85	0009	28	07	17	12	00537	19.1	+27.6	0000	051.6	000.0	0112	0038	+02.49	02	00	0894	08
86	0001	28	07	17	13	00414	19.1	+27.6	0000	051.9	000.0	0000	0000	+00.00	02	00	0894	08
86	0002	28	07	17	13	00417	19.1	+27.6	0000	051.9	000.0	0000	0004	+00.00	02	00	0894	08
86	0003	28	07	17	13	00420	19.1	+27.6	0000	051.9	000.0	0000	0009	+00.00	02	00	0894	08
86	0004	28	07	17	14	00425	19.1	+27.6	0000	051.9	000.0	0010	0014	+00.63	02	00	0894	08
86	0005	28	07	17	14	00429	19.1	+27.6	0000	051.9	000.0	0015	0019	+00.69	02	00	0894	08
86	0006	28	07	17	14	00431	19.3	+27.6	0000	052.0	000.0	0018	0024	+00.65	02	00	0894	08
86	0007	28	07	17	14	00436	19.5	+27.6	0000	052.1	000.0	0022	0028	+00.67	02	00	0894	08
86	0008	28	07	17	14	00438	19.4	+27.5	0000	052.2	000.0	0025	0033	+00.64	02	00	0894	08
86	0009	28	07	17	14	00445	19.7	+27.6	0000	052.4	000.0	0030	0038	+00.67	02	00	0894	08
86	0010	28	07	17	14	00452	19.7	+27.6	0000	052.5	000.0	0036	0043	+00.72	02	00	0894	08
86	0011	28	07	17	15	00455	19.9	+27.6	0000	052.6	000.0	0041	0048	+00.74	02	00	0894	08
86	0012	28	07	17	15	00462	19.9	+27.6	0000	052.7	000.0	0047	0052	+00.77	02	00	0894	08
86	0013	28	07	17	15	00468	19.8	+27.5	0000	052.8	000.0	0053	0057	+00.79	02	00	0894	08
86	0014	28	07	17	15	00471	20.1	+27.6	0000	052.9	000.0	0058	0062	+00.80	02	00	0894	08
87	0001	28	07	17	17	00414	20.0	+27.5	0000	054.4	000.0	0000	0000	+00.00	02	00	0894	08
87	0002	28	07	17	17	00415	19.8	+27.5	0000	054.2	000.0	0000	0004	+00.00	02	00	0894	08
87	0003	28	07	17	17	00414	19.8	+27.5	0000	054.0	000.0	0000	0009	+00.00	02	00	0894	08
87	0004	28	07	17	17	00418	19.7	+27.6	0000	053.9	000.0	0003	0014	+00.22	02	00	0894	08
87	0005	28	07	17	17	00419	19.7	+27.6	0000	053.8	000.0	0005	0019	+00.25	02	00	0894	08
87	0006	28	07	17	17	00424	19.6	+27.5	0000	053.7	000.0	0009	0024	+00.34	02	00	0894	08
87	0007	28	07	17	17	00426	19.7	+27.6	0000	053.6	000.0	0012	0028	+00.38	02	00	0894	08
87	0008	28	07	17	18	00427	19.5	+27.6	0000	053.5	000.0	0014	0033	+00.37	02	00	0894	08
87	0009	28	07	17	18	00427	19.4	+27.5	0000	053.5	000.0	0015	0038	+00.35	02	00	0894	08
87	0010	28	07	17	18	00430	19.4	+27.5	0000	053.4	000.0	0017	0043	+00.35	02	00	0894	08
87	0011	28	07	17	18	00435	19.4	+27.5	0000	053.3	000.0	0020	0048	+00.37	02	00	0894	08
87	0012	28	07	17	18	00437	19.4	+27.5	0000	053.3	000.0	0023	0052	+00.38	02	00	0894	08
87	0013	28	07	17	18	00441	19.4	+27.5	0000	053.3	000.0	0027	0057	+00.40	02	00	0894	08
87	0014	28	07	17	19	00443	19.4	+27.5	0000	053.2	000.0	0030	0062	+00.41	02	00	0894	08
88	0001	28	07	17	22	00415	19.2	+27.5	0000	052.4	000.0	0000	0000	+00.00	02	00	0894	08
88	0002	28	07	17	22	00416	19.2	+27.5	0000	052.1	000.0	0000	0004	+00.00	02	00	0894	08
88	0003	28	07	17	22	00422	19.2	+27.5	0000	052.2	000.0	0000	0009	+00.00	02	00	0894	08
88	0004	28	07	17	22	00423	19.2	+27.5	0000	052.2	000.0	0009	0014	+00.55	02	00	0894	08
88	0005	28	07	17	22	00425	19.2	+27.5	0000	052.3	000.0	0010	0019	+00.48	02	00	0894	08
88	0006	28	07	17	22	00431	19.2	+27.5	0000	052.3	000.0	0015	0024	+00.55	02	00	0894	08
88	0007	28	07	17	22	00431	19.2	+27.5	0000	052.3	000.0	0017	0028	+00.52	02	00	0894	08
88	0008	28	07	17	23	00436	19.4	+27.5	0000	052.4	000.0	0021	0033	+00.54	02	00	0894	08
88	0009	28	07	17	23	00434	19.2	+27.5	0000	052.4	000.0	0022	0038	+00.49	02	00	0894	08
88	0010	28	07	17	23	00440	19.4	+27.5	0000	052.4	000.0	0025	0043	+00.49	02	00	0894	08
88	0011	28	07	17	23	00442	19.3	+27.4	0000	052.4	000.0	0027	0048	+00.49	02	00	0894	08
88	0012	28	07	17	23	00443	19.3	+27.4	0000	052.5	000.0	0029	0052	+00.47	02	00	0894	08
88	0013	28	07	17	23	00449	19.4	+27.5	0000	052.5	000.0	0032	0057	+00.48	02	00	0894	08
88	0014	28	07	17	23	00451	19.4	+27.5	0000	052.5	000.0	0035	0062	+00.48	02	00	0894	08
89	0001	28	07	17	25	00393	19.3	+27.4	0000	052.9	000.0	0000	0000	+00.00	02	00	0894	08
89	0002	28	07	17	25	00395	19.2	+27.4	0000	052.6	000.0	0000	0004	+00.00	02	00	0894	08
89	0003	28	07	17	25	00399	19.2	+27.4	0000	052.5	000.0	0000	0009	+00.00	02	00	0894	08
89	0004	28	07	17	25	00401	19.1	+27.4	0000	052.5	000.0	0008	0014	+00.47	02	00	0894	08
89	0005	28	07	17	25	00401	19.2	+27.4	0000	052.4	000.0	0008	0019	+00.39	02	00	0894	08
89	0006	28	07	17	25	00408	19.1	+27.4	0000	052.4	000.0	0013	0024	+00.47	02	00	0894	08
89	0007	28	07	17	26	00408	19.2	+27.4	0000	052.4	000.0	0015	0028	+00.44	02	00	0894	08
89	0008	28	07	17	26	00409	19.1	+27.4	0000	052.4	000.0	0016	0033	+00.42	02	00	0894	08
89	0009	28	07	17	26	00414	19.1	+27.4	0000	052.4	000.0	0019	0038	+00.44	02	00	0894	08
89	0010	28	07	17	26	00409	19.2	+27.4	0000	052.4	000.0	0019	0043	+00.37	02	00	0894	08
89	0011	28	07	17	26	00414	19.1	+27.4	0000	052.4	000.0	0020	0048	+00.36	02	00	0894	08
89	0012	28	07	17	26	00416	19.1	+27.4	0000	052.4	000.0	0022	0052	+00.36	02	00	0894	08
89	0013	28	07	17	27	00415	19.3	+27.4	0000	052.4	000.0	0022	0057	+00.33	02	00	0894	08
89	0014	28	07	17	27	00415	19.3	+27.4	0000	052.4	000.0	0022	0062	+00.31	02	00	0894	08
90	0001	28	07	17	28	00386	19.1	+27.4	0000	052.4	000.0	0000	0000	+00.00	02	00	0894	08
90	0002	28	07	17	28	00386	18.9	+27.4	0000	052.0	000.0	0000	0004	+00.00	02	00	0894	08
90	0003	28	07	17	28	00385	18.9	+27.4	0000	051.9	000.0	0000	0009	+00.00	02	00	0894	08
90	0004	28	07	17	28	00396	18.9	+27.4	0000	051.9	000.0	0008	0014	+00.50	02	00	0894	08
90	0005	28	07	17	29	00392	18.9	+27.4	0000	051.9	000.0	0008	0019	+00.39	02	00	0894	08
90	0006	28	07	17	29	00390	18.9	+27.4	0000	051.9	000.0	0006	0024	+00.24	02	00	0894	08
90	0007	28	07	17	29	00387	18.9	+27.4	0000	051.9	000.0	0003	0028	+00.11	02	00	0894	08
90	0008	28	07	17	29	00392	18.9	+27.4	0000	051.9	000.0	0004	0033	+00.11	02	00	0894	08
90	0009	28	07	17	29	00386	18.9	+27.4	0000	051.9	000.0	0001	0038	+00.04	02	00	0894	08
90	0010	28	07	17	29	00388	18.9	+27.4	0000	051.9	000.0	0001	0043	+00.02	02	00	0894	08
90	0011	28	07	17	29	00389	18.9	+27.4	0000	051.9	000.0	0000	0048	+00.01	02	00	0894	08
90	0012	28	07	17	30	00386	18.8	+27.3	0000	051.9	000.0	0000	0052	-00.00	02	01	0894	08
90	0013	28	07	17	30	00386	18.9	+27.4	0000	051.9	000.0	0001	0057	-00.01	02	01	0894	08
90	0014	28	07	17	30	00387	18.9	+27.4	0000	051.9	000.0	0001	0062	-00.02	02	01	0894	08
91	0001	28	07	17	32	00402	18.7	+27.4	0000	051.3	000.0	0000	0000	+00.00	02	00	0894	08
91	0002	28	07	17	32	00409	18.5	+27.3	0000	050.9	000.0	0000	0004	+00.00	02	00	0894	08
91	0003	28	07	17	32	00413	18.7	+27.4	0000	051.1	000.0	0000	0009	+00.00	02	00	0894	08
91	0004	28	07	17	32	00423	18.6	+27.3	0000	051.2	000.0	0020	0014	+01.19	02	00	0894	08
91	0005	28	07	17	32	00432	18.7	+27.4	0000	051.2	000.0	0029	0019	+01.32	02	00	0894	08
91	0006	28	07	17	33	00442	18.8	+27.3	0000	051.3	000.0	0040	0024	+01.43	02	00	0894	08
91	0007	28	07	17	33	00449	18.9	+27.4	0000	051.4	000.0	0049	0028	+01.45	02	00	0894	08
91	0008	28	07	17	33	00459	18.9	+27.4	0000	051.4	000.0	0058	0033	+01.48	02	00	0894	08
91	0009	28	07	17	33	00465	18.9	+27.4	0000	051.5	000.0	0066	0038	+01.47	02	00	0894	08
91	0010	28	07	17	33	00477	18.9	+27.4	0000	051.5	000.0	0076	0043	+01.50	02	00	0894	08
91	0011	28	07	17	33	00486	18.8	+27.3	0000	051.6	000.0	0086	0048	+01.52	02	00	0894	08
91	0012	28	07	17	34	00495	18.8	+27.3	0000	051.6	000.0	0095	0052	+01.54	02	00	0894	08
91	0013	28	07	17	34	00502	19.0	+27.3	0000	051.6	000.0	0104	0057	+01.54	02	00	0894	08
92	0001	28	07	17	35	00376	18.5	+27.3	0000	050.8	000.0	0000	0000	+00.00	02	00	0893	08
92	0002	28	07	17	35	00380	18.4	+27.3	0000	050.8	000.0	0000	0004	+00.00	02	00	0894	08
92	0003	28	07	17	35	00383	18.4	+27.2	0000	050.8	000.0	0000	0009	+00.00	02	00	0894	08
92	0004	28	07	17	35	00388	18.4	+27.3	0000	050.8	000.0	0011	0014	+00.69	02	00	0894	08
92	0005	28	07	17	35	00396	18.6	+27.3	0000	050.9	000.0	0019	0019	+00.87	02	00	0894	08
92	0006	28	07	17	36	00401	18.7	+27.2	0000	051.0	000.0	0025	0024	+00.92	02	00	0894	08
92	0007	28	07	17	36	00405	18.7	+27.2	0000	051.1	000.0	0030	0028	+00.90	02	00	0894	08
92	0008	28	07	17	36	00410	18.9	+27.2	0000	051.3	000.0	0035	0033	+00.91	02	00	0894	08
92	0009	28	07	17	36	00416	19.1	+27.2	0000	051.5	000.0	0041	0038	+00.92	02	00	0894	08
92	0010	28	07	17	36	00420	19.1	+27.2	0000	051.6	000.0	0046	0043	+00.91	02	00	0894	08
92	0011	28	07	17	36	00421	19.3	+27.2	0000	051.8	000.0	0049	0048	+00.87	02	00	0894	08
92	0012	28	07	17	36	00419	19.3	+27.2	0000	051.9	000.0	0049	0052	+00.81	02	00	0894	08
92	0013	28	07	17	37	00420	19.5	+27.2	0000	052.1	000.0	0050	0057	+00.75	02	00	0894	08
92	0014	28	07	17	37	00429	19.5	+27.2	0000	052.2	000.0	0053	0062	+00.73	02	00	0894	08
01	0002	29	07	09	19	00459	16.1	+24.8	0000	051.5	000.0	0000	0000	+00.00	00	00	0898	08
01	0003	29	07	09	19	00471	16.1	+24.8	0000	051.5	000.0	0000	0004	+00.00	00	00	0898	08
01	0004	29	07	09	19	00477	16.1	+24.8	0000	051.5	000.0	0000	0009	+00.00	00	00	0898	08
01	0005	29	07	09	19	00487	16.1	+24.8	0000	051.5	000.0	0026	0014	+01.60	02	00	0898	08
01	0006	29	07	09	20	00495	16.1	+24.8	0000	051.5	000.0	0035	0019	+01.57	02	00	0898	08
01	0007	29	07	09	20	00508	16.1	+24.8	0000	051.5	000.0	0046	0024	+01.65	02	00	0898	08
01	0008	29	07	09	20	00521	16.1	+24.8	0000	051.5	000.0	0059	0028	+01.76	02	00	0898	08
01	0009	29	07	09	20	00527	16.1	+24.8	0000	051.5	000.0	0068	0033	+01.74	02	00	0898	08
01	0010	29	07	09	20	00535	16.1	+24.8	0000	051.5	000.0	0077	0038	+01.72	02	00	0898	08
01	0011	29	07	09	20	00546	16.1	+24.8	0000	051.5	000.0	0086	0043	+01.72	02	00	0898	08
01	0012	29	07	09	21	00557	16.1	+24.8	0000	051.5	000.0	0097	0048	+01.73	02	00	0898	08
01	0013	29	07	09	21	00567	16.2	+24.8	0000	051.5	000.0	0107	0052	+01.73	02	00	0898	08
02	0001	29	07	09	22	00600	16.0	+24.9	0000	051.0	000.0	0000	0000	+00.00	02	00	0898	08
02	0002	29	07	09	22	00614	16.0	+24.9	0000	051.0	000.0	0000	0004	+00.00	02	00	0898	08
02	0003	29	07	09	22	00627	16.1	+24.9	0000	051.0	000.0	0000	0009	+00.00	02	00	0898	08
02	0004	29	07	09	22	00639	16.1	+24.9	0000	051.0	000.0	0039	0014	+02.34	02	00	0898	08
02	0005	29	07	09	22	00654	16.1	+24.9	0000	051.0	000.0	0053	0019	+02.37	02	00	0898	08
02	0006	29	07	09	22	00663	16.1	+24.9	0000	051.0	000.0	0064	0024	+02.28	02	00	0898	08
02	0007	29	07	09	23	00676	16.1	+25.0	0000	051.0	000.0	0075	0028	+02.24	02	00	0898	08
02	0008	29	07	09	23	00691	16.2	+25.0	0000	051.0	000.0	0088	0033	+02.26	02	00	0898	08
02	0009	29	07	09	23	00702	16.3	+25.0	0000	051.1	000.0	0101	0038	+02.26	02	00	0898	08
03	0001	29	07	09	24	00718	16.2	+25.0	0000	051.0	000.0	0000	0000	+00.00	02	00	0898	08
03	0002	29	07	09	24	00725	16.0	+25.0	0000	050.6	000.0	0000	0004	+00.00	02	00	0899	08
03	0003	29	07	09	24	00734	16.0	+25.0	0000	050.6	000.0	0000	0009	+00.00	02	00	0898	08
03	0004	29	07	09	24	00746	16.1	+25.1	0000	050.6	000.0	0028	0014	+01.67	02	00	0898	08
03	0005	29	07	09	25	00754	16.1	+25.1	0000	050.6	000.0	0037	0019	+01.67	02	00	0898	08
03	0006	29	07	09	25	00765	16.2	+25.1	0000	050.6	000.0	0047	0024	+01.70	02	00	0898	08
03	0007	29	07	09	25	00773	16.2	+25.1	0000	050.7	000.0	0056	0028	+01.68	02	00	0898	08
03	0008	29	07	09	25	00783	16.3	+25.1	0000	050.7	000.0	0066	0033	+01.69	02	00	0898	08
03	0009	29	07	09	25	00796	16.3	+25.1	0000	050.8	000.0	0077	0038	+01.73	02	00	0898	08
03	0010	29	07	09	25	00804	16.2	+25.1	0000	050.8	000.0	0087	0043	+01.73	02	00	0898	08
03	0011	29	07	09	25	00815	16.4	+25.1	0000	050.8	000.0	0097	0048	+01.75	02	00	0899	08
03	0012	29	07	09	26	00823	16.4	+25.1	0000	050.9	000.0	0107	0052	+01.74	02	00	0898	08
04	0001	29	07	09	27	00826	16.5	+25.2	0000	051.5	000.0	0000	0000	+00.00	02	00	0898	08
04	0002	29	07	09	27	00833	16.3	+25.1	0000	051.2	000.0	0000	0004	+00.00	02	00	0898	08
04	0003	29	07	09	27	00839	16.3	+25.2	0000	051.1	000.0	0000	0009	+00.00	02	00	0898	08
04	0004	29	07	09	27	00846	16.3	+25.2	0000	051.1	000.0	0020	0014	+01.20	02	00	0898	08
04	0005	29	07	09	27	00850	16.3	+25.2	0000	051.1	000.0	0024	0019	+01.10	02	00	0898	08
04	0006	29	07	09	28	00859	16.3	+25.2	0000	051.1	000.0	0032	0024	+01.14	02	00	0898	08
04	0007	29	07	09	28	00864	16.3	+25.2	0000	051.1	000.0	0038	0028	+01.13	02	00	0898	08
04	0008	29	07	09	28	00869	16.5	+25.2	0000	051.1	000.0	0043	0033	+01.09	02	00	0898	08
04	0009	29	07	09	28	00874	16.5	+25.2	0000	051.2	000.0	0048	0038	+01.07	02	00	0898	08
04	0010	29	07	09	28	00881	16.5	+25.2	0000	051.2	000.0	0054	0043	+01.07	02	00	0899	08
04	0011	29	07	09	28	00887	16.5	+25.2	0000	051.3	000.0	0060	0048	+01.07	02	00	0898	08
04	0012	29	07	09	29	00893	16.5	+25.2	0000	051.3	000.0	0066	0052	+01.07	02	00	0899	08
04	0013	29	07	09	29	00901	16.6	+25.2	0000	051.3	000.0	0072	0057	+01.08	02	00	0899	08
04	0014	29	07	09	29	00908	16.6	+25.2	0000	051.3	000.0	0079	0062	+01.09	02	00	0899	08
05	0001	29	07	09	30	00927	16.2	+25.2	0000	050.5	000.0	0000	0000	+00.00	02	00	0898	08
05	0002	29	07	09	30	00935	16.3	+25.3	0000	050.5	000.0	0000	0004	+00.00	02	00	0898	08
05	0003	29	07	09	30	00947	16.3	+25.3	0000	050.5	000.0	0000	0009	+00.00	02	00	0898	08
05	0004	29	07	09	30	00955	16.3	+25.3	0000	050.5	000.0	0028	0014	+01.71	02	00	0898	08
05	0005	29	07	09	30	00963	16.3	+25.3	0000	050.5	000.0	0036	0019	+01.64	02	00	0898	08
05	0006	29	07	09	31	00974	16.3	+25.3	0000	050.5	000.0	0046	0024	+01.66	02	00	0898	08
05	0007	29	07	09	31	00982	16.3	+25.3	0000	050.5	000.0	0055	0028	+01.64	02	00	0898	08
05	0008	29	07	09	31	00993	16.3	+25.3	0000	050.5	000.0	0065	0033	+01.67	02	00	0898	08
05	0009	29	07	09	31	01003	16.3	+25.3	0000	050.5	000.0	0075	0038	+01.69	02	00	0898	08
05	0010	29	07	09	31	01011	16.3	+25.3	0000	050.5	000.0	0085	0043	+01.69	02	00	0899	08
05	0011	29	07	09	31	01022	16.3	+25.3	0000	050.6	000.0	0094	0048	+01.69	02	00	0899	08
05	0012	29	07	09	32	01030	16.3	+25.3	0000	050.6	000.0	0104	0052	+01.69	02	00	0899	08
06	0001	29	07	09	33	01006	16.4	+25.4	0000	050.6	000.0	0000	0000	+00.00	02	00	0898	08
06	0002	29	07	09	33	01020	16.2	+25.4	0000	050.3	000.0	0000	0004	+00.00	02	00	0898	08
06	0003	29	07	09	33	01052	16.2	+25.4	0000	050.2	000.0	0000	0009	+00.00	02	00	0898	08
06	0004	29	07	09	33	01074	16.4	+25.4	0000	050.2	000.0	0070	0014	+04.21	02	00	0898	08
06	0005	29	07	09	34	01096	16.4	+25.4	0000	050.2	000.0	0093	0019	+04.17	02	00	0899	08
06	0006	29	07	09	34	01119	16.4	+25.4	0000	050.3	000.0	0116	0024	+04.14	02	00	0898	08
07	0001	29	07	09	39	00458	16.2	+25.8	0000	048.5	000.0	0000	0000	+00.00	02	00	0898	08
07	0002	29	07	09	40	00460	16.0	+25.8	0000	048.2	000.0	0000	0004	+00.00	02	00	0898	08
07	0003	29	07	09	40	00463	16.0	+25.8	0000	048.1	000.0	0000	0009	+00.00	02	00	0898	08
07	0004	29	07	09	40	00465	16.0	+25.8	0000	048.1	000.0	0007	0014	+00.41	02	00	0898	08
07	0005	29	07	09	40	00469	16.0	+25.9	0000	048.1	000.0	0010	0019	+00.46	02	00	0898	08
07	0006	29	07	09	40	00473	16.0	+25.9	0000	048.1	000.0	0014	0024	+00.50	02	00	0898	08
07	0007	29	07	09	40	00475	16.0	+25.9	0000	048.1	000.0	0017	0028	+00.50	02	00	0898	08
07	0008	29	07	09	40	00480	16.0	+25.9	0000	048.1	000.0	0021	0033	+00.53	02	00	0898	08
07	0009	29	07	09	41	00485	16.2	+25.9	0000	048.2	000.0	0025	0038	+00.57	02	00	0898	08
07	0010	29	07	09	41	00486	16.2	+25.9	0000	048.2	000.0	0029	0043	+00.57	02	00	0898	08
07	0011	29	07	09	41	00493	16.2	+25.9	0000	048.2	000.0	0034	0048	+00.61	02	00	0898	08
07	0012	29	07	09	41	00498	16.2	+25.9	0000	048.3	000.0	0039	0052	+00.64	02	00	0898	08
07	0013	29	07	09	41	00499	16.2	+25.9	0000	048.3	000.0	0043	0057	+00.64	02	00	0898	08
07	0014	29	07	09	41	00505	16.2	+25.9	0000	048.3	000.0	0047	0062	+00.65	02	00	0898	08
08	0001	29	07	09	42	00514	16.1	+26.0	0000	048.0	000.0	0000	0000	+00.00	02	00	0898	08
08	0002	29	07	09	43	00518	16.1	+26.0	0000	048.0	000.0	0000	0004	+00.00	02	00	0898	08
08	0003	29	07	09	43	00522	16.1	+26.0	0000	048.0	000.0	0000	0009	+00.00	02	00	0898	08
08	0004	29	07	09	43	00524	16.0	+26.0	0000	048.0	000.0	0010	0014	+00.63	02	00	0898	08
08	0005	29	07	09	43	00529	16.1	+26.0	0000	048.0	000.0	0014	0019	+00.65	02	00	0898	08
08	0006	29	07	09	43	00539	16.2	+26.0	0000	048.0	000.0	0022	0024	+00.81	02	00	0898	08
08	0007	29	07	09	43	00542	16.4	+26.0	0000	048.0	000.0	0028	0028	+00.86	02	00	0898	08
08	0008	29	07	09	44	00550	16.4	+26.0	0000	048.1	000.0	0035	0033	+00.91	02	00	0898	08
08	0009	29	07	09	44	00553	16.4	+26.0	0000	048.2	000.0	0041	0038	+00.91	02	00	0898	08
08	0010	29	07	09	44	00557	16.4	+26.0	0000	048.2	000.0	0045	0043	+00.91	02	00	0898	08
08	0011	29	07	09	44	00563	16.4	+26.0	0000	048.3	000.0	0050	0048	+00.91	02	00	0898	08
08	0012	29	07	09	44	00567	16.4	+26.0	0000	048.3	000.0	0055	0052	+00.90	02	00	0898	08
08	0013	29	07	09	44	00573	16.4	+26.0	0000	048.3	000.0	0060	0057	+00.90	02	00	0898	08
08	0014	29	07	09	44	00576	16.4	+26.0	0000	048.3	000.0	0065	0062	+00.89	02	00	0898	08
09	0001	29	07	09	45	00556	16.4	+26.1	0000	048.6	000.0	0000	0000	+00.00	02	00	0898	08
09	0002	29	07	09	45	00558	16.2	+26.1	0000	048.2	000.0	0000	0004	+00.00	02	00	0898	08
09	0003	29	07	09	46	00558	16.2	+26.1	0000	048.1	000.0	0000	0009	+00.00	02	00	0898	08
09	0004	29	07	09	46	00567	16.2	+26.1	0000	048.1	000.0	0010	0014	+00.62	02	00	0898	08
09	0005	29	07	09	46	00567	16.3	+26.1	0000	048.1	000.0	0013	0019	+00.58	02	00	0898	08
09	0006	29	07	09	46	00572	16.3	+26.1	0000	048.1	000.0	0016	0024	+00.60	02	00	0898	08
09	0007	29	07	09	46	00579	16.3	+26.1	0000	048.1	000.0	0022	0028	+00.67	02	00	0898	08
09	0008	29	07	09	46	00580	16.3	+26.1	0000	048.1	000.0	0026	0033	+00.66	02	00	0898	08
09	0009	29	07	09	46	00582	16.3	+26.1	0000	048.1	000.0	0028	0038	+00.63	02	00	0898	08
09	0010	29	07	09	47	00584	16.4	+26.1	0000	048.2	000.0	0031	0043	+00.61	02	00	0898	08
09	0011	29	07	09	47	00590	16.4	+26.1	0000	048.2	000.0	0034	0048	+00.61	02	00	0898	08
09	0012	29	07	09	47	00592	16.5	+26.2	0000	048.2	000.0	0037	0052	+00.61	02	00	0898	08
09	0013	29	07	09	47	00598	16.5	+26.2	0000	048.3	000.0	0041	0057	+00.62	02	00	0898	08
09	0014	29	07	09	47	00603	16.5	+26.2	0000	048.3	000.0	0046	0062	+00.63	02	00	0898	08
10	0001	29	07	09	48	00587	16.6	+26.2	0000	048.6	000.0	0000	0000	+00.00	02	00	0898	08
10	0002	29	07	09	48	00597	16.5	+26.2	0000	048.6	000.0	0000	0004	+00.00	02	00	0898	08
10	0003	29	07	09	49	00606	16.6	+26.2	0000	048.6	000.0	0000	0009	+00.00	02	00	0898	08
10	0004	29	07	09	49	00619	16.5	+26.2	0000	048.6	000.0	0031	0014	+01.85	02	00	0898	08
10	0005	29	07	09	49	00629	16.6	+26.2	0000	048.6	000.0	0042	0019	+01.89	02	00	0898	08
10	0006	29	07	09	49	00640	16.6	+26.2	0000	048.6	000.0	0053	0024	+01.89	02	00	0898	08
10	0007	29	07	09	49	00650	16.6	+26.2	0000	048.6	000.0	0063	0028	+01.88	02	00	0898	08
10	0008	29	07	09	49	00657	16.6	+26.2	0000	048.6	000.0	0072	0033	+01.83	02	00	0898	08
10	0009	29	07	09	49	00671	16.6	+26.3	0000	048.6	000.0	0083	0038	+01.85	02	00	0898	08
10	0010	29	07	09	50	00679	16.6	+26.3	0000	048.6	000.0	0092	0043	+01.84	02	00	0898	08
10	0011	29	07	09	50	00688	16.6	+26.3	0000	048.6	000.0	0102	0048	+01.82	02	00	0898	08
11	0001	29	07	09	51	00609	16.6	+26.3	0000	048.6	000.0	0000	0000	+00.00	02	00	0898	08
11	0002	29	07	09	51	00612	16.6	+26.3	0000	048.6	000.0	0000	0004	+00.00	02	00	0898	08
11	0003	29	07	09	51	00618	16.6	+26.3	0000	048.6	000.0	0000	0009	+00.00	02	00	0898	08
11	0004	29	07	09	51	00625	16.7	+26.4	0000	048.6	000.0	0016	0014	+00.99	02	00	0898	08
11	0005	29	07	09	51	00631	16.7	+26.4	0000	048.6	000.0	0022	0019	+01.02	02	00	0898	08
11	0006	29	07	09	52	00637	16.6	+26.3	0000	048.6	000.0	0029	0024	+01.04	02	00	0898	08
11	0007	29	07	09	52	00647	16.9	+26.4	0000	048.6	000.0	0037	0028	+01.12	02	00	0898	08
11	0008	29	07	09	52	00655	16.8	+26.3	0000	048.7	000.0	0046	0033	+01.19	02	00	0898	08
11	0009	29	07	09	52	00661	16.9	+26.4	0000	048.8	000.0	0054	0038	+01.21	02	00	0898	08
11	0010	29	07	09	52	00669	16.9	+26.4	0000	048.8	000.0	0062	0043	+01.23	02	00	0898	08
11	0011	29	07	09	52	00676	17.1	+26.4	0000	048.9	000.0	0069	0048	+01.24	02	00	0898	08
11	0012	29	07	09	52	00682	17.1	+26.4	0000	048.9	000.0	0076	0052	+01.25	02	00	0898	08
11	0013	29	07	09	53	00686	17.1	+26.4	0000	049.0	000.0	0082	0057	+01.23	02	00	0898	08
11	0014	29	07	09	53	00690	17.1	+26.4	0000	049.1	000.0	0087	0062	+01.20	02	00	0898	08
12	0001	29	07	09	54	00654	17.2	+26.5	0000	049.7	000.0	0000	0000	+00.00	02	00	0898	08
12	0002	29	07	09	54	00663	17.2	+26.5	0000	049.7	000.0	0000	0004	+00.00	02	00	0898	08
12	0003	29	07	09	54	00666	17.4	+26.5	0000	049.7	000.0	0000	0009	+00.00	02	00	0898	08
12	0004	29	07	09	54	00671	17.4	+26.5	0000	049.9	000.0	0016	0014	+01.01	02	00	0898	08
12	0005	29	07	09	55	00680	17.4	+26.5	0000	049.9	000.0	0024	0019	+01.08	02	00	0898	08
12	0006	29	07	09	55	00683	17.6	+26.5	0000	050.1	000.0	0028	0024	+01.03	02	00	0898	08
12	0007	29	07	09	55	00690	17.6	+26.5	0000	050.2	000.0	0034	0028	+01.04	02	00	0898	08
12	0008	29	07	09	55	00694	17.6	+26.6	0000	050.2	000.0	0039	0033	+01.02	02	00	0898	08
12	0009	29	07	09	55	00704	17.6	+26.6	0000	050.3	000.0	0047	0038	+01.06	02	00	0898	08
12	0010	29	07	09	55	00708	17.6	+26.6	0000	050.3	000.0	0053	0043	+01.06	02	00	0898	08
12	0011	29	07	09	56	00712	17.6	+26.6	0000	050.4	000.0	0058	0048	+01.04	02	00	0898	08
12	0012	29	07	09	56	00722	17.8	+26.6	0000	050.4	000.0	0065	0052	+01.06	02	00	0898	08
12	0013	29	07	09	56	00724	17.8	+26.6	0000	050.5	000.0	0070	0057	+01.05	02	00	0898	08
12	0014	29	07	09	56	00730	18.0	+26.6	0000	050.6	000.0	0075	0062	+01.05	02	00	0898	08
13	0001	29	07	09	58	00686	16.7	+26.7	0000	047.6	000.0	0000	0000	+00.00	02	00	0898	08
13	0002	29	07	09	58	00689	16.5	+26.7	0000	047.2	000.0	0000	0004	+00.00	02	00	0898	08
13	0003	29	07	09	58	00687	16.3	+26.7	0000	047.1	000.0	0000	0009	+00.00	02	00	0898	08
13	0004	29	07	09	59	00689	16.3	+26.7	0000	046.9	000.0	0002	0014	+00.13	02	00	0898	08
13	0005	29	07	09	59	00690	16.3	+26.7	0000	046.8	000.0	0003	0019	+00.15	02	00	0898	08
13	0006	29	07	09	59	00690	16.4	+26.8	0000	046.8	000.0	0003	0024	+00.13	02	00	0898	08
13	0007	29	07	09	59	00694	16.4	+26.8	0000	046.8	000.0	0006	0028	+00.19	02	00	0898	08
13	0008	29	07	09	59	00700	16.4	+26.8	0000	046.7	000.0	0011	0033	+00.28	02	00	0898	08
13	0009	29	07	09	59	00701	16.4	+26.8	0000	046.7	000.0	0014	0038	+00.32	02	00	0898	08
13	0010	29	07	09	59	00706	16.4	+26.8	0000	046.7	000.0	0019	0043	+00.38	02	00	0898	08
13	0011	29	07	10	00	00709	16.4	+26.8	0000	046.7	000.0	0023	0048	+00.41	02	00	0898	08
13	0012	29	07	10	00	00714	16.4	+26.8	0000	046.7	000.0	0027	0052	+00.44	02	00	0898	08
13	0013	29	07	10	00	00715	16.2	+26.8	0000	046.6	000.0	0031	0057	+00.46	02	00	0898	08
13	0014	29	07	10	00	00721	16.2	+26.8	0000	046.6	000.0	0036	0062	+00.49	02	00	0898	08
14	0001	29	07	10	01	00702	16.1	+26.8	0000	045.5	000.0	0000	0000	+00.00	02	00	0898	08
14	0002	29	07	10	01	00706	16.1	+26.8	0000	045.5	000.0	0000	0004	+00.00	02	00	0898	08
14	0003	29	07	10	01	00710	16.1	+26.9	0000	045.5	000.0	0000	0009	+00.00	02	00	0898	08
14	0004	29	07	10	01	00711	16.1	+26.9	0000	045.5	000.0	0008	0014	+00.51	02	00	0898	08
14	0005	29	07	10	02	00712	16.3	+26.9	0000	045.6	000.0	0009	0019	+00.44	02	00	0898	08
14	0006	29	07	10	02	00715	16.3	+26.9	0000	045.7	000.0	0012	0024	+00.44	02	00	0898	08
14	0007	29	07	10	02	00715	16.3	+26.9	0000	045.7	000.0	0012	0028	+00.38	02	00	0898	08
14	0008	29	07	10	02	00717	16.3	+26.9	0000	045.8	000.0	0013	0033	+00.36	02	00	0898	08
14	0009	29	07	10	02	00725	16.3	+26.9	0000	045.8	000.0	0018	0038	+00.41	02	00	0898	08
14	0010	29	07	10	02	00725	16.3	+26.9	0000	045.8	000.0	0021	0043	+00.43	02	00	0898	08
14	0011	29	07	10	03	00728	16.4	+27.0	0000	045.9	000.0	0024	0048	+00.43	02	00	0898	08
14	0012	29	07	10	03	00727	16.4	+27.0	0000	045.9	000.0	0025	0052	+00.42	02	00	0898	08
14	0013	29	07	10	03	00731	16.4	+27.0	0000	045.9	000.0	0028	0057	+00.42	02	00	0898	08
14	0014	29	07	10	03	00739	16.4	+27.0	0000	045.9	000.0	0032	0062	+00.44	02	00	0898	08
15	0001	29	07	10	04	00731	16.2	+27.0	0000	045.5	000.0	0000	0000	+00.00	02	00	0898	08
15	0002	29	07	10	04	00738	16.2	+27.0	0000	045.5	000.0	0000	0004	+00.00	02	00	0898	08
15	0003	29	07	10	04	00747	16.2	+27.0	0000	045.5	000.0	0000	0009	+00.00	02	00	0898	08
15	0004	29	07	10	04	00757	16.4	+27.0	0000	045.6	000.0	0026	0014	+01.55	02	00	0898	08
15	0005	29	07	10	05	00764	16.4	+27.0	0000	045.7	000.0	0034	0019	+01.54	02	00	0898	08
15	0006	29	07	10	05	00773	16.7	+27.0	0000	045.9	000.0	0042	0024	+01.54	02	00	0898	08
15	0007	29	07	10	05	00780	16.7	+27.0	0000	046.0	000.0	0050	0028	+01.50	02	00	0898	08
15	0008	29	07	10	05	00786	16.7	+27.0	0000	046.1	000.0	0056	0033	+01.45	02	00	0898	08
15	0009	29	07	10	05	00794	16.7	+27.0	0000	046.1	000.0	0063	0038	+01.42	02	00	0898	08
15	0010	29	07	10	05	00796	16.7	+27.0	0000	046.2	000.0	0068	0043	+01.36	02	00	0898	08
15	0011	29	07	10	05	00804	16.8	+27.0	0000	046.3	000.0	0074	0048	+01.32	02	00	0898	08
15	0012	29	07	10	06	00808	16.8	+27.0	0000	046.4	000.0	0078	0052	+01.28	02	00	0898	08
15	0013	29	07	10	06	00818	17.1	+27.1	0000	046.4	000.0	0085	0057	+01.28	02	00	0898	08
15	0014	29	07	10	06	00821	17.1	+27.1	0000	046.5	000.0	0090	0062	+01.25	02	00	0898	08
16	0001	29	07	10	07	00744	16.8	+27.2	0000	046.6	000.0	0000	0000	+00.00	02	00	0898	08
16	0002	29	07	10	07	00744	16.8	+27.2	0000	046.6	000.0	0000	0004	+00.00	02	00	0898	08
16	0003	29	07	10	07	00747	16.8	+27.2	0000	046.6	000.0	0000	0009	+00.00	02	00	0898	08
16	0004	29	07	10	07	00746	16.8	+27.2	0000	046.6	000.0	0003	0014	+00.19	02	00	0898	08
16	0005	29	07	10	07	00751	16.8	+27.2	0000	046.6	000.0	0007	0019	+00.31	02	00	0898	08
16	0006	29	07	10	08	00754	16.6	+27.2	0000	046.6	000.0	0010	0024	+00.37	02	00	0898	08
16	0007	29	07	10	08	00757	16.6	+27.2	0000	046.5	000.0	0013	0028	+00.40	02	00	0898	08
16	0008	29	07	10	08	00759	16.7	+27.2	0000	046.4	000.0	0016	0033	+00.41	02	00	0898	08
16	0009	29	07	10	08	00762	16.7	+27.2	0000	046.4	000.0	0019	0038	+00.42	02	00	0898	08
16	0010	29	07	10	08	00767	16.7	+27.2	0000	046.4	000.0	0023	0043	+00.46	02	00	0898	08
16	0011	29	07	10	08	00768	16.7	+27.3	0000	046.3	000.0	0025	0048	+00.46	02	00	0898	08
16	0012	29	07	10	08	00779	16.7	+27.3	0000	046.3	000.0	0032	0052	+00.52	02	00	0898	08
16	0013	29	07	10	09	00775	16.7	+27.2	0000	046.3	000.0	0035	0057	+00.52	02	00	0898	08
16	0014	29	07	10	09	00781	16.7	+27.3	0000	046.3	000.0	0039	0062	+00.53	02	00	0898	08
17	0001	29	07	10	10	00779	16.3	+27.3	0000	045.0	000.0	0000	0000	+00.00	02	00	0898	08
17	0002	29	07	10	10	00789	16.4	+27.3	0000	045.0	000.0	0000	0004	+00.00	02	00	0898	08
17	0003	29	07	10	10	00801	16.2	+27.3	0000	045.0	000.0	0000	0009	+00.00	02	00	0898	08
17	0004	29	07	10	10	00818	16.2	+27.3	0000	044.9	000.0	0038	0014	+02.30	02	00	0898	08
17	0005	29	07	10	10	00832	16.4	+27.3	0000	044.9	000.0	0053	0019	+02.39	02	00	0898	08
17	0006	29	07	10	11	00848	16.4	+27.3	0000	044.9	000.0	0069	0024	+02.48	02	00	0898	08
17	0007	29	07	10	11	00862	16.4	+27.3	0000	045.0	000.0	0084	0028	+02.52	02	00	0898	08
17	0008	29	07	10	11	00877	16.6	+27.3	0000	045.0	000.0	0100	0033	+02.56	02	00	0898	08
18	0001	29	07	10	12	00802	16.4	+27.4	0000	045.1	000.0	0000	0000	+00.00	02	00	0898	08
18	0002	29	07	10	12	00810	16.5	+27.4	0000	045.1	000.0	0000	0004	+00.00	02	00	0898	08
18	0003	29	07	10	12	00819	16.4	+27.4	0000	045.1	000.0	0000	0009	+00.00	02	00	0898	08
18	0004	29	07	10	12	00829	16.4	+27.4	0000	045.1	000.0	0027	0014	+01.61	02	00	0898	08
18	0005	29	07	10	13	00842	16.5	+27.5	0000	045.1	000.0	0039	0019	+01.78	02	00	0898	08
18	0006	29	07	10	13	00852	16.5	+27.4	0000	045.1	000.0	0051	0024	+01.82	02	00	0898	08
18	0007	29	07	10	13	00857	16.5	+27.4	0000	045.1	000.0	0058	0028	+01.74	02	00	0898	08
18	0008	29	07	10	13	00871	16.7	+27.5	0000	045.1	000.0	0069	0033	+01.77	02	00	0898	08
18	0009	29	07	10	13	00885	16.7	+27.5	0000	045.2	000.0	0081	0038	+01.82	02	00	0898	08
18	0010	29	07	10	13	00890	16.7	+27.5	0000	045.2	000.0	0091	0043	+01.80	02	00	0898	08
18	0011	29	07	10	13	00899	16.7	+27.5	0000	045.3	000.0	0100	0048	+01.79	02	00	0898	08
19	0001	29	07	10	15	00416	16.0	+27.6	0000	043.5	000.0	0000	0000	+00.00	02	00	0898	08
19	0002	29	07	10	15	00416	15.6	+27.6	0000	042.8	000.0	0000	0004	+00.00	02	00	0898	08
19	0003	29	07	10	16	00416	15.6	+27.6	0000	042.6	000.0	0000	0009	+00.00	02	00	0898	08
19	0004	29	07	10	16	00416	15.6	+27.6	0000	042.6	000.0	0000	0014	-00.04	02	01	0898	08
19	0005	29	07	10	16	00416	15.7	+27.6	0000	042.5	000.0	0000	0019	-00.00	02	01	0898	08
19	0006	29	07	10	16	00419	15.7	+27.6	0000	042.5	000.0	0002	0024	+00.07	02	00	0898	08
19	0007	29	07	10	16	00422	15.7	+27.6	0000	042.5	000.0	0005	0028	+00.15	02	00	0898	08
19	0008	29	07	10	16	00423	15.7	+27.6	0000	042.5	000.0	0007	0033	+00.18	02	00	0898	08
19	0009	29	07	10	16	00424	15.7	+27.6	0000	042.5	000.0	0008	0038	+00.20	02	00	0898	08
19	0010	29	07	10	17	00426	15.7	+27.6	0000	042.5	000.0	0011	0043	+00.21	02	00	0898	08
19	0011	29	07	10	17	00428	15.7	+27.6	0000	042.5	000.0	0013	0048	+00.23	02	00	0898	08
19	0012	29	07	10	17	00431	15.7	+27.6	0000	042.5	000.0	0015	0052	+00.25	02	00	0898	08
19	0013	29	07	10	17	00433	15.7	+27.6	0000	042.4	000.0	0017	0057	+00.26	02	00	0898	08
19	0014	29	07	10	17	00434	15.9	+27.6	0000	042.5	000.0	0019	0062	+00.27	02	00	0898	08
20	0001	29	07	10	18	00450	15.8	+27.7	0000	042.4	000.0	0000	0000	+00.00	02	00	0898	08
20	0002	29	07	10	18	00450	15.8	+27.7	0000	042.4	000.0	0000	0004	+00.00	02	00	0898	08
20	0003	29	07	10	18	00450	15.7	+27.7	0000	042.5	000.0	0000	0009	+00.00	02	00	0898	08
20	0004	29	07	10	19	00450	16.0	+27.7	0000	042.6	000.0	0000	0014	+00.05	02	00	0898	08
20	0005	29	07	10	19	00452	16.0	+27.7	0000	042.7	000.0	0001	0019	+00.09	02	00	0898	08
20	0006	29	07	10	19	00454	16.0	+27.7	0000	042.7	000.0	0004	0024	+00.14	02	00	0898	08
20	0007	29	07	10	19	00454	16.0	+27.8	0000	042.8	000.0	0004	0028	+00.15	02	00	0898	08
20	0008	29	07	10	19	00456	16.0	+27.7	0000	042.8	000.0	0006	0033	+00.17	02	00	0898	08
20	0009	29	07	10	19	00458	16.0	+27.8	0000	042.8	000.0	0008	0038	+00.18	02	00	0898	08
20	0010	29	07	10	20	00458	16.0	+27.7	0000	042.8	000.0	0009	0043	+00.19	02	00	0898	08
20	0011	29	07	10	20	00461	16.2	+27.8	0000	042.8	000.0	0011	0048	+00.21	02	00	0898	08
20	0012	29	07	10	20	00460	16.2	+27.8	0000	042.9	000.0	0012	0052	+00.20	02	00	0898	08
20	0013	29	07	10	20	00463	16.2	+27.8	0000	042.9	000.0	0014	0057	+00.21	02	00	0898	08
20	0014	29	07	10	20	00463	16.2	+27.8	0000	043.0	000.0	0015	0062	+00.21	02	00	0898	08
21	0001	29	07	10	21	00453	16.0	+27.8	0000	043.0	000.0	0000	0000	+00.00	02	00	0898	08
21	0002	29	07	10	21	00456	16.1	+27.8	0000	043.0	000.0	0000	0004	+00.00	02	00	0898	08
21	0003	29	07	10	22	00455	16.1	+27.8	0000	043.0	000.0	0000	0009	+00.00	02	00	0898	08
21	0004	29	07	10	22	00459	16.3	+27.8	0000	043.0	000.0	0005	0014	+00.30	02	00	0898	08
21	0005	29	07	10	22	00464	16.3	+27.8	0000	043.1	000.0	0009	0019	+00.44	02	00	0898	08
21	0006	29	07	10	22	00463	16.3	+27.8	0000	043.2	000.0	0011	0024	+00.40	02	00	0898	08
21	0007	29	07	10	22	00463	16.3	+27.8	0000	043.2	000.0	0011	0028	+00.33	02	00	0898	08
21	0008	29	07	10	22	00469	16.3	+27.8	0000	043.3	000.0	0014	0033	+00.37	02	00	0898	08
21	0009	29	07	10	22	00471	16.5	+27.9	0000	043.4	000.0	0017	0038	+00.39	02	00	0898	08
21	0010	29	07	10	23	00000	00.0	+00.0	0000	0000	0000	0000	0000	0000	00	00	0000	00
21	0011	29	07	10	23	00471	16.5	+27.8	0000	043.5	000.0	0019	0048	+00.35	02	00	0898	08
21	0012	29	07	10	23	00474	16.7	+27.9	0000	043.6	000.0	0021	0052	+00.35	02	00	0898	08
21	0013	29	07	10	23	00475	16.7	+27.9	0000	043.7	000.0	0022	0057	+00.34	02	00	0898	08
21	0014	29	07	10	23	00474	16.7	+27.9	0000	043.7	000.0	0023	0062	+00.32	02	00	0898	08
22	0001	29	07	10	25	00461	15.8	+27.9	0000	041.9	000.0	0000	0000	+00.00	02	00	0898	08
22	0002	29	07	10	25	00460	15.8	+28.0	0000	041.9	000.0	0000	0004	+00.00	02	00	0898	08
22	0003	29	07	10	25	00460	15.8	+27.9	0000	041.9	000.0	0000	0009	+00.00	02	00	0898	08
22	0004	29	07	10	26	00462	15.8	+28.0	0000	041.9	000.0	0001	0014	+00.07	02	00	0898	08
22	0005	29	07	10	26	00465	15.8	+28.0	0000	041.9	000.0	0004	0019	+00.19	02	00	0898	08
22	0006	29	07	10	26	00468	15.8	+28.0	0000	041.9	000.0	0007	0024	+00.27	02	00	0898	08
22	0007	29	07	10	26	00469	15.8	+28.0	0000	041.9	000.0	0009	0028	+00.29	02	00	0898	08
22	0008	29	07	10	26	00469	15.8	+28.0	0000	041.9	000.0	0010	0033	+00.27	02	00	0898	08
22	0009	29	07	10	26	00472	16.0	+28.0	0000	041.9	000.0	0012	0038	+00.28	02	00	0898	08
22	0010	29	07	10	26	00472	16.0	+28.0	0000	042.0	000.0	0013	0043	+00.27	02	00	0898	08
22	0011	29	07	10	27	00475	15.8	+28.0	0000	042.0	000.0	0015	0048	+00.27	02	00	0898	08
22	0012	29	07	10	27	00475	16.0	+28.0	0000	042.0	000.0	0016	0052	+00.27	02	00	0898	08
22	0013	29	07	10	27	00478	16.0	+28.0	0000	042.0	000.0	0018	0057	+00.28	02	00	0898	08
22	0014	29	07	10	27	00478	16.0	+28.0	0000	042.1	000.0	0020	0062	+00.27	02	00	0898	08
23	0001	29	07	10	28	00479	16.1	+28.0	0000	042.5	000.0	0000	0000	+00.00	02	00	0898	08
23	0002	29	07	10	28	00485	15.8	+28.0	0000	042.0	000.0	0000	0004	+00.00	02	00	0898	08
23	0003	29	07	10	29	00489	16.0	+28.0	0000	042.2	000.0	0000	0009	+00.00	02	00	0898	08
23	0004	29	07	10	29	00492	16.0	+28.0	0000	042.3	000.0	0013	0014	+00.78	02	00	0898	08
23	0005	29	07	10	29	00496	16.0	+28.0	0000	042.3	000.0	0016	0019	+00.74	02	00	0898	08
23	0006	29	07	10	29	00501	16.0	+28.0	0000	042.3	000.0	0020	0024	+00.74	02	00	0898	08
23	0007	29	07	10	29	00505	16.1	+28.0	0000	042.4	000.0	0024	0028	+00.73	02	00	0898	08
23	0008	29	07	10	29	00510	16.2	+28.0	0000	042.4	000.0	0029	0033	+00.75	02	00	0898	08
23	0009	29	07	10	29	00518	16.4	+28.0	0000	042.5	000.0	0036	0038	+00.80	02	00	0898	08
23	0010	29	07	10	30	00520	16.5	+28.0	0000	042.6	000.0	0040	0043	+00.81	02	00	0898	08
23	0011	29	07	10	30	00528	16.4	+28.0	0000	042.7	000.0	0047	0048	+00.84	02	00	0898	08
23	0012	29	07	10	30	00532	16.5	+28.0	0000	042.8	000.0	0052	0052	+00.85	02	00	0898	08
23	0013	29	07	10	30	00535	16.4	+28.0	0000	042.9	000.0	0057	0057	+00.85	02	00	0898	08
23	0014	29	07	10	30	00541	16.5	+28.0	0000	042.9	000.0	0061	0062	+00.85	02	00	0898	08
24	0001	29	07	10	31	00526	16.1	+28.0	0000	042.5	000.0	0000	0000	+00.00	02	00	0898	08
24	0002	29	07	10	31	00540	16.3	+28.0	0000	042.7	000.0	0000	0004	+00.00	02	00	0898	08
24	0003	29	07	10	32	00558	16.3	+28.0	0000	042.8	000.0	0000	0009	+00.00	02	00	0898	08
24	0004	29	07	10	32	00574	16.3	+28.1	0000	042.9	000.0	0048	0014	+02.91	02	00	0898	08
24	0005	29	07	10	32	00585	16.5	+28.1	0000	043.0	000.0	0060	0019	+02.72	02	00	0898	08
24	0006	29	07	10	32	00599	16.5	+28.1	0000	043.1	000.0	0073	0024	+02.64	02	00	0898	08
24	0007	29	07	10	32	00615	16.5	+28.1	0000	043.2	000.0	0088	0028	+02.64	02	00	0898	08
24	0008	29	07	10	32	00628	16.5	+28.1	0000	043.2	000.0	0101	0033	+02.60	02	00	0898	08
26	0001	29	07	10	38	00515	16.2	+28.2	0000	042.5	000.0	0000	0000	+00.00	02	00	0899	08
26	0002	29	07	10	38	00516	16.2	+28.2	0000	042.6	000.0	0000	0004	+00.00	02	00	0899	08
26	0003	29	07	10	38	00521	16.4	+28.2	0000	042.8	000.0	0000	0009	+00.00	02	00	0898	08
26	0004	29	07	10	38	00523	16.4	+28.1	0000	042.8	000.0	0009	0014	+00.54	02	00	0899	08
26	0005	29	07	10	38	00524	16.4	+28.2	0000	042.9	000.0	0010	0019	+00.46	02	00	0899	08
26	0006	29	07	10	38	00530	16.4	+28.2	0000	042.9	000.0	0014	0024	+00.53	02	00	0899	08
26	0007	29	07	10	39	00537	16.4	+28.2	0000	042.9	000.0	0021	0028	+00.63	02	00	0898	08
26	0008	29	07	10	39	00540	16.6	+28.2	0000	043.0	000.0	0026	0033	+00.66	02	00	0899	08
26	0009	29	07	10	39	00545	16.6	+28.2	0000	043.0	000.0	0030	0038	+00.69	02	00	0899	08
26	0010	29	07	10	39	00549	16.6	+28.2	0000	043.0	000.0	0035	0043	+00.70	02	00	0899	08
26	0011	29	07	10	39	00551	16.4	+28.2	0000	043.0	000.0	0039	0048	+00.70	02	00	0898	08
26	0012	29	07	10	39	00559	16.6	+28.1	0000	043.0	000.0	0044	0052	+00.72	02	00	0898	08
26	0013	29	07	10	40	00560	16.6	+28.1	0000	043.1	000.0	0048	0057	+00.72	02	00	0899	08
26	0014	29	07	10	40	00567	16.6	+28.2	0000	043.1	000.0	0053	0062	+00.73	02	00	0899	08
27	0001	29	07	10	41	00598	16.7	+28.2	0000	043.5	000.0	0000	0000	+00.00	02	00	0899	08
27	0002	29	07	10	41	00599	16.6	+28.2	0000	043.5	000.0	0000	0004	+00.00	02	00	0899	08
27	0003	29	07	10	41	00606	16.7	+28.2	0000	043.5	000.0	0000	0009	+00.00	02	00	0899	08
27	0004	29	07	10	41	00609	16.6	+28.2	0000	043.5	000.0	0012	0014	+00.73	02	00	0899	08
27	0005	29	07	10	41	00616	16.7	+28.2	0000	043.5	000.0	0018	0019	+00.83	02	00	0899	08
27	0006	29	07	10	41	00621	16.7	+28.2	0000	043.5	000.0	0024	0024	+00.85	02	00	0898	08
27	0007	29	07	10	42	00625	16.9	+28.2	0000	043.6	000.0	0028	0028	+00.86	02	00	0899	08
27	0008	29	07	10	42	00631	16.8	+28.2	0000	043.7	000.0	0034	0033	+00.88	02	00	0898	08
27	0009	29	07	10	42	00635	17.1	+28.2	0000	043.8	000.0	0039	0038	+00.87	02	00	0899	08
27	0010	29	07	10	42	00638	17.1	+28.2	0000	043.9	000.0	0042	0043	+00.85	02	00	0898	08
27	0011	29	07	10	42	00650	17.1	+28.2	0000	043.9	000.0	0050	0048	+00.90	02	00	0899	08
27	0012	29	07	10	42	00651	17.1	+28.2	0000	044.0	000.0	0055	0052	+00.90	02	00	0899	08
27	0013	29	07	10	42	00658	17.1	+28.2	0000	044.1	000.0	0061	0057	+00.91	02	00	0899	08
27	0014	29	07	10	43	00663	17.1	+28.2	0000	044.1	000.0	0066	0062	+00.92	02	00	0898	08
28	0001	29	07	10	44	00546	17.1	+28.2	0000	044.6	000.0	0000	0000	+00.00	02	00	0899	08
28	0002	29	07	10	44	00550	17.1	+28.2	0000	044.6	000.0	0000	0004	+00.00	02	00	0898	08
28	0003	29	07	10	44	00550	17.1	+28.2	0000	044.6	000.0	0000	0009	+00.00	02	00	0898	08
28	0004	29	07	10	44	00553	17.3	+28.2	0000	044.7	000.0	0006	0014	+00.41	02	00	0899	08
28	0005	29	07	10	44	00554	17.1	+28.2	0000	044.7	000.0	0007	0019	+00.34	02	00	0899	08
28	0006	29	07	10	45	00558	17.1	+28.2	0000	044.6	000.0	0011	0024	+00.40	02	00	0898	08
28	0007	29	07	10	45	00561	17.3	+28.2	0000	044.7	000.0	0014	0028	+00.43	02	00	0898	08
28	0008	29	07	10	45	00561	17.2	+28.2	0000	044.7	000.0	0016	0033	+00.41	02	00	0899	08
28	0009	29	07	10	45	00564	17.3	+28.2	0000	044.8	000.0	0017	0038	+00.40	02	00	0899	08
28	0010	29	07	10	45	00565	17.3	+28.2	0000	044.8	000.0	0019	0043	+00.38	02	00	0898	08
28	0011	29	07	10	45	00568	17.2	+28.2	0000	044.9	000.0	0021	0048	+00.38	02	00	0898	08
28	0012	29	07	10	46	00571	17.3	+28.2	0000	044.9	000.0	0023	0052	+00.38	02	00	0899	08
28	0013	29	07	10	46	00571	17.3	+28.2	0000	044.9	000.0	0025	0057	+00.37	02	00	0898	08
28	0014	29	07	10	46	00574	17.2	+28.2	0000	044.9	000.0	0027	0062	+00.37	02	00	0899	08
29	0001	29	07	10	47	00549	17.0	+28.2	0000	044.6	000.0	0000	0000	+00.00	02	00	0899	08
29	0002	29	07	10	47	00550	17.0	+28.2	0000	044.6	000.0	0000	0004	+00.00	02	00	0899	08
29	0003	29	07	10	47	00560	17.0	+28.2	0000	044.6	000.0	0000	0009	+00.00	02	00	0899	08
29	0004	29	07	10	47	00566	17.0	+28.1	0000	044.6	000.0	0018	0014	+01.09	02	00	0898	08
29	0005	29	07	10	48	00573	17.2	+28.1	0000	044.7	000.0	0025	0019	+01.13	02	00	0899	08
29	0006	29	07	10	48	00579	17.0	+28.1	0000	044.7	000.0	0032	0024	+01.14	02	00	0898	08
29	0007	29	07	10	48	00584	17.2	+28.1	0000	044.8	000.0	0037	0028	+01.11	02	00	0899	08
29	0008	29	07	10	48	00587	17.4	+28.1	0000	044.8	000.0	0041	0033	+01.07	02	00	0898	08
29	0009	29	07	10	48	00594	17.3	+28.1	0000	044.9	000.0	0047	0038	+01.05	02	00	0898	08
29	0010	29	07	10	48	00597	17.4	+28.1	0000	045.0	000.0	0051	0043	+01.02	02	00	0898	08
29	0011	29	07	10	48	00609	17.4	+28.1	0000	045.0	000.0	0058	0048	+01.05	02	00	0898	08
29	0012	29	07	10	49	00614	17.4	+28.1	0000	045.1	000.0	0065	0052	+01.06	02	00	0899	08
29	0013	29	07	10	49	00618	17.4	+28.1	0000	045.1	000.0	0071	0057	+01.06	02	00	0899	08
29	0014	29	07	10	49	00629	17.4	+28.1	0000	045.2	000.0	0078	0062	+01.08	02	00	0899	08
35	0001	29	07	10	52	00573	17.8	+28.2	0000	046.7	000.0	0000	0000	+00.00	02	00	0898	08
35	0002	29	07	10	52	00579	17.8	+28.1	0000	046.7	000.0	0000	0004	+00.00	02	00	0898	08
35	0003	29	07	10	52	00583	17.8	+28.1	0000	046.7	000.0	0000	0009	+00.00	02	00	0899	08
35	0004	29	07	10	53	00589	17.8	+28.2	0000	046.7	000.0	0015	0014	+00.91	02	00	0899	08
35	0005	29	07	10	53	00590	18.2	+28.2	0000	046.9	000.0	0017	0019	+00.79	02	00	0899	08
35	0006	29	07	10	53	00597	18.2	+28.2	0000	047.1	000.0	0022	0024	+00.81	02	00	0899	08
35	0007	29	07	10	53	00601	18.6	+28.2	0000	047.3	000.0	0026	0028	+00.81	02	00	0899	08
35	0008	29	07	10	53	00605	18.6	+28.2	0000	047.5	000.0	0031	0033	+00.80	02	00	0899	08
35	0009	29	07	10	53	00611	18.8	+28.2	0000	047.7	000.0	0036	0038	+00.82	02	00	0899	08
35	0010	29	07	10	53	00612	19.0	+28.2	0000	048.0	000.0	0039	0043	+00.80	02	00	0899	08
35	0011	29	07	10	54	00618	19.2	+28.2	0000	048.2	000.0	0044	0048	+00.80	02	00	0899	08
35	0012	29	07	10	54	00623	19.3	+28.2	0000	048.4	000.0	0048	0052	+00.80	02	00	0898	08
35	0013	29	07	10	54	00627	19.5	+28.2	0000	048.6	000.0	0052	0057	+00.79	02	00	0898	08
;Received 1000 record(s)
