;EGM-4 Data
;SoftwareVersion=1.05
;Plot	RecNo	Day	Month	Hour	Min	CO2 Ref	mb Ref	mbR Temp	Input A	Input B	Input C	Input D	Input E	Input F	Input G	Input H	ATMP	Probe Type
50	0014	29	07	12	23	00586	18.6	+28.7	0000	047.3	000.0	0041	0062	+00.57	02	00	0898	08
51	0001	29	07	12	24	00618	18.9	+28.7	0000	047.9	000.0	0000	0000	+00.00	02	00	0898	08
51	0002	29	07	12	24	00610	18.9	+28.8	0000	047.9	000.0	0000	0004	+00.00	02	00	0898	08
51	0003	29	07	12	24	00613	19.1	+28.8	0000	048.1	000.0	0000	0009	+00.00	02	00	0898	08
51	0004	29	07	12	24	00619	19.1	+28.7	0000	048.2	000.0	0001	0014	+00.10	02	00	0898	08
51	0005	29	07	12	24	00623	19.1	+28.7	0000	048.3	000.0	0008	0019	+00.36	02	00	0898	08
51	0006	29	07	12	24	00628	19.1	+28.8	0000	048.3	000.0	0014	0024	+00.51	02	00	0898	08
51	0007	29	07	12	24	00634	19.1	+28.7	0000	048.3	000.0	0020	0028	+00.61	02	00	0898	08
51	0008	29	07	12	25	00637	19.1	+28.8	0000	048.3	000.0	0025	0033	+00.66	02	00	0898	08
51	0009	29	07	12	25	00642	18.9	+28.8	0000	048.3	000.0	0031	0038	+00.69	02	00	0898	08
51	0010	29	07	12	25	00643	18.9	+28.8	0000	048.3	000.0	0034	0043	+00.68	02	00	0898	08
51	0011	29	07	12	25	00649	19.1	+28.8	0000	048.3	000.0	0038	0048	+00.69	02	00	0898	08
51	0012	29	07	12	25	00656	19.1	+28.7	0000	048.3	000.0	0044	0052	+00.72	02	00	0898	08
51	0013	29	07	12	25	00658	19.1	+28.8	0000	048.3	000.0	0048	0057	+00.72	02	00	0898	08
51	0014	29	07	12	26	00662	19.3	+28.8	0000	048.4	000.0	0053	0062	+00.73	02	00	0898	08
52	0001	29	07	12	27	00598	19.3	+28.8	0000	048.9	000.0	0000	0000	+00.00	02	00	0898	08
52	0002	29	07	12	27	00602	19.3	+28.8	0000	048.9	000.0	0000	0004	+00.00	02	00	0898	08
52	0003	29	07	12	27	00604	19.3	+28.8	0000	048.9	000.0	0000	0009	+00.00	02	00	0898	08
52	0004	29	07	12	27	00612	19.4	+28.8	0000	048.9	000.0	0012	0014	+00.76	02	00	0898	08
52	0005	29	07	12	27	00614	19.3	+28.8	0000	048.9	000.0	0016	0019	+00.74	02	00	0898	08
52	0006	29	07	12	27	00618	19.4	+28.8	0000	048.9	000.0	0020	0024	+00.72	02	00	0898	08
52	0007	29	07	12	28	00620	19.3	+28.8	0000	048.9	000.0	0022	0028	+00.67	02	00	0898	08
52	0008	29	07	12	28	00629	19.3	+28.8	0000	048.9	000.0	0029	0033	+00.73	02	00	0898	08
52	0009	29	07	12	28	00630	19.4	+28.8	0000	048.9	000.0	0032	0038	+00.72	02	00	0898	08
52	0010	29	07	12	28	00632	19.3	+28.8	0000	048.9	000.0	0035	0043	+00.70	02	00	0898	08
52	0011	29	07	12	28	00637	19.6	+28.8	0000	049.0	000.0	0039	0048	+00.70	02	00	0898	08
52	0012	29	07	12	28	00639	19.5	+28.8	0000	049.0	000.0	0042	0052	+00.68	02	00	0898	08
52	0013	29	07	12	28	00645	19.5	+28.8	0000	049.1	000.0	0046	0057	+00.68	02	00	0898	08
52	0014	29	07	12	29	00647	19.7	+28.8	0000	049.1	000.0	0049	0062	+00.68	02	00	0898	08
53	0001	29	07	12	30	00625	19.6	+28.8	0000	049.4	000.0	0000	0000	+00.00	02	00	0898	08
53	0002	29	07	12	30	00634	19.6	+28.8	0000	049.4	000.0	0000	0004	+00.00	02	00	0898	08
53	0003	29	07	12	30	00644	19.4	+28.8	0000	049.3	000.0	0000	0009	+00.00	02	00	0898	08
53	0004	29	07	12	30	00655	19.4	+28.8	0000	049.2	000.0	0029	0014	+01.76	02	00	0898	08
53	0005	29	07	12	31	00668	19.4	+28.8	0000	049.1	000.0	0042	0019	+01.90	02	00	0898	08
53	0006	29	07	12	31	00680	19.4	+28.8	0000	049.1	000.0	0055	0024	+01.97	02	00	0898	08
53	0007	29	07	12	31	00691	19.3	+28.8	0000	049.1	000.0	0067	0028	+01.99	02	00	0898	08
53	0008	29	07	12	31	00705	19.4	+28.8	0000	049.0	000.0	0080	0033	+02.05	02	00	0898	08
53	0009	29	07	12	31	00710	19.4	+28.8	0000	049.0	000.0	0089	0038	+01.99	02	00	0898	08
53	0010	29	07	12	31	00721	19.4	+28.8	0000	049.0	000.0	0099	0043	+01.96	02	00	0898	08
53	0011	29	07	12	32	00737	19.4	+28.8	0000	049.0	000.0	0111	0048	+01.99	02	00	0898	08
54	0001	29	07	12	33	00412	19.4	+28.8	0000	048.9	000.0	0000	0000	+00.00	02	00	0898	08
54	0002	29	07	12	33	00417	19.4	+28.8	0000	048.9	000.0	0000	0004	+00.00	02	00	0898	08
54	0003	29	07	12	34	00424	19.4	+28.8	0000	048.9	000.0	0000	0009	+00.00	02	00	0898	08
54	0004	29	07	12	34	00429	19.4	+28.8	0000	048.9	000.0	0017	0014	+01.04	02	00	0898	08
54	0005	29	07	12	34	00434	19.4	+28.8	0000	048.9	000.0	0022	0019	+01.01	02	00	0898	08
54	0006	29	07	12	34	00440	19.4	+28.8	0000	048.9	000.0	0028	0024	+01.00	02	00	0898	08
54	0007	29	07	12	34	00446	19.4	+28.8	0000	048.9	000.0	0034	0028	+01.01	02	00	0898	08
54	0008	29	07	12	34	00451	19.4	+28.8	0000	048.9	000.0	0039	0033	+01.00	02	00	0898	08
54	0009	29	07	12	35	00456	19.4	+28.8	0000	048.9	000.0	0044	0038	+00.98	02	00	0898	08
54	0010	29	07	12	35	00462	19.4	+28.8	0000	048.9	000.0	0050	0043	+00.99	02	00	0898	08
54	0011	29	07	12	35	00471	19.6	+28.8	0000	049.0	000.0	0056	0048	+01.01	02	00	0898	08
54	0012	29	07	12	35	00471	19.6	+28.8	0000	049.0	000.0	0061	0052	+00.99	02	00	0898	08
54	0013	29	07	12	35	00478	19.6	+28.8	0000	049.0	000.0	0066	0057	+00.99	02	00	0898	08
54	0014	29	07	12	35	00484	19.6	+28.8	0000	049.1	000.0	0072	0062	+00.98	02	00	0898	08
55	0001	29	07	12	37	00476	19.8	+28.8	0000	050.0	000.0	0000	0000	+00.00	02	00	0898	08
55	0002	29	07	12	37	00478	19.8	+28.8	0000	050.0	000.0	0000	0004	+00.00	02	00	0898	08
55	0003	29	07	12	37	00483	19.8	+28.8	0000	050.0	000.0	0000	0009	+00.00	02	00	0898	08
55	0004	29	07	12	37	00486	19.8	+28.8	0000	050.0	000.0	0010	0014	+00.62	02	00	0898	08
55	0005	29	07	12	37	00488	19.8	+28.8	0000	050.0	000.0	0012	0019	+00.56	02	00	0898	08
55	0006	29	07	12	37	00494	19.8	+28.8	0000	050.0	000.0	0017	0024	+00.62	02	00	0898	08
55	0007	29	07	12	37	00499	20.0	+28.8	0000	050.0	000.0	0022	0028	+00.67	02	00	0898	08
55	0008	29	07	12	38	00502	20.0	+28.8	0000	050.1	000.0	0026	0033	+00.67	02	00	0898	08
55	0009	29	07	12	38	00509	20.0	+28.8	0000	050.1	000.0	0032	0038	+00.72	02	00	0898	08
55	0010	29	07	12	38	00510	20.2	+28.8	0000	050.2	000.0	0036	0043	+00.72	02	00	0898	08
55	0011	29	07	12	38	00516	20.3	+28.9	0000	050.3	000.0	0041	0048	+00.73	02	00	0898	08
55	0012	29	07	12	38	00520	20.2	+28.8	0000	050.3	000.0	0045	0052	+00.74	02	00	0898	08
55	0013	29	07	12	38	00524	20.5	+28.8	0000	050.4	000.0	0049	0057	+00.74	02	00	0898	08
55	0014	29	07	12	39	00531	20.7	+28.8	0000	050.5	000.0	0055	0062	+00.76	02	00	0898	08
56	0001	29	07	12	42	00427	19.9	+28.9	0000	050.0	000.0	0000	0000	+00.00	02	00	0898	08
56	0002	29	07	12	42	00430	19.8	+28.8	0000	050.0	000.0	0000	0004	+00.00	02	00	0898	08
56	0003	29	07	12	42	00433	19.9	+28.9	0000	050.0	000.0	0000	0009	+00.00	02	00	0898	08
56	0004	29	07	12	42	00436	19.9	+28.9	0000	050.0	000.0	0008	0014	+00.52	02	00	0898	08
56	0005	29	07	12	42	00438	19.8	+28.8	0000	050.0	000.0	0010	0019	+00.48	02	00	0898	08
56	0006	29	07	12	42	00439	19.8	+28.8	0000	050.0	000.0	0012	0024	+00.44	02	00	0898	08
56	0007	29	07	12	43	00442	19.6	+28.8	0000	049.9	000.0	0014	0028	+00.43	02	00	0898	08
56	0008	29	07	12	43	00444	19.8	+28.8	0000	049.9	000.0	0016	0033	+00.42	02	00	0898	08
56	0009	29	07	12	43	00441	19.9	+28.9	0000	049.9	000.0	0015	0038	+00.35	02	00	0898	08
56	0010	29	07	12	43	00446	19.8	+28.8	0000	049.9	000.0	0017	0043	+00.34	02	00	0898	08
56	0011	29	07	12	43	00449	19.8	+28.8	0000	050.0	000.0	0019	0048	+00.35	02	00	0898	08
56	0012	29	07	12	43	00453	19.8	+28.8	0000	050.0	000.0	0022	0052	+00.37	02	00	0898	08
56	0013	29	07	12	43	00454	19.8	+28.8	0000	050.0	000.0	0025	0057	+00.37	02	00	0898	08
56	0014	29	07	12	44	00459	19.8	+28.8	0000	050.0	000.0	0028	0062	+00.39	02	00	0898	08
57	0001	29	07	12	45	00433	19.6	+28.8	0000	049.4	000.0	0000	0000	+00.00	02	00	0898	08
57	0002	29	07	12	45	00436	19.6	+28.8	0000	049.4	000.0	0000	0004	+00.00	02	00	0898	08
57	0003	29	07	12	45	00435	19.6	+28.8	0000	049.4	000.0	0000	0009	+00.00	02	00	0898	08
57	0004	29	07	12	45	00433	19.6	+28.8	0000	049.4	000.0	0000	0014	+00.01	02	00	0898	08
57	0005	29	07	12	45	00436	19.5	+28.8	0000	049.4	000.0	0001	0019	+00.07	02	00	0898	08
57	0006	29	07	12	45	00434	19.8	+28.8	0000	049.5	000.0	0000	0024	+00.03	02	00	0898	08
57	0007	29	07	12	46	00438	19.6	+28.8	0000	049.5	000.0	0002	0028	+00.07	02	00	0898	08
57	0008	29	07	12	46	00441	19.8	+28.8	0000	049.5	000.0	0005	0033	+00.13	02	00	0898	08
57	0009	29	07	12	46	00440	19.8	+28.8	0000	049.6	000.0	0006	0038	+00.14	02	00	0898	08
57	0010	29	07	12	46	00441	19.6	+28.8	0000	049.6	000.0	0007	0043	+00.14	02	00	0898	08
57	0011	29	07	12	46	00444	19.8	+28.8	0000	049.6	000.0	0009	0048	+00.17	02	00	0898	08
57	0012	29	07	12	46	00451	19.8	+28.8	0000	049.6	000.0	0014	0052	+00.23	02	00	0898	08
57	0013	29	07	12	47	00454	19.8	+28.8	0000	049.7	000.0	0018	0057	+00.27	02	00	0898	08
57	0014	29	07	12	47	00459	19.8	+28.8	0000	049.7	000.0	0023	0062	+00.31	02	00	0898	08
58	0003	29	07	12	49	00427	19.6	+29.0	0000	048.9	000.0	0000	0000	+00.00	02	00	0898	08
58	0004	29	07	12	49	00434	19.6	+29.0	0000	048.9	000.0	0000	0004	+00.00	02	00	0898	08
58	0005	29	07	12	49	00440	19.6	+29.0	0000	048.9	000.0	0000	0009	+00.00	02	00	0898	08
58	0006	29	07	12	49	00447	19.4	+29.0	0000	048.8	000.0	0020	0014	+01.20	02	00	0898	08
58	0007	29	07	12	50	00454	19.6	+29.0	0000	048.8	000.0	0027	0019	+01.21	02	00	0898	08
58	0008	29	07	12	50	00462	19.4	+29.0	0000	048.8	000.0	0034	0024	+01.22	02	00	0898	08
58	0009	29	07	12	50	00463	19.7	+29.0	0000	048.8	000.0	0038	0028	+01.13	02	00	0898	08
58	0010	29	07	12	50	00472	19.7	+29.0	0000	048.8	000.0	0044	0033	+01.13	02	00	0898	08
58	0011	29	07	12	50	00479	19.7	+29.0	0000	048.9	000.0	0050	0038	+01.13	02	00	0898	08
58	0012	29	07	12	50	00483	19.6	+29.0	0000	048.9	000.0	0056	0043	+01.11	02	00	0898	08
58	0013	29	07	12	51	00490	19.9	+29.0	0000	048.9	000.0	0062	0048	+01.11	02	00	0898	08
58	0014	29	07	12	51	00495	19.8	+29.0	0000	048.9	000.0	0067	0052	+01.10	02	00	0898	08
58	0015	29	07	12	51	00501	19.9	+29.0	0000	049.0	000.0	0073	0057	+01.09	02	00	0898	08
58	0016	29	07	12	51	00509	19.9	+29.0	0000	049.0	000.0	0080	0062	+01.10	02	00	0898	08
60	0001	29	07	12	54	00441	19.4	+29.0	0000	048.4	000.0	0000	0000	+00.00	02	00	0898	08
60	0002	29	07	12	54	00442	19.1	+29.0	0000	048.2	000.0	0000	0004	+00.00	02	00	0898	08
60	0003	29	07	12	54	00445	19.1	+29.0	0000	048.0	000.0	0000	0009	+00.00	02	00	0898	08
60	0004	29	07	12	54	00445	19.2	+29.0	0000	048.0	000.0	0004	0014	+00.23	02	00	0898	08
60	0005	29	07	12	54	00444	19.2	+29.0	0000	048.0	000.0	0003	0019	+00.14	02	00	0898	08
60	0006	29	07	12	54	00447	19.1	+29.0	0000	048.0	000.0	0005	0024	+00.19	02	00	0898	08
60	0007	29	07	12	54	00451	19.1	+29.0	0000	047.9	000.0	0008	0028	+00.26	02	00	0898	08
60	0008	29	07	12	55	00453	19.1	+29.0	0000	047.9	000.0	0011	0033	+00.29	02	00	0898	08
60	0009	29	07	12	55	00459	19.2	+29.0	0000	047.9	000.0	0016	0038	+00.36	02	00	0898	08
60	0010	29	07	12	55	00459	19.1	+29.0	0000	047.9	000.0	0018	0043	+00.37	02	00	0898	08
60	0011	29	07	12	55	00460	19.2	+29.0	0000	047.9	000.0	0020	0048	+00.37	02	00	0898	08
60	0012	29	07	12	55	00462	19.1	+29.0	0000	047.9	000.0	0023	0052	+00.37	02	00	0898	08
60	0013	29	07	12	55	00465	19.1	+29.0	0000	047.9	000.0	0025	0057	+00.38	02	00	0898	08
60	0014	29	07	12	55	00465	19.1	+29.0	0000	047.9	000.0	0027	0062	+00.37	02	00	0898	08
61	0001	29	07	12	59	00474	20.2	+29.0	0000	050.5	000.0	0000	0000	+00.00	02	00	0898	08
61	0002	29	07	12	59	00486	20.2	+29.0	0000	050.5	000.0	0000	0004	+00.00	02	00	0898	08
61	0003	29	07	12	59	00499	20.4	+29.0	0000	050.7	000.0	0000	0009	+00.00	02	00	0898	08
61	0004	29	07	12	59	00512	20.4	+29.0	0000	050.8	000.0	0037	0014	+02.22	02	00	0898	08
61	0005	29	07	12	59	00523	20.4	+29.0	0000	050.8	000.0	0049	0019	+02.20	02	00	0898	08
61	0006	29	07	13	00	00534	20.4	+29.0	0000	050.8	000.0	0060	0024	+02.16	02	00	0898	08
61	0007	29	07	13	00	00545	20.4	+29.0	0000	050.9	000.0	0071	0028	+02.11	02	00	0898	08
61	0008	29	07	13	00	00564	20.4	+29.0	0000	050.9	000.0	0086	0033	+02.20	02	00	0898	08
61	0009	29	07	13	00	00572	20.4	+29.0	0000	050.9	000.0	0098	0038	+02.19	02	00	0898	08
61	0010	29	07	13	00	00585	20.4	+29.0	0000	050.9	000.0	0110	0043	+02.19	02	00	0898	08
63	0001	29	07	13	06	00499	21.1	+28.8	0000	053.1	000.0	0000	0000	+00.00	02	00	0898	08
63	0002	29	07	13	07	00498	21.1	+28.8	0000	053.1	000.0	0000	0004	+00.00	02	00	0899	08
63	0003	29	07	13	07	00498	21.1	+28.8	0000	053.1	000.0	0000	0009	+00.00	02	00	0898	08
63	0004	29	07	13	07	00501	21.1	+28.8	0000	053.1	000.0	0001	0014	+00.09	02	00	0898	08
63	0005	29	07	13	07	00501	21.1	+28.9	0000	053.1	000.0	0002	0019	+00.11	02	00	0898	08
63	0006	29	07	13	07	00506	21.1	+28.9	0000	053.1	000.0	0006	0024	+00.23	02	00	0898	08
63	0007	29	07	13	07	00506	21.1	+28.9	0000	053.1	000.0	0008	0028	+00.25	02	00	0898	08
63	0008	29	07	13	07	00508	21.1	+28.9	0000	053.1	000.0	0010	0033	+00.27	02	00	0898	08
63	0009	29	07	13	08	00512	21.1	+28.9	0000	053.1	000.0	0014	0038	+00.31	02	00	0898	08
63	0010	29	07	13	08	00517	21.1	+28.9	0000	053.1	000.0	0018	0043	+00.36	02	00	0898	08
63	0011	29	07	13	08	00518	21.4	+28.9	0000	053.1	000.0	0021	0048	+00.37	02	00	0898	08
63	0012	29	07	13	08	00520	21.4	+28.9	0000	053.1	000.0	0023	0052	+00.38	02	00	0898	08
63	0013	29	07	13	08	00522	21.4	+28.9	0000	053.2	000.0	0026	0057	+00.39	02	00	0898	08
63	0014	29	07	13	08	00525	21.4	+28.9	0000	053.2	000.0	0029	0062	+00.40	02	00	0898	08
64	0001	29	07	13	10	00463	21.4	+29.0	0000	053.6	000.0	0000	0000	+00.00	02	00	0898	08
64	0002	29	07	13	10	00460	21.4	+29.0	0000	053.5	000.0	0000	0004	+00.00	02	00	0898	08
64	0003	29	07	13	10	00464	21.2	+29.0	0000	053.3	000.0	0000	0009	+00.00	02	00	0898	08
64	0004	29	07	13	10	00466	21.2	+29.0	0000	053.2	000.0	0003	0014	+00.23	02	00	0898	08
64	0005	29	07	13	10	00467	21.3	+29.0	0000	053.2	000.0	0005	0019	+00.25	02	00	0898	08
64	0006	29	07	13	10	00466	21.3	+29.0	0000	053.2	000.0	0005	0024	+00.18	02	00	0898	08
64	0007	29	07	13	11	00468	21.3	+29.0	0000	053.2	000.0	0006	0028	+00.18	02	00	0898	08
64	0008	29	07	13	11	00468	21.5	+29.0	0000	053.2	000.0	0006	0033	+00.17	02	00	0898	08
64	0009	29	07	13	11	00472	21.5	+29.0	0000	053.2	000.0	0008	0038	+00.19	02	00	0898	08
64	0010	29	07	13	11	00472	21.3	+29.0	0000	053.2	000.0	0010	0043	+00.20	02	00	0898	08
64	0011	29	07	13	11	00470	21.3	+29.0	0000	053.2	000.0	0010	0048	+00.18	02	00	0898	08
64	0012	29	07	13	11	00470	21.3	+29.0	0000	053.2	000.0	0010	0052	+00.16	02	00	0898	08
64	0013	29	07	13	12	00469	21.3	+29.0	0000	053.2	000.0	0009	0057	+00.14	02	00	0898	08
64	0014	29	07	13	12	00472	21.3	+29.0	0000	053.2	000.0	0009	0062	+00.13	02	00	0898	08
65	0001	29	07	13	14	00476	20.8	+29.1	0000	051.6	000.0	0000	0000	+00.00	02	00	0898	08
65	0002	29	07	13	15	00478	20.8	+29.1	0000	051.6	000.0	0000	0004	+00.00	02	00	0899	08
65	0003	29	07	13	15	00479	20.5	+29.1	0000	051.5	000.0	0000	0009	+00.00	02	00	0898	08
65	0004	29	07	13	15	00483	20.5	+29.1	0000	051.4	000.0	0006	0014	+00.38	02	00	0898	08
65	0005	29	07	13	15	00482	20.8	+29.1	0000	051.4	000.0	0007	0019	+00.31	02	00	0898	08
65	0006	29	07	13	15	00487	20.8	+29.1	0000	051.5	000.0	0010	0024	+00.36	02	00	0898	08
65	0007	29	07	13	15	00485	20.8	+29.1	0000	051.4	000.0	0010	0028	+00.31	02	00	0898	08
65	0008	29	07	13	16	00490	20.8	+29.1	0000	051.5	000.0	0013	0033	+00.33	02	00	0898	08
65	0009	29	07	13	16	00490	20.8	+29.1	0000	051.5	000.0	0014	0038	+00.32	02	00	0899	08
65	0010	29	07	13	16	00493	20.8	+29.1	0000	051.5	000.0	0016	0043	+00.32	02	00	0899	08
65	0011	29	07	13	16	00496	21.0	+29.1	0000	051.5	000.0	0019	0048	+00.34	02	00	0898	08
65	0012	29	07	13	16	00498	21.0	+29.1	0000	051.6	000.0	0021	0052	+00.34	02	00	0898	08
65	0013	29	07	13	16	00501	21.0	+29.1	0000	051.6	000.0	0023	0057	+00.35	02	00	0899	08
65	0014	29	07	13	16	00501	21.0	+29.1	0000	051.6	000.0	0025	0062	+00.35	02	00	0898	08
66	0014	29	07	13	23	00484	21.1	+29.2	0000	052.1	000.0	0000	0000	+00.00	02	00	0898	08
66	0015	29	07	13	23	00485	21.1	+29.2	0000	052.1	000.0	0000	0004	+00.00	02	00	0898	08
66	0016	29	07	13	23	00485	21.1	+29.2	0000	052.1	000.0	0000	0009	+00.00	02	00	0898	08
66	0017	29	07	13	23	00485	21.1	+29.2	0000	052.1	000.0	0000	0014	+00.05	02	00	0898	08
66	0018	29	07	13	24	00484	21.1	+29.2	0000	052.1	000.0	0000	0019	-00.00	02	01	0898	08
66	0019	29	07	13	24	00488	21.0	+29.1	0000	052.1	000.0	0002	0024	+00.10	02	00	0899	08
66	0020	29	07	13	24	00488	21.0	+29.1	0000	052.1	000.0	0003	0028	+00.11	02	00	0899	08
66	0021	29	07	13	24	00490	21.1	+29.2	0000	052.1	000.0	0005	0033	+00.14	02	00	0899	08
66	0022	29	07	13	24	00492	21.1	+29.2	0000	052.1	000.0	0007	0038	+00.17	02	00	0899	08
66	0023	29	07	13	24	00491	21.0	+29.1	0000	052.1	000.0	0008	0043	+00.16	02	00	0898	08
66	0024	29	07	13	24	00491	21.0	+29.1	0000	052.1	000.0	0008	0048	+00.15	02	00	0899	08
66	0025	29	07	13	25	00493	21.0	+29.1	0000	052.1	000.0	0009	0052	+00.15	02	00	0898	08
66	0026	29	07	13	25	00490	21.2	+29.1	0000	052.1	000.0	0008	0057	+00.13	02	00	0898	08
66	0027	29	07	13	25	00493	21.0	+29.1	0000	052.1	000.0	0009	0062	+00.13	02	00	0898	08
67	0001	29	07	13	26	00412	21.0	+29.1	0000	052.1	000.0	0000	0000	+00.00	02	00	0899	08
67	0002	29	07	13	27	00417	21.0	+29.1	0000	051.9	000.0	0000	0004	+00.00	02	00	0899	08
67	0003	29	07	13	27	00424	20.8	+29.1	0000	051.9	000.0	0000	0009	+00.00	02	00	0899	08
67	0004	29	07	13	27	00426	21.0	+29.1	0000	051.9	000.0	0014	0014	+00.86	02	00	0898	08
67	0005	29	07	13	27	00430	21.0	+29.1	0000	051.9	000.0	0018	0019	+00.81	02	00	0899	08
67	0006	29	07	13	27	00434	21.0	+29.1	0000	051.9	000.0	0021	0024	+00.77	02	00	0899	08
67	0007	29	07	13	27	00437	21.0	+29.1	0000	052.0	000.0	0024	0028	+00.73	02	00	0899	08
67	0008	29	07	13	28	00441	21.0	+29.1	0000	052.0	000.0	0028	0033	+00.72	02	00	0898	08
67	0009	29	07	13	28	00444	21.0	+29.1	0000	052.0	000.0	0031	0038	+00.70	02	00	0898	08
67	0010	29	07	13	28	00450	21.0	+29.1	0000	052.0	000.0	0036	0043	+00.71	02	00	0898	08
67	0011	29	07	13	28	00453	21.0	+29.1	0000	052.0	000.0	0039	0048	+00.71	02	00	0898	08
67	0012	29	07	13	28	00461	21.0	+29.1	0000	052.0	000.0	0045	0052	+00.73	02	00	0899	08
67	0013	29	07	13	28	00465	21.0	+29.1	0000	052.0	000.0	0050	0057	+00.74	02	00	0898	08
67	0014	29	07	13	28	00469	21.0	+29.1	0000	052.0	000.0	0055	0062	+00.75	02	00	0898	08
68	0001	29	07	13	30	00469	21.0	+29.1	0000	052.1	000.0	0000	0000	+00.00	02	00	0899	08
68	0002	29	07	13	30	00482	21.0	+29.1	0000	052.1	000.0	0000	0004	+00.00	02	00	0898	08
68	0003	29	07	13	30	00497	21.0	+29.1	0000	052.1	000.0	0000	0009	+00.00	02	00	0898	08
68	0004	29	07	13	30	00512	21.0	+29.1	0000	052.1	000.0	0043	0014	+02.61	02	00	0898	08
68	0005	29	07	13	31	00523	21.0	+29.1	0000	052.1	000.0	0055	0019	+02.49	02	00	0899	08
68	0006	29	07	13	31	00540	21.3	+29.2	0000	052.1	000.0	0070	0024	+02.53	02	00	0899	08
68	0007	29	07	13	31	00554	21.3	+29.2	0000	052.2	000.0	0085	0028	+02.55	02	00	0898	08
68	0008	29	07	13	31	00569	21.3	+29.2	0000	052.2	000.0	0100	0033	+02.56	02	00	0899	08
69	0001	29	07	13	35	00414	20.6	+29.2	0000	051.0	000.0	0000	0000	+00.00	02	00	0899	08
69	0002	29	07	13	35	00414	20.7	+29.2	0000	051.1	000.0	0000	0004	+00.00	02	00	0899	08
69	0003	29	07	13	35	00414	20.6	+29.2	0000	051.0	000.0	0000	0009	+00.00	02	00	0899	08
69	0004	29	07	13	35	00414	20.6	+29.2	0000	051.0	000.0	0000	0014	+00.00	02	00	0899	08
69	0005	29	07	13	35	00417	20.6	+29.2	0000	051.0	000.0	0002	0019	+00.11	02	00	0899	08
69	0006	29	07	13	36	00422	20.6	+29.2	0000	051.0	000.0	0006	0024	+00.24	02	00	0899	08
69	0007	29	07	13	36	00422	20.6	+29.2	0000	051.0	000.0	0008	0028	+00.26	02	00	0899	08
69	0008	29	07	13	36	00422	20.6	+29.2	0000	051.0	000.0	0010	0033	+00.26	02	00	0899	08
69	0009	29	07	13	36	00427	20.7	+29.2	0000	051.0	000.0	0013	0038	+00.29	02	00	0899	08
69	0010	29	07	13	36	00430	20.6	+29.2	0000	051.0	000.0	0016	0043	+00.32	02	00	0899	08
69	0011	29	07	13	36	00430	20.6	+29.2	0000	051.0	000.0	0018	0048	+00.33	02	00	0899	08
69	0012	29	07	13	37	00434	20.6	+29.2	0000	051.0	000.0	0021	0052	+00.34	02	00	0899	08
69	0013	29	07	13	37	00437	20.4	+29.2	0000	051.0	000.0	0024	0057	+00.36	02	00	0899	08
69	0014	29	07	13	37	00440	20.7	+29.2	0000	051.0	000.0	0027	0062	+00.38	02	00	0899	08
70	0001	29	07	13	38	00413	20.6	+29.2	0000	051.0	000.0	0000	0000	+00.00	02	00	0899	08
70	0002	29	07	13	38	00417	20.6	+29.1	0000	051.0	000.0	0000	0004	+00.00	02	00	0899	08
70	0003	29	07	13	38	00420	20.9	+29.2	0000	051.1	000.0	0000	0009	+00.00	02	00	0899	08
70	0004	29	07	13	38	00425	20.6	+29.2	0000	051.1	000.0	0011	0014	+00.69	02	00	0899	08
70	0005	29	07	13	39	00430	20.6	+29.2	0000	051.1	000.0	0016	0019	+00.74	02	00	0899	08
70	0006	29	07	13	39	00430	20.6	+29.2	0000	051.1	000.0	0018	0024	+00.67	02	00	0899	08
70	0007	29	07	13	39	00435	20.6	+29.2	0000	051.1	000.0	0022	0028	+00.65	02	00	0899	08
70	0008	29	07	13	39	00438	20.6	+29.1	0000	051.1	000.0	0025	0033	+00.64	02	00	0899	08
70	0009	29	07	13	39	00445	20.6	+29.1	0000	051.1	000.0	0030	0038	+00.68	02	00	0899	08
70	0010	29	07	13	39	00448	20.6	+29.1	0000	051.1	000.0	0034	0043	+00.68	02	00	0899	08
70	0011	29	07	13	39	00453	20.6	+29.1	0000	051.1	000.0	0039	0048	+00.69	02	00	0899	08
70	0012	29	07	13	40	00456	20.6	+29.1	0000	051.1	000.0	0043	0052	+00.70	02	00	0899	08
70	0013	29	07	13	40	00461	20.6	+29.1	0000	051.1	000.0	0047	0057	+00.70	02	00	0899	08
70	0014	29	07	13	40	00461	20.5	+29.1	0000	051.1	000.0	0050	0062	+00.69	02	00	0899	08
71	0001	29	07	13	41	00433	20.5	+29.0	0000	051.0	000.0	0000	0000	+00.00	02	00	0899	08
71	0002	29	07	13	42	00439	20.5	+29.1	0000	051.0	000.0	0000	0004	+00.00	02	00	0899	08
71	0003	29	07	13	42	00443	20.5	+29.0	0000	051.0	000.0	0000	0009	+00.00	02	00	0899	08
71	0004	29	07	13	42	00451	20.4	+29.0	0000	051.0	000.0	0017	0014	+01.06	02	00	0899	08
71	0005	29	07	13	42	00455	20.5	+29.0	0000	051.0	000.0	0022	0019	+01.01	02	00	0899	08
71	0006	29	07	13	42	00462	20.4	+29.0	0000	051.0	000.0	0028	0024	+01.02	02	00	0899	08
71	0007	29	07	13	42	00466	20.4	+29.0	0000	051.0	000.0	0033	0028	+00.99	02	00	0899	08
71	0008	29	07	13	42	00472	20.4	+29.0	0000	051.0	000.0	0039	0033	+00.99	02	00	0899	08
71	0009	29	07	13	43	00473	20.5	+29.0	0000	051.0	000.0	0042	0038	+00.94	02	00	0899	08
71	0010	29	07	13	43	00480	20.5	+29.0	0000	051.0	000.0	0046	0043	+00.92	02	00	0899	08
71	0011	29	07	13	43	00485	20.4	+29.0	0000	051.0	000.0	0051	0048	+00.92	02	00	0899	08
71	0012	29	07	13	43	00491	20.4	+29.0	0000	051.0	000.0	0056	0052	+00.92	02	00	0899	08
71	0013	29	07	13	43	00493	20.4	+29.0	0000	051.0	000.0	0060	0057	+00.90	02	00	0899	08
71	0014	29	07	13	43	00503	20.7	+29.0	0000	051.1	000.0	0066	0062	+00.91	02	00	0899	08
72	0001	29	07	13	45	00423	20.8	+29.0	0000	052.1	000.0	0000	0000	+00.00	02	00	0899	08
72	0002	29	07	13	45	00425	20.9	+29.0	0000	052.1	000.0	0000	0004	+00.00	02	00	0899	08
72	0003	29	07	13	45	00425	20.9	+29.0	0000	052.1	000.0	0000	0009	+00.00	02	00	0899	08
72	0004	29	07	13	45	00427	20.9	+29.0	0000	052.1	000.0	0004	0014	+00.25	02	00	0899	08
72	0005	29	07	13	45	00429	20.9	+29.0	0000	052.1	000.0	0005	0019	+00.26	02	00	0899	08
72	0006	29	07	13	46	00431	20.9	+29.0	0000	052.1	000.0	0007	0024	+00.28	02	00	0899	08
72	0007	29	07	13	46	00435	20.9	+29.0	0000	052.1	000.0	0011	0028	+00.33	02	00	0899	08
72	0008	29	07	13	46	00437	20.9	+29.0	0000	052.1	000.0	0014	0033	+00.35	02	00	0899	08
72	0009	29	07	13	46	00438	20.9	+29.0	0000	052.1	000.0	0015	0038	+00.35	02	00	0899	08
72	0010	29	07	13	46	00440	20.9	+29.0	0000	052.1	000.0	0017	0043	+00.35	02	00	0899	08
72	0011	29	07	13	46	00439	20.9	+29.0	0000	052.1	000.0	0018	0048	+00.33	02	00	0899	08
72	0012	29	07	13	46	00442	20.9	+29.0	0000	052.1	000.0	0020	0052	+00.32	02	00	0899	08
72	0013	29	07	13	47	00444	20.8	+29.0	0000	052.1	000.0	0022	0057	+00.32	02	00	0899	08
72	0014	29	07	13	47	00446	20.9	+29.0	0000	052.1	000.0	0023	0062	+00.32	02	00	0899	08
73	0001	29	07	13	48	00429	20.4	+29.0	0000	051.0	000.0	0000	0000	+00.00	02	00	0899	08
73	0002	29	07	13	48	00433	20.5	+29.0	0000	051.0	000.0	0000	0004	+00.00	02	00	0899	08
73	0003	29	07	13	48	00440	20.7	+29.0	0000	051.2	000.0	0000	0009	+00.00	02	00	0899	08
73	0004	29	07	13	48	00447	20.7	+29.0	0000	051.3	000.0	0017	0014	+01.07	02	00	0899	08
73	0005	29	07	13	49	00452	20.7	+29.0	0000	051.3	000.0	0023	0019	+01.06	02	00	0899	08
73	0006	29	07	13	49	00459	20.9	+29.0	0000	051.4	000.0	0030	0024	+01.08	02	00	0899	08
73	0007	29	07	13	49	00465	20.9	+29.0	0000	051.5	000.0	0036	0028	+01.10	02	00	0899	08
73	0008	29	07	13	49	00475	20.9	+29.0	0000	051.6	000.0	0045	0033	+01.16	02	00	0899	08
73	0009	29	07	13	49	00478	20.9	+29.0	0000	051.6	000.0	0051	0038	+01.15	02	00	0899	08
73	0010	29	07	13	49	00482	21.1	+29.0	0000	051.7	000.0	0056	0043	+01.12	02	00	0899	08
73	0011	29	07	13	50	00491	21.1	+29.0	0000	051.8	000.0	0062	0048	+01.12	02	00	0899	08
73	0012	29	07	13	50	00495	21.1	+29.0	0000	051.8	000.0	0068	0052	+01.11	02	00	0899	08
73	0013	29	07	13	50	00498	21.1	+29.0	0000	051.9	000.0	0072	0057	+01.08	02	00	0899	08
73	0014	29	07	13	50	00504	21.1	+29.0	0000	051.9	000.0	0077	0062	+01.06	02	00	0899	08
74	0001	29	07	13	51	00417	21.0	+29.1	0000	052.1	000.0	0000	0000	+00.00	02	00	0899	08
74	0002	29	07	13	51	00427	21.0	+29.1	0000	052.1	000.0	0000	0004	+00.00	02	00	0899	08
74	0003	29	07	13	52	00434	21.0	+29.1	0000	052.1	000.0	0000	0009	+00.00	02	00	0899	08
74	0004	29	07	13	52	00443	21.0	+29.1	0000	052.1	000.0	0025	0014	+01.51	02	00	0899	08
74	0005	29	07	13	52	00461	21.0	+29.1	0000	052.1	000.0	0041	0019	+01.85	02	00	0899	08
74	0006	29	07	13	52	00471	21.2	+29.1	0000	052.1	000.0	0054	0024	+01.95	02	00	0899	08
74	0007	29	07	13	52	00480	21.2	+29.1	0000	052.2	000.0	0065	0028	+01.94	02	00	0899	08
74	0008	29	07	13	52	00488	21.4	+29.1	0000	052.3	000.0	0074	0033	+01.90	02	00	0899	08
74	0009	29	07	13	53	00495	21.4	+29.1	0000	052.4	000.0	0082	0038	+01.84	02	00	0899	08
74	0010	29	07	13	53	00501	21.6	+29.1	0000	052.5	000.0	0088	0043	+01.76	02	00	0899	08
74	0011	29	07	13	53	00504	21.6	+29.1	0000	052.6	000.0	0093	0048	+01.67	02	00	0899	08
74	0012	29	07	13	53	00507	21.7	+29.0	0000	052.7	000.0	0096	0052	+01.57	02	00	0899	08
74	0013	29	07	13	53	00511	21.8	+29.1	0000	052.8	000.0	0099	0057	+01.48	02	00	0899	08
74	0014	29	07	13	53	00513	22.0	+29.1	0000	053.0	000.0	0100	0062	+01.39	02	00	0899	08
75	0002	29	07	15	09	00724	20.6	+27.0	0000	057.8	000.0	0000	0000	+00.00	00	00	0898	08
75	0003	29	07	15	09	00766	20.7	+27.0	0000	057.8	000.0	0000	0004	+00.00	00	00	0898	08
75	0004	29	07	15	09	00802	20.7	+27.1	0000	057.8	000.0	0000	0009	+00.00	00	00	0898	08
75	0005	29	07	15	09	00839	20.8	+27.1	0000	057.8	000.0	0114	0014	+06.82	02	00	0898	08
76	0001	29	07	15	10	01031	20.6	+27.3	0000	056.9	000.0	0000	0000	+00.00	02	00	0898	08
76	0002	29	07	15	10	01063	20.7	+27.3	0000	056.9	000.0	0000	0004	+00.00	02	00	0898	08
76	0003	29	07	15	10	01099	20.7	+27.4	0000	056.9	000.0	0000	0009	+00.00	02	00	0898	08
76	0004	29	07	15	10	01128	20.5	+27.4	0000	056.8	000.0	0097	0014	+05.79	02	00	0898	08
76	0005	29	07	15	11	01164	20.6	+27.4	0000	056.8	000.0	0132	0019	+05.88	02	00	0898	08
77	0001	29	07	15	12	01316	20.7	+27.6	0000	055.9	000.0	0000	0000	+00.00	02	00	0898	08
77	0002	29	07	15	12	01341	20.5	+27.6	0000	055.7	000.0	0000	0004	+00.00	02	00	0898	08
77	0003	29	07	15	12	01368	20.5	+27.6	0000	055.6	000.0	0000	0009	+00.00	02	00	0898	08
77	0004	29	07	15	12	01388	20.6	+27.7	0000	055.5	000.0	0073	0014	+04.37	02	00	0898	08
77	0005	29	07	15	12	01414	20.6	+27.7	0000	055.5	000.0	0097	0019	+04.33	02	00	0898	08
77	0006	29	07	15	13	01439	20.6	+27.7	0000	055.5	000.0	0121	0024	+04.35	02	00	0898	08
78	0001	29	07	15	14	00465	20.4	+27.9	0000	054.5	000.0	0000	0000	+00.00	02	00	0898	08
78	0002	29	07	15	14	00475	20.3	+27.9	0000	054.3	000.0	0000	0004	+00.00	02	00	0898	08
78	0003	29	07	15	14	00485	20.3	+27.9	0000	054.3	000.0	0000	0009	+00.00	02	00	0898	08
78	0004	29	07	15	14	00493	20.4	+28.0	0000	054.2	000.0	0028	0014	+01.66	02	00	0898	08
78	0005	29	07	15	15	00506	20.2	+28.0	0000	054.1	000.0	0039	0019	+01.77	02	00	0898	08
78	0006	29	07	15	15	00512	20.2	+28.0	0000	054.0	000.0	0047	0024	+01.70	02	00	0898	08
78	0007	29	07	15	15	00521	20.0	+28.0	0000	053.8	000.0	0055	0028	+01.66	02	00	0898	08
78	0008	29	07	15	15	00534	20.0	+28.0	0000	053.7	000.0	0066	0033	+01.70	02	00	0898	08
78	0009	29	07	15	15	00546	19.9	+28.0	0000	053.6	000.0	0078	0038	+01.75	02	00	0898	08
78	0010	29	07	15	15	00551	19.9	+28.0	0000	053.5	000.0	0087	0043	+01.73	02	00	0898	08
78	0011	29	07	15	15	00563	19.9	+28.0	0000	053.4	000.0	0097	0048	+01.73	02	00	0898	08
78	0012	29	07	15	16	00572	19.9	+28.1	0000	053.3	000.0	0107	0052	+01.73	02	00	0898	08
79	0001	29	07	15	18	00722	20.1	+28.2	0000	052.5	000.0	0000	0000	+00.00	02	00	0898	08
79	0002	29	07	15	18	00728	19.9	+28.2	0000	052.3	000.0	0000	0004	+00.00	02	00	0898	08
79	0003	29	07	15	18	00741	19.9	+28.2	0000	052.2	000.0	0000	0009	+00.00	02	00	0898	08
79	0004	29	07	15	18	00746	19.9	+28.2	0000	052.1	000.0	0025	0014	+01.54	02	00	0898	08
79	0005	29	07	15	18	00757	19.9	+28.2	0000	052.1	000.0	0035	0019	+01.59	02	00	0898	08
79	0006	29	07	15	19	00771	19.9	+28.2	0000	052.1	000.0	0048	0024	+01.72	02	00	0898	08
79	0007	29	07	15	19	00784	19.9	+28.2	0000	052.0	000.0	0061	0028	+01.83	02	00	0898	08
79	0008	29	07	15	19	00796	20.1	+28.2	0000	052.1	000.0	0075	0033	+01.91	02	00	0898	08
79	0009	29	07	15	19	00802	20.1	+28.2	0000	052.1	000.0	0084	0038	+01.89	02	00	0898	08
79	0010	29	07	15	19	00813	20.2	+28.3	0000	052.1	000.0	0095	0043	+01.88	02	00	0898	08
79	0011	29	07	15	19	00824	20.1	+28.2	0000	052.2	000.0	0105	0048	+01.88	02	00	0898	08
81	0001	29	07	15	26	00871	19.9	+28.5	0000	051.0	000.0	0000	0000	+00.00	02	00	0897	08
81	0002	29	07	15	26	00875	19.9	+28.5	0000	051.0	000.0	0000	0004	+00.00	02	00	0898	08
81	0003	29	07	15	26	00876	19.9	+28.5	0000	051.0	000.0	0000	0009	+00.00	02	00	0898	08
81	0004	29	07	15	26	00880	19.9	+28.5	0000	051.0	000.0	0008	0014	+00.50	02	00	0898	08
81	0005	29	07	15	26	00883	20.1	+28.6	0000	051.0	000.0	0011	0019	+00.51	02	00	0898	08
81	0006	29	07	15	27	00889	20.1	+28.6	0000	051.1	000.0	0016	0024	+00.60	02	00	0897	08
81	0007	29	07	15	27	00895	20.1	+28.5	0000	051.2	000.0	0022	0028	+00.67	02	00	0898	08
81	0008	29	07	15	27	00901	20.1	+28.6	0000	051.2	000.0	0028	0033	+00.74	02	00	0897	08
81	0009	29	07	15	27	00901	20.3	+28.6	0000	051.3	000.0	0032	0038	+00.72	02	00	0898	08
81	0010	29	07	15	27	00901	20.3	+28.5	0000	051.4	000.0	0033	0043	+00.67	02	00	0898	08
81	0011	29	07	15	27	00911	20.1	+28.6	0000	051.4	000.0	0038	0048	+00.69	02	00	0898	08
81	0012	29	07	15	27	00913	20.3	+28.6	0000	051.5	000.0	0042	0052	+00.70	02	00	0898	08
81	0013	29	07	15	28	00915	20.3	+28.6	0000	051.5	000.0	0045	0057	+00.68	02	00	0898	08
81	0014	29	07	15	28	00918	20.3	+28.6	0000	051.5	000.0	0049	0062	+00.68	02	00	0897	08
82	0001	29	07	15	30	00424	19.8	+28.6	0000	050.5	000.0	0000	0000	+00.00	02	00	0898	08
82	0002	29	07	15	30	00426	19.8	+28.6	0000	050.5	000.0	0000	0004	+00.00	02	00	0898	08
82	0003	29	07	15	30	00435	20.0	+28.6	0000	050.5	000.0	0000	0009	+00.00	02	00	0898	08
82	0004	29	07	15	30	00437	19.8	+28.6	0000	050.5	000.0	0014	0014	+00.84	02	00	0898	08
82	0005	29	07	15	30	00440	19.8	+28.6	0000	050.5	000.0	0017	0019	+00.75	02	00	0897	08
82	0006	29	07	15	30	00447	19.8	+28.6	0000	050.5	000.0	0022	0024	+00.81	02	00	0898	08
82	0007	29	07	15	31	00448	19.8	+28.6	0000	050.5	000.0	0025	0028	+00.75	02	00	0898	08
82	0008	29	07	15	31	00454	20.0	+28.6	0000	050.5	000.0	0029	0033	+00.76	02	00	0898	08
82	0009	29	07	15	31	00461	19.8	+28.7	0000	050.5	000.0	0035	0038	+00.78	02	00	0897	08
82	0010	29	07	15	31	00464	19.8	+28.6	0000	050.5	000.0	0040	0043	+00.79	02	00	0898	08
82	0011	29	07	15	31	00470	19.8	+28.6	0000	050.5	000.0	0045	0048	+00.81	02	00	0898	08
82	0012	29	07	15	31	00475	20.1	+28.7	0000	050.5	000.0	0050	0052	+00.82	02	00	0898	08
82	0013	29	07	15	31	00480	19.8	+28.7	0000	050.5	000.0	0056	0057	+00.83	02	00	0898	08
82	0014	29	07	15	32	00481	19.8	+28.7	0000	050.5	000.0	0059	0062	+00.82	02	00	0897	08
83	0001	29	07	15	33	00455	20.1	+28.7	0000	051.0	000.0	0000	0000	+00.00	02	00	0898	08
83	0002	29	07	15	33	00461	20.1	+28.7	0000	051.0	000.0	0000	0004	+00.00	02	00	0898	08
83	0003	29	07	15	33	00461	20.1	+28.7	0000	051.0	000.0	0000	0009	+00.00	02	00	0897	08
83	0004	29	07	15	33	00464	20.1	+28.7	0000	051.0	000.0	0008	0014	+00.48	02	00	0898	08
83	0005	29	07	15	33	00466	20.1	+28.7	0000	051.0	000.0	0010	0019	+00.46	02	00	0898	08
83	0006	29	07	15	34	00470	20.1	+28.7	0000	051.0	000.0	0013	0024	+00.48	02	00	0898	08
83	0007	29	07	15	34	00474	20.1	+28.7	0000	051.0	000.0	0017	0028	+00.50	02	00	0898	08
83	0008	29	07	15	34	00477	20.1	+28.7	0000	051.0	000.0	0020	0033	+00.52	02	00	0898	08
83	0009	29	07	15	34	00480	20.1	+28.7	0000	051.0	000.0	0023	0038	+00.52	02	00	0898	08
83	0010	29	07	15	34	00484	20.1	+28.7	0000	051.0	000.0	0027	0043	+00.54	02	00	0898	08
83	0011	29	07	15	34	00484	20.3	+28.7	0000	051.0	000.0	0029	0048	+00.52	02	00	0898	08
83	0012	29	07	15	34	00490	20.3	+28.7	0000	051.1	000.0	0033	0052	+00.53	02	00	0898	08
83	0013	29	07	15	35	00489	20.3	+28.7	0000	051.1	000.0	0034	0057	+00.52	02	00	0898	08
83	0014	29	07	15	35	00495	20.3	+28.7	0000	051.1	000.0	0038	0062	+00.52	02	00	0898	08
84	0001	29	07	15	36	00505	20.7	+28.7	0000	052.5	000.0	0000	0000	+00.00	02	00	0898	08
84	0002	29	07	15	36	00515	20.7	+28.7	0000	052.5	000.0	0000	0004	+00.00	02	00	0898	08
84	0003	29	07	15	36	00528	20.7	+28.7	0000	052.5	000.0	0000	0009	+00.00	02	00	0898	08
84	0004	29	07	15	36	00537	20.7	+28.7	0000	052.5	000.0	0033	0014	+01.97	02	00	0898	08
84	0005	29	07	15	37	00548	20.7	+28.7	0000	052.5	000.0	0043	0019	+01.94	02	00	0897	08
84	0006	29	07	15	37	00557	20.8	+28.8	0000	052.5	000.0	0053	0024	+01.89	02	00	0898	08
84	0007	29	07	15	37	00570	20.9	+28.7	0000	052.6	000.0	0064	0028	+01.92	02	00	0898	08
84	0008	29	07	15	37	00578	20.9	+28.7	0000	052.7	000.0	0073	0033	+01.88	02	00	0898	08
84	0009	29	07	15	37	00587	20.9	+28.7	0000	052.7	000.0	0082	0038	+01.85	02	00	0897	08
84	0010	29	07	15	37	00599	20.7	+28.7	0000	052.7	000.0	0093	0043	+01.84	02	00	0898	08
84	0011	29	07	15	37	00613	20.5	+28.7	0000	052.7	000.0	0105	0048	+01.87	02	00	0898	08
85	0001	29	07	15	38	00513	20.3	+28.7	0000	051.5	000.0	0000	0000	+00.00	02	00	0898	08
85	0002	29	07	15	39	00518	20.1	+28.7	0000	051.4	000.0	0000	0004	+00.00	02	00	0898	08
85	0003	29	07	15	39	00526	20.3	+28.7	0000	051.4	000.0	0000	0009	+00.00	02	00	0898	08
85	0004	29	07	15	39	00526	20.3	+28.7	0000	051.5	000.0	0014	0014	+00.85	02	00	0898	08
85	0005	29	07	15	39	00533	20.5	+28.7	0000	051.6	000.0	0019	0019	+00.86	02	00	0897	08
85	0006	29	07	15	39	00536	20.5	+28.7	0000	051.7	000.0	0023	0024	+00.82	02	00	0898	08
85	0007	29	07	15	39	00546	20.5	+28.7	0000	051.7	000.0	0030	0028	+00.91	02	00	0898	08
85	0008	29	07	15	39	00554	20.5	+28.7	0000	051.8	000.0	0038	0033	+00.99	02	00	0898	08
85	0009	29	07	15	40	00563	20.5	+28.7	0000	051.8	000.0	0047	0038	+01.06	02	00	0898	08
85	0010	29	07	15	40	00568	20.5	+28.7	0000	051.8	000.0	0055	0043	+01.10	02	00	0898	08
85	0011	29	07	15	40	00576	20.5	+28.7	0000	051.8	000.0	0063	0048	+01.12	02	00	0898	08
85	0012	29	07	15	40	00579	20.7	+28.7	0000	051.9	000.0	0069	0052	+01.12	02	00	0898	08
85	0013	29	07	15	40	00584	20.7	+28.7	0000	051.9	000.0	0074	0057	+01.11	02	00	0898	08
85	0014	29	07	15	40	00591	20.9	+28.7	0000	052.0	000.0	0080	0062	+01.11	02	00	0898	08
86	0001	29	07	15	42	00517	20.7	+28.7	0000	052.5	000.0	0000	0000	+00.00	02	00	0898	08
86	0002	29	07	15	42	00518	20.7	+28.7	0000	052.5	000.0	0000	0004	+00.00	02	00	0898	08
86	0003	29	07	15	42	00527	20.7	+28.7	0000	052.5	000.0	0000	0009	+00.00	02	00	0898	08
86	0004	29	07	15	42	00529	20.7	+28.7	0000	052.5	000.0	0013	0014	+00.81	02	00	0898	08
86	0005	29	07	15	42	00535	20.7	+28.7	0000	052.5	000.0	0018	0019	+00.82	02	00	0898	08
86	0006	29	07	15	43	00542	20.7	+28.7	0000	052.5	000.0	0025	0024	+00.91	02	00	0898	08
86	0007	29	07	15	43	00545	20.9	+28.7	0000	052.6	000.0	0030	0028	+00.90	02	00	0898	08
86	0008	29	07	15	43	00553	20.9	+28.7	0000	052.6	000.0	0036	0033	+00.94	02	00	0898	08
86	0009	29	07	15	43	00553	20.9	+28.7	0000	052.7	000.0	0039	0038	+00.88	02	00	0898	08
86	0010	29	07	15	43	00557	21.1	+28.7	0000	052.8	000.0	0043	0043	+00.85	02	00	0898	08
86	0011	29	07	15	43	00564	20.9	+28.7	0000	052.8	000.0	0047	0048	+00.85	02	00	0898	08
86	0012	29	07	15	43	00569	20.9	+28.7	0000	052.8	000.0	0052	0052	+00.85	02	00	0898	08
86	0013	29	07	15	44	00570	20.9	+28.7	0000	052.8	000.0	0056	0057	+00.83	02	00	0898	08
86	0014	29	07	15	44	00578	21.1	+28.7	0000	052.9	000.0	0060	0062	+00.83	02	00	0898	08
87	0001	29	07	15	47	00518	20.9	+28.7	0000	053.0	000.0	0000	0000	+00.00	02	00	0897	08
87	0002	29	07	15	47	00516	20.9	+28.7	0000	053.0	000.0	0000	0004	+00.00	02	00	0897	08
87	0003	29	07	15	47	00519	20.9	+28.7	0000	053.0	000.0	0000	0009	+00.00	02	00	0897	08
87	0004	29	07	15	48	00518	20.9	+28.7	0000	053.0	000.0	0000	0014	+00.05	02	00	0898	08
87	0005	29	07	15	48	00520	20.9	+28.7	0000	053.0	000.0	0002	0019	+00.09	02	00	0898	08
87	0006	29	07	15	48	00525	20.8	+28.6	0000	053.0	000.0	0005	0024	+00.21	02	00	0898	08
87	0007	29	07	15	48	00525	20.9	+28.7	0000	053.0	000.0	0008	0028	+00.24	02	00	0897	08
87	0008	29	07	15	48	00525	20.9	+28.7	0000	053.0	000.0	0009	0033	+00.23	02	00	0898	08
87	0009	29	07	15	48	00527	20.9	+28.7	0000	053.0	000.0	0010	0038	+00.23	02	00	0897	08
87	0010	29	07	15	48	00531	20.9	+28.7	0000	053.0	000.0	0013	0043	+00.26	02	00	0898	08
87	0011	29	07	15	49	00533	20.9	+28.7	0000	053.0	000.0	0015	0048	+00.28	02	00	0898	08
87	0012	29	07	15	49	00538	20.9	+28.7	0000	053.0	000.0	0019	0052	+00.31	02	00	0898	08
87	0013	29	07	15	49	00539	20.9	+28.7	0000	053.0	000.0	0022	0057	+00.33	02	00	0898	08
87	0014	29	07	15	49	00542	20.8	+28.6	0000	053.0	000.0	0025	0062	+00.34	02	00	0897	08
88	0001	29	07	15	50	00530	20.7	+28.7	0000	052.5	000.0	0000	0000	+00.00	02	00	0898	08
88	0002	29	07	15	50	00530	20.5	+28.7	0000	052.1	000.0	0000	0004	+00.00	02	00	0897	08
88	0003	29	07	15	51	00529	20.5	+28.7	0000	052.1	000.0	0000	0009	+00.00	02	00	0898	08
88	0004	29	07	15	51	00531	20.5	+28.7	0000	052.1	000.0	0000	0014	+00.03	02	00	0898	08
88	0005	29	07	15	51	00533	20.5	+28.7	0000	052.1	000.0	0002	0019	+00.12	02	00	0898	08
88	0006	29	07	15	51	00533	20.3	+28.7	0000	052.0	000.0	0003	0024	+00.13	02	00	0898	08
88	0007	29	07	15	51	00539	20.5	+28.7	0000	052.0	000.0	0007	0028	+00.22	02	00	0898	08
88	0008	29	07	15	51	00539	20.3	+28.7	0000	051.9	000.0	0009	0033	+00.24	02	00	0898	08
88	0009	29	07	15	51	00541	20.3	+28.7	0000	051.9	000.0	0012	0038	+00.26	02	00	0898	08
88	0010	29	07	15	52	00543	20.3	+28.7	0000	051.9	000.0	0014	0043	+00.28	02	00	0898	08
88	0011	29	07	15	52	00543	20.5	+28.7	0000	051.9	000.0	0015	0048	+00.27	02	00	0898	08
88	0012	29	07	15	52	00544	20.5	+28.7	0000	051.9	000.0	0016	0052	+00.27	02	00	0898	08
88	0013	29	07	15	52	00550	20.5	+28.7	0000	051.9	000.0	0019	0057	+00.29	02	00	0898	08
88	0014	29	07	15	52	00550	20.5	+28.7	0000	051.9	000.0	0021	0062	+00.30	02	00	0898	08
89	0001	29	07	15	54	00516	20.2	+28.8	0000	051.0	000.0	0000	0000	+00.00	02	00	0897	08
89	0002	29	07	15	54	00523	20.2	+28.8	0000	051.0	000.0	0000	0004	+00.00	02	00	0898	08
89	0003	29	07	15	54	00533	20.2	+28.8	0000	051.0	000.0	0000	0009	+00.00	02	00	0898	08
89	0004	29	07	15	54	00541	20.2	+28.8	0000	050.9	000.0	0025	0014	+01.49	02	00	0898	08
89	0005	29	07	15	55	00547	19.9	+28.8	0000	050.9	000.0	0032	0019	+01.42	02	00	0897	08
89	0006	29	07	15	55	00557	20.2	+28.8	0000	050.9	000.0	0040	0024	+01.44	02	00	0898	08
89	0007	29	07	15	55	00564	20.2	+28.8	0000	050.9	000.0	0048	0028	+01.43	02	00	0897	08
89	0008	29	07	15	55	00571	20.2	+28.8	0000	050.9	000.0	0055	0033	+01.41	02	00	0898	08
89	0009	29	07	15	55	00582	20.2	+28.8	0000	050.9	000.0	0064	0038	+01.43	02	00	0898	08
89	0010	29	07	15	55	00589	20.2	+28.8	0000	050.9	000.0	0072	0043	+01.43	02	00	0898	08
89	0011	29	07	15	55	00600	20.2	+28.8	0000	050.9	000.0	0082	0048	+01.46	02	00	0897	08
89	0012	29	07	15	56	00602	20.2	+28.8	0000	050.9	000.0	0088	0052	+01.44	02	00	0898	08
89	0013	29	07	15	56	00607	20.2	+28.8	0000	050.9	000.0	0094	0057	+01.40	02	00	0898	08
89	0014	29	07	15	56	00615	20.2	+28.8	0000	050.9	000.0	0100	0062	+01.38	02	00	0898	08
90	0001	29	07	15	57	00525	20.1	+28.7	0000	051.0	000.0	0000	0000	+00.00	02	00	0897	08
90	0002	29	07	15	57	00530	19.9	+28.7	0000	050.7	000.0	0000	0004	+00.00	02	00	0898	08
90	0003	29	07	15	57	00535	20.1	+28.7	0000	050.7	000.0	0000	0009	+00.00	02	00	0898	08
90	0004	29	07	15	57	00533	19.8	+28.7	0000	050.6	000.0	0009	0014	+00.53	02	00	0897	08
90	0005	29	07	15	58	00535	19.8	+28.7	0000	050.6	000.0	0009	0019	+00.41	02	00	0897	08
90	0006	29	07	15	58	00541	19.6	+28.7	0000	050.5	000.0	0013	0024	+00.48	02	00	0897	08
90	0007	29	07	15	58	00543	19.8	+28.6	0000	050.5	000.0	0016	0028	+00.48	02	00	0898	08
90	0008	29	07	15	58	00540	19.8	+28.7	0000	050.5	000.0	0015	0033	+00.40	02	00	0897	08
90	0009	29	07	15	58	00545	19.8	+28.7	0000	050.5	000.0	0017	0038	+00.40	02	00	0898	08
90	0010	29	07	15	58	00548	19.8	+28.7	0000	050.5	000.0	0020	0043	+00.40	02	00	0898	08
90	0011	29	07	15	58	00549	19.8	+28.7	0000	050.5	000.0	0022	0048	+00.39	02	00	0898	08
90	0012	29	07	15	59	00547	20.1	+28.7	0000	050.5	000.0	0022	0052	+00.36	02	00	0898	08
90	0013	29	07	15	59	00553	19.8	+28.7	0000	050.6	000.0	0024	0057	+00.36	02	00	0897	08
90	0014	29	07	15	59	00552	20.1	+28.7	0000	050.6	000.0	0025	0062	+00.35	02	00	0898	08
91	0001	29	07	16	01	00414	19.4	+28.7	0000	049.4	000.0	0000	0000	+00.00	02	00	0898	08
91	0002	29	07	16	01	00424	19.4	+28.6	0000	049.4	000.0	0000	0004	+00.00	02	00	0898	08
91	0003	29	07	16	01	00439	19.3	+28.6	0000	049.4	000.0	0000	0009	+00.00	02	00	0897	08
91	0004	29	07	16	01	00451	19.4	+28.6	0000	049.4	000.0	0038	0014	+02.26	02	00	0898	08
91	0005	29	07	16	01	00462	19.4	+28.7	0000	049.4	000.0	0049	0019	+02.20	02	00	0897	08
91	0006	29	07	16	01	00476	19.6	+28.7	0000	049.5	000.0	0062	0024	+02.24	02	00	0897	08
91	0007	29	07	16	01	00488	19.4	+28.7	0000	049.5	000.0	0075	0028	+02.22	02	00	0898	08
91	0008	29	07	16	02	00499	19.6	+28.7	0000	049.5	000.0	0086	0033	+02.20	02	00	0898	08
91	0009	29	07	16	02	00513	19.6	+28.6	0000	049.6	000.0	0099	0038	+02.21	02	00	0898	08
91	0010	29	07	16	02	00526	19.6	+28.7	0000	049.6	000.0	0111	0043	+02.22	02	00	0897	08
92	0001	29	07	16	03	00431	19.7	+28.7	0000	050.0	000.0	0000	0000	+00.00	02	00	0898	08
92	0002	29	07	16	03	00440	19.4	+28.7	0000	049.7	000.0	0000	0004	+00.00	02	00	0898	08
92	0003	29	07	16	03	00449	19.5	+28.7	0000	049.6	000.0	0000	0009	+00.00	02	00	0897	08
92	0004	29	07	16	04	00455	19.5	+28.7	0000	049.5	000.0	0023	0014	+01.42	02	00	0898	08
92	0005	29	07	16	04	00465	19.5	+28.7	0000	049.5	000.0	0033	0019	+01.48	02	00	0898	08
92	0006	29	07	16	04	00470	19.5	+28.7	0000	049.5	000.0	0039	0024	+01.42	02	00	0897	08
92	0007	29	07	16	04	00478	19.5	+28.7	0000	049.5	000.0	0046	0028	+01.39	02	00	0897	08
92	0008	29	07	16	04	00487	19.5	+28.8	0000	049.5	000.0	0054	0033	+01.39	02	00	0897	08
92	0009	29	07	16	04	00495	19.5	+28.7	0000	049.5	000.0	0062	0038	+01.39	02	00	0898	08
92	0010	29	07	16	04	00500	19.7	+28.7	0000	049.5	000.0	0069	0043	+01.37	02	00	0898	08
92	0011	29	07	16	05	00513	19.7	+28.7	0000	049.5	000.0	0078	0048	+01.40	02	00	0898	08
92	0012	29	07	16	05	00517	19.7	+28.8	0000	049.6	000.0	0086	0052	+01.39	02	00	0898	08
92	0013	29	07	16	05	00524	19.7	+28.8	0000	049.6	000.0	0093	0057	+01.38	02	00	0898	08
92	0014	29	07	16	05	00536	19.7	+28.8	0000	049.6	000.0	0102	0062	+01.39	02	00	0897	08
93	0001	29	07	16	08	00421	19.7	+28.7	0000	050.0	000.0	0000	0000	+00.00	02	00	0898	08
93	0002	29	07	16	08	00421	19.7	+28.7	0000	050.0	000.0	0000	0004	+00.00	02	00	0898	08
93	0003	29	07	16	08	00420	19.7	+28.7	0000	050.0	000.0	0000	0009	+00.00	02	00	0898	08
93	0004	29	07	16	08	00421	19.7	+28.7	0000	050.0	000.0	0000	0014	-00.01	02	01	0898	08
93	0005	29	07	16	08	00422	19.7	+28.7	0000	050.0	000.0	0001	0019	+00.05	02	00	0898	08
93	0006	29	07	16	09	00425	19.6	+28.7	0000	050.0	000.0	0003	0024	+00.13	02	00	0898	08
93	0007	29	07	16	09	00422	19.7	+28.7	0000	050.0	000.0	0003	0028	+00.09	02	00	0898	08
93	0008	29	07	16	09	00426	19.7	+28.7	0000	050.0	000.0	0004	0033	+00.12	02	00	0898	08
93	0009	29	07	16	09	00430	19.6	+28.7	0000	050.0	000.0	0007	0038	+00.17	02	00	0898	08
93	0010	29	07	16	09	00431	19.7	+28.7	0000	050.0	000.0	0010	0043	+00.20	02	00	0898	08
93	0011	29	07	16	09	00431	19.7	+28.7	0000	050.0	000.0	0011	0048	+00.21	02	00	0898	08
93	0012	29	07	16	09	00434	19.7	+28.7	0000	050.0	000.0	0014	0052	+00.22	02	00	0898	08
93	0013	29	07	16	10	00438	19.7	+28.7	0000	050.0	000.0	0016	0057	+00.25	02	00	0898	08
93	0014	29	07	16	10	00437	19.7	+28.7	0000	050.0	000.0	0018	0062	+00.25	02	00	0898	08
94	0010	29	07	16	13	00421	19.8	+28.7	0000	050.5	000.0	0000	0000	+00.00	02	00	0898	08
94	0011	29	07	16	13	00421	19.8	+28.7	0000	050.6	000.0	0000	0004	+00.00	02	00	0898	08
94	0012	29	07	16	13	00422	20.1	+28.7	0000	050.8	000.0	0000	0009	+00.00	02	00	0898	08
94	0013	29	07	16	13	00421	20.1	+28.7	0000	050.8	000.0	0000	0014	+00.01	02	00	0898	08
94	0014	29	07	16	13	00424	20.1	+28.7	0000	050.9	000.0	0002	0019	+00.10	02	00	0898	08
94	0015	29	07	16	14	00424	20.1	+28.7	0000	050.9	000.0	0002	0024	+00.09	02	00	0898	08
94	0016	29	07	16	14	00425	20.1	+28.7	0000	050.9	000.0	0003	0028	+00.11	02	00	0898	08
94	0017	29	07	16	14	00424	20.1	+28.7	0000	050.9	000.0	0003	0033	+00.08	02	00	0898	08
94	0018	29	07	16	14	00424	20.2	+28.8	0000	050.9	000.0	0003	0038	+00.07	02	00	0898	08
94	0019	29	07	16	14	00427	20.1	+28.7	0000	050.9	000.0	0004	0043	+00.09	02	00	0898	08
94	0020	29	07	16	14	00424	20.1	+28.7	0000	050.9	000.0	0004	0048	+00.07	02	00	0898	08
94	0021	29	07	16	14	00426	20.2	+28.8	0000	050.9	000.0	0004	0052	+00.07	02	00	0898	08
94	0022	29	07	16	15	00425	20.1	+28.7	0000	050.9	000.0	0004	0057	+00.06	02	00	0898	08
94	0023	29	07	16	15	00428	20.2	+28.8	0000	051.0	000.0	0005	0062	+00.07	02	00	0898	08
95	0001	29	07	16	16	00421	19.8	+28.8	0000	050.0	000.0	0000	0000	+00.00	02	00	0898	08
95	0002	29	07	16	16	00420	19.8	+28.8	0000	050.0	000.0	0000	0004	+00.00	02	00	0898	08
95	0003	29	07	16	16	00424	19.7	+28.8	0000	050.0	000.0	0000	0009	+00.00	02	00	0898	08
95	0004	29	07	16	16	00424	19.7	+28.8	0000	050.0	000.0	0003	0014	+00.18	02	00	0898	08
95	0005	29	07	16	16	00422	19.9	+28.8	0000	050.0	000.0	0002	0019	+00.09	02	00	0898	08
95	0006	29	07	16	17	00427	20.0	+28.8	0000	050.1	000.0	0005	0024	+00.18	02	00	0898	08
95	0007	29	07	16	17	00430	19.9	+28.8	0000	050.2	000.0	0008	0028	+00.25	02	00	0898	08
95	0008	29	07	16	17	00432	19.9	+28.8	0000	050.2	000.0	0010	0033	+00.28	02	00	0898	08
95	0009	29	07	16	17	00438	19.9	+28.8	0000	050.3	000.0	0015	0038	+00.35	02	00	0898	08
95	0010	29	07	16	17	00438	20.2	+28.8	0000	050.3	000.0	0018	0043	+00.37	02	00	0898	08
95	0011	29	07	16	17	00439	20.2	+28.8	0000	050.4	000.0	0020	0048	+00.37	02	00	0898	08
95	0012	29	07	16	17	00444	20.2	+28.8	0000	050.5	000.0	0024	0052	+00.39	02	00	0898	08
95	0013	29	07	16	18	00443	20.2	+28.8	0000	050.5	000.0	0025	0057	+00.38	02	00	0898	08
95	0014	29	07	16	18	00446	20.2	+28.8	0000	050.5	000.0	0027	0062	+00.38	02	00	0898	08
96	0001	29	07	16	21	00412	20.2	+28.8	0000	051.0	000.0	0000	0000	+00.00	02	00	0898	08
96	0002	29	07	16	21	00413	19.9	+28.8	0000	050.9	000.0	0000	0004	+00.00	02	00	0898	08
96	0003	29	07	16	21	00413	19.9	+28.8	0000	050.8	000.0	0000	0009	+00.00	02	00	0898	08
96	0004	29	07	16	21	00414	19.9	+28.8	0000	050.7	000.0	0001	0014	+00.11	02	00	0898	08
96	0005	29	07	16	22	00415	19.9	+28.8	0000	050.6	000.0	0002	0019	+00.11	02	00	0898	08
96	0006	29	07	16	22	00414	20.0	+28.8	0000	050.6	000.0	0002	0024	+00.08	02	00	0898	08
96	0007	29	07	16	22	00420	19.8	+28.8	0000	050.5	000.0	0005	0028	+00.17	02	00	0898	08
96	0008	29	07	16	22	00419	19.8	+28.8	0000	050.4	000.0	0006	0033	+00.17	02	00	0898	08
96	0009	29	07	16	22	00423	19.8	+28.8	0000	050.4	000.0	0009	0038	+00.21	02	00	0898	08
96	0010	29	07	16	22	00424	19.8	+28.8	0000	050.3	000.0	0012	0043	+00.23	02	00	0898	08
96	0011	29	07	16	22	00422	19.8	+28.8	0000	050.3	000.0	0012	0048	+00.22	02	00	0898	08
96	0012	29	07	16	23	00427	19.7	+28.8	0000	050.3	000.0	0014	0052	+00.23	02	00	0898	08
96	0013	29	07	16	23	00427	19.8	+28.8	0000	050.2	000.0	0016	0057	+00.24	02	00	0898	08
96	0014	29	07	16	23	00430	19.8	+28.8	0000	050.2	000.0	0018	0062	+00.24	02	00	0898	08
97	0001	29	07	16	24	00420	19.6	+28.8	0000	049.4	000.0	0000	0000	+00.00	02	00	0898	08
97	0002	29	07	16	24	00421	19.6	+28.8	0000	049.4	000.0	0000	0004	+00.00	02	00	0898	08
97	0003	29	07	16	24	00424	19.4	+28.8	0000	049.4	000.0	0000	0009	+00.00	02	00	0898	08
97	0004	29	07	16	24	00427	19.6	+28.8	0000	049.4	000.0	0007	0014	+00.44	02	00	0898	08
97	0005	29	07	16	25	00433	19.6	+28.8	0000	049.4	000.0	0013	0019	+00.58	02	00	0898	08
97	0006	29	07	16	25	00437	19.8	+28.8	0000	049.5	000.0	0017	0024	+00.63	02	00	0898	08
97	0007	29	07	16	25	00438	19.8	+28.8	0000	049.6	000.0	0020	0028	+00.61	02	00	0898	08
97	0008	29	07	16	25	00445	19.8	+28.8	0000	049.6	000.0	0025	0033	+00.65	02	00	0898	08
97	0009	29	07	16	25	00448	19.8	+28.8	0000	049.7	000.0	0029	0038	+00.66	02	00	0898	08
97	0010	29	07	16	25	00456	19.8	+28.8	0000	049.7	000.0	0035	0043	+00.71	02	00	0898	08
97	0011	29	07	16	25	00459	19.8	+28.8	0000	049.7	000.0	0040	0048	+00.72	02	00	0898	08
97	0012	29	07	16	26	00464	19.8	+28.8	0000	049.7	000.0	0046	0052	+00.74	02	00	0898	08
97	0013	29	07	16	26	00471	19.8	+28.8	0000	049.8	000.0	0051	0057	+00.77	02	00	0898	08
97	0014	29	07	16	26	00475	19.8	+28.8	0000	049.8	000.0	0057	0062	+00.78	02	00	0898	08
98	0008	29	07	16	29	00562	20.3	+28.9	0000	051.0	000.0	0000	0000	+00.00	02	00	0898	08
98	0009	29	07	16	29	00576	20.3	+28.9	0000	051.0	000.0	0000	0004	+00.00	02	00	0898	08
98	0010	29	07	16	30	00591	20.3	+28.9	0000	051.0	000.0	0000	0009	+00.00	02	00	0898	08
98	0011	29	07	16	30	00611	20.3	+28.9	0000	051.0	000.0	0048	0014	+02.87	02	00	0898	08
98	0012	29	07	16	30	00623	20.6	+28.9	0000	051.1	000.0	0062	0019	+02.80	02	00	0898	08
98	0013	29	07	16	30	00638	20.6	+28.9	0000	051.2	000.0	0076	0024	+02.74	02	00	0898	08
98	0014	29	07	16	30	00650	20.8	+29.0	0000	051.3	000.0	0089	0028	+02.67	02	00	0898	08
98	0015	29	07	16	30	00665	20.8	+28.9	0000	051.4	000.0	0103	0033	+02.63	02	00	0898	08
99	0001	29	07	16	33	00572	19.6	+29.0	0000	048.9	000.0	0000	0000	+00.00	02	00	0898	08
99	0002	29	07	16	33	00573	19.8	+29.0	0000	049.3	000.0	0000	0004	+00.00	02	00	0898	08
99	0003	29	07	16	33	00569	19.7	+28.9	0000	049.4	000.0	0000	0009	+00.00	02	00	0898	08
99	0004	29	07	16	33	00569	19.6	+29.0	0000	049.4	000.0	0003	0014	-00.20	02	01	0898	08
99	0005	29	07	16	33	00571	19.8	+29.0	0000	049.4	000.0	0002	0019	-00.09	02	01	0898	08
99	0006	29	07	16	33	00574	19.6	+29.0	0000	049.4	000.0	0000	0024	+00.02	02	00	0898	08
99	0007	29	07	16	33	00573	19.6	+29.0	0000	049.3	000.0	0001	0028	+00.05	02	00	0898	08
99	0008	29	07	16	34	00576	19.6	+29.0	0000	049.2	000.0	0003	0033	+00.09	02	00	0898	08
99	0009	29	07	16	34	00575	19.6	+29.0	0000	049.2	000.0	0004	0038	+00.09	02	00	0898	08
99	0010	29	07	16	34	00577	19.6	+29.0	0000	049.2	000.0	0005	0043	+00.11	02	00	0898	08
99	0011	29	07	16	34	00580	19.6	+29.0	0000	049.2	000.0	0007	0048	+00.13	02	00	0898	08
99	0012	29	07	16	34	00582	19.6	+29.0	0000	049.1	000.0	0009	0052	+00.16	02	00	0898	08
99	0013	29	07	16	34	00579	19.6	+29.0	0000	049.1	000.0	0010	0057	+00.15	02	00	0898	08
99	0014	29	07	16	34	00584	19.6	+29.0	0000	049.1	000.0	0012	0062	+00.17	02	00	0898	08
01	0001	29	07	16	37	00431	19.8	+29.0	0000	049.5	000.0	0000	0000	+00.00	02	00	0898	08
01	0002	29	07	16	37	00433	19.8	+29.0	0000	049.5	000.0	0000	0004	+00.00	02	00	0898	08
01	0003	29	07	16	37	00436	19.8	+29.0	0000	049.5	000.0	0000	0009	+00.00	02	00	0898	08
01	0004	29	07	16	37	00440	19.8	+29.0	0000	049.5	000.0	0008	0014	+00.52	02	00	0898	08
01	0005	29	07	16	37	00441	19.8	+29.0	0000	049.5	000.0	0010	0019	+00.48	02	00	0898	08
01	0006	29	07	16	37	00447	19.8	+29.0	0000	049.5	000.0	0015	0024	+00.55	02	00	0898	08
01	0007	29	07	16	37	00450	19.8	+29.0	0000	049.5	000.0	0019	0028	+00.57	02	00	0898	08
01	0008	29	07	16	38	00455	20.1	+29.0	0000	049.5	000.0	0024	0033	+00.61	02	00	0898	08
01	0009	29	07	16	38	00461	20.1	+29.0	0000	049.6	000.0	0029	0038	+00.65	02	00	0898	08
01	0010	29	07	16	38	00464	20.1	+29.0	0000	049.6	000.0	0033	0043	+00.66	02	00	0898	08
01	0011	29	07	16	38	00468	20.1	+29.0	0000	049.7	000.0	0038	0048	+00.68	02	00	0898	08
01	0012	29	07	16	38	00468	20.1	+29.0	0000	049.7	000.0	0040	0052	+00.66	02	00	0898	08
01	0013	29	07	16	38	00474	20.1	+29.0	0000	049.7	000.0	0044	0057	+00.66	02	00	0898	08
01	0014	29	07	16	39	00476	20.1	+29.1	0000	049.7	000.0	0048	0062	+00.66	02	00	0898	08
02	0001	29	07	16	40	00650	20.2	+29.1	0000	050.0	000.0	0000	0000	+00.00	02	00	0898	08
02	0002	29	07	16	40	00657	20.2	+29.1	0000	050.0	000.0	0000	0004	+00.00	02	00	0898	08
02	0003	29	07	16	40	00660	20.2	+29.1	0000	050.0	000.0	0000	0009	+00.00	02	00	0898	08
02	0004	29	07	16	40	00665	20.2	+29.2	0000	050.0	000.0	0013	0014	+00.82	02	00	0898	08
02	0005	29	07	16	40	00670	20.2	+29.1	0000	050.0	000.0	0018	0019	+00.83	02	00	0898	08
02	0006	29	07	16	40	00671	20.2	+29.2	0000	050.0	000.0	0020	0024	+00.74	02	00	0898	08
02	0007	29	07	16	41	00675	20.2	+29.1	0000	050.0	000.0	0024	0028	+00.71	02	00	0898	08
02	0008	29	07	16	41	00681	20.2	+29.2	0000	050.0	000.0	0028	0033	+00.73	02	00	0898	08
02	0009	29	07	16	41	00686	20.2	+29.2	0000	050.0	000.0	0033	0038	+00.74	02	00	0898	08
02	0010	29	07	16	41	00690	20.2	+29.2	0000	050.0	000.0	0037	0043	+00.74	02	00	0898	08
02	0011	29	07	16	41	00695	20.2	+29.2	0000	050.0	000.0	0042	0048	+00.76	02	00	0898	08
02	0012	29	07	16	41	00703	20.2	+29.2	0000	050.0	000.0	0048	0052	+00.79	02	00	0898	08
02	0013	29	07	16	41	00705	20.4	+29.2	0000	050.1	000.0	0053	0057	+00.80	02	00	0898	08
02	0014	29	07	16	42	00709	20.4	+29.2	0000	050.1	000.0	0058	0062	+00.80	02	00	0898	08
03	0001	29	07	16	43	00426	20.5	+29.2	0000	050.5	000.0	0000	0000	+00.00	02	00	0898	08
03	0002	29	07	16	43	00426	20.4	+29.2	0000	050.5	000.0	0000	0004	+00.00	02	00	0898	08
03	0003	29	07	16	43	00427	20.3	+29.2	0000	050.3	000.0	0000	0009	+00.00	02	00	0898	08
03	0004	29	07	16	43	00432	20.3	+29.2	0000	050.2	000.0	0005	0014	+00.34	02	00	0898	08
03	0005	29	07	16	43	00429	20.3	+29.2	0000	050.2	000.0	0004	0019	+00.21	02	00	0898	08
03	0006	29	07	16	44	00427	20.3	+29.2	0000	050.1	000.0	0002	0024	+00.10	02	00	0898	08
03	0007	29	07	16	44	00433	20.3	+29.2	0000	050.1	000.0	0005	0028	+00.16	02	00	0898	08
03	0008	29	07	16	44	00433	20.3	+29.2	0000	050.1	000.0	0007	0033	+00.18	02	00	0898	08
03	0009	29	07	16	44	00436	20.3	+29.2	0000	050.1	000.0	0009	0038	+00.20	02	00	0898	08
03	0010	29	07	16	44	00435	20.3	+29.2	0000	050.1	000.0	0010	0043	+00.20	02	00	0898	08
03	0011	29	07	16	44	00439	20.3	+29.2	0000	050.1	000.0	0012	0048	+00.22	02	00	0898	08
03	0012	29	07	16	44	00443	20.3	+29.2	0000	050.0	000.0	0015	0052	+00.25	02	00	0898	08
03	0013	29	07	16	45	00446	20.3	+29.2	0000	050.0	000.0	0018	0057	+00.28	02	00	0898	08
03	0014	29	07	16	45	00449	20.2	+29.3	0000	050.0	000.0	0022	0062	+00.30	02	00	0898	08
04	0001	29	07	16	46	00403	19.9	+29.3	0000	049.0	000.0	0000	0000	+00.00	02	00	0898	08
04	0002	29	07	16	47	00408	19.9	+29.3	0000	049.0	000.0	0000	0004	+00.00	02	00	0898	08
04	0003	29	07	16	47	00416	19.9	+29.3	0000	049.0	000.0	0000	0009	+00.00	02	00	0898	08
04	0004	29	07	16	47	00419	19.9	+29.3	0000	049.0	000.0	0016	0014	+00.99	02	00	0898	08
04	0005	29	07	16	47	00422	19.9	+29.3	0000	049.0	000.0	0019	0019	+00.89	02	00	0898	08
04	0006	29	07	16	47	00431	19.9	+29.3	0000	049.0	000.0	0026	0024	+00.95	02	00	0898	08
04	0007	29	07	16	47	00435	19.9	+29.3	0000	049.0	000.0	0031	0028	+00.94	02	00	0898	08
04	0008	29	07	16	48	00438	19.9	+29.3	0000	049.0	000.0	0035	0033	+00.91	02	00	0898	08
04	0009	29	07	16	48	00447	20.1	+29.2	0000	049.1	000.0	0042	0038	+00.94	02	00	0898	08
04	0010	29	07	16	48	00451	20.2	+29.3	0000	049.1	000.0	0047	0043	+00.95	02	00	0898	08
04	0011	29	07	16	48	00454	20.3	+29.2	0000	049.2	000.0	0052	0048	+00.93	02	00	0898	08
04	0012	29	07	16	48	00458	20.4	+29.3	0000	049.3	000.0	0056	0052	+00.91	02	00	0898	08
04	0013	29	07	16	48	00462	20.4	+29.3	0000	049.3	000.0	0060	0057	+00.89	02	00	0898	08
04	0014	29	07	16	48	00470	20.3	+29.2	0000	049.4	000.0	0065	0062	+00.90	02	00	0898	08
05	0001	29	07	16	50	00480	20.7	+29.2	0000	051.1	000.0	0000	0000	+00.00	02	00	0898	08
05	0002	29	07	16	50	00487	20.7	+29.2	0000	051.1	000.0	0000	0004	+00.00	02	00	0898	08
05	0003	29	07	16	51	00491	20.7	+29.2	0000	051.1	000.0	0000	0009	+00.00	02	00	0898	08
05	0004	29	07	16	51	00498	21.0	+29.2	0000	051.1	000.0	0016	0014	+01.01	02	00	0898	08
05	0005	29	07	16	51	00505	21.1	+29.2	0000	051.3	000.0	0024	0019	+01.09	02	00	0898	08
05	0006	29	07	16	51	00508	21.1	+29.2	0000	051.4	000.0	0029	0024	+01.04	02	00	0898	08
05	0007	29	07	16	51	00513	21.3	+29.2	0000	051.6	000.0	0033	0028	+01.00	02	00	0898	08
05	0008	29	07	16	51	00517	21.5	+29.2	0000	051.7	000.0	0037	0033	+00.96	02	00	0898	08
05	0009	29	07	16	51	00525	21.6	+29.2	0000	051.9	000.0	0043	0038	+00.97	02	00	0898	08
05	0010	29	07	16	52	00528	21.8	+29.2	0000	052.1	000.0	0047	0043	+00.95	02	00	0898	08
05	0011	29	07	16	52	00535	21.7	+29.2	0000	052.2	000.0	0053	0048	+00.96	02	00	0898	08
05	0012	29	07	16	52	00540	22.0	+29.2	0000	052.4	000.0	0058	0052	+00.96	02	00	0898	08
05	0013	29	07	16	52	00539	21.9	+29.2	0000	052.5	000.0	0061	0057	+00.92	02	00	0898	08
05	0014	29	07	16	52	00547	22.2	+29.2	0000	052.7	000.0	0066	0062	+00.91	02	00	0898	08
01	0002	30	07	09	04	00871	19.3	+24.6	0000	062.3	000.0	0000	0000	+00.00	00	00	0891	08
01	0003	30	07	09	04	00891	19.3	+24.6	0000	062.3	000.0	0000	0004	+00.00	00	00	0891	08
01	0004	30	07	09	04	00915	19.3	+24.6	0000	062.3	000.0	0000	0009	+00.00	00	00	0891	08
01	0005	30	07	09	05	00935	19.3	+24.6	0000	062.3	000.0	0064	0014	+03.82	02	00	0891	08
01	0006	30	07	09	05	00961	19.4	+24.6	0000	062.4	000.0	0089	0019	+03.97	02	00	0891	08
01	0007	30	07	09	05	00988	19.4	+24.6	0000	062.5	000.0	0116	0024	+04.13	02	00	0891	08
02	0001	30	07	09	06	00667	19.7	+24.7	0000	063.3	000.0	0000	0000	+00.00	02	00	0891	08
02	0002	30	07	09	06	00697	19.5	+24.7	0000	062.9	000.0	0000	0004	+00.00	02	00	0891	08
02	0003	30	07	09	06	00735	19.5	+24.7	0000	062.9	000.0	0000	0009	+00.00	02	00	0891	08
02	0004	30	07	09	06	00758	19.5	+24.7	0000	062.9	000.0	0092	0014	+05.48	02	00	0891	08
02	0005	30	07	09	07	00791	19.4	+24.7	0000	062.8	000.0	0123	0019	+05.45	02	00	0891	08
03	0001	30	07	09	08	00670	19.6	+24.8	0000	062.8	000.0	0000	0000	+00.00	02	00	0891	08
03	0002	30	07	09	08	00693	19.6	+24.8	0000	062.8	000.0	0000	0004	+00.00	02	00	0892	08
03	0003	30	07	09	08	00714	19.6	+24.8	0000	062.8	000.0	0000	0009	+00.00	02	00	0891	08
03	0004	30	07	09	08	00737	19.7	+24.8	0000	062.8	000.0	0066	0014	+03.90	02	00	0891	08
03	0005	30	07	09	08	00760	19.5	+24.8	0000	062.7	000.0	0089	0019	+03.96	02	00	0891	08
03	0006	30	07	09	08	00783	19.7	+24.8	0000	062.7	000.0	0112	0024	+03.99	02	00	0891	08
04	0001	30	07	09	10	00768	19.6	+24.9	0000	062.4	000.0	0000	0000	+00.00	02	00	0892	08
04	0002	30	07	09	10	00780	19.6	+24.9	0000	062.4	000.0	0000	0004	+00.00	02	00	0891	08
04	0003	30	07	09	10	00793	19.6	+24.8	0000	062.4	000.0	0000	0009	+00.00	02	00	0892	08
04	0004	30	07	09	10	00805	19.6	+24.9	0000	062.4	000.0	0036	0014	+02.18	02	00	0891	08
04	0005	30	07	09	10	00818	19.6	+24.9	0000	062.4	000.0	0049	0019	+02.20	02	00	0891	08
04	0006	30	07	09	10	00827	19.6	+24.9	0000	062.4	000.0	0059	0024	+02.10	02	00	0891	08
04	0007	30	07	09	11	00838	19.6	+24.9	0000	062.4	000.0	0070	0028	+02.06	02	00	0892	08
04	0008	30	07	09	11	00855	19.6	+24.9	0000	062.4	000.0	0084	0033	+02.13	02	00	0891	08
04	0009	30	07	09	11	00868	19.7	+24.9	0000	062.4	000.0	0097	0038	+02.16	02	00	0891	08
04	0010	30	07	09	11	00880	19.7	+24.9	0000	062.4	000.0	0110	0043	+02.17	02	00	0892	08
05	0001	30	07	09	15	01010	19.3	+25.0	0000	061.0	000.0	0000	0000	+00.00	02	00	0891	08
05	0002	30	07	09	15	01029	19.3	+25.0	0000	061.0	000.0	0000	0004	+00.00	02	00	0891	08
05	0003	30	07	09	15	01053	19.4	+25.0	0000	061.0	000.0	0000	0009	+00.00	02	00	0891	08
05	0004	30	07	09	15	01082	19.3	+25.0	0000	061.0	000.0	0072	0014	+04.25	02	00	0891	08
05	0005	30	07	09	15	01105	19.2	+25.0	0000	060.9	000.0	0097	0019	+04.29	02	00	0891	08
05	0006	30	07	09	16	01123	19.2	+25.0	0000	060.8	000.0	0117	0024	+04.16	02	00	0891	08
06	0001	30	07	09	17	01079	19.3	+25.1	0000	060.5	000.0	0000	0000	+00.00	02	00	0891	08
06	0002	30	07	09	17	01104	19.3	+25.1	0000	060.5	000.0	0000	0004	+00.00	02	00	0891	08
06	0003	30	07	09	17	01127	19.3	+25.1	0000	060.5	000.0	0000	0009	+00.00	02	00	0891	08
06	0004	30	07	09	17	01155	19.3	+25.1	0000	060.5	000.0	0075	0014	+04.44	02	00	0891	08
06	0005	30	07	09	17	01176	19.3	+25.1	0000	060.5	000.0	0098	0019	+04.34	02	00	0891	08
06	0006	30	07	09	17	01204	19.3	+25.1	0000	060.5	000.0	0123	0024	+04.38	02	00	0891	08
07	0001	30	07	09	19	01106	19.3	+25.2	0000	060.5	000.0	0000	0000	+00.00	02	00	0891	08
07	0002	30	07	09	19	01138	19.3	+25.2	0000	060.6	000.0	0000	0004	+00.00	02	00	0891	08
07	0003	30	07	09	19	01173	19.3	+25.2	0000	060.7	000.0	0000	0009	+00.00	02	00	0891	08
07	0004	30	07	09	19	01204	19.5	+25.2	0000	060.8	000.0	0099	0014	+05.86	02	00	0891	08
07	0005	30	07	09	19	01245	19.4	+25.2	0000	060.8	000.0	0137	0019	+06.10	02	00	0891	08
08	0001	30	07	09	20	01150	19.4	+25.2	0000	060.5	000.0	0000	0000	+00.00	02	00	0891	08
08	0002	30	07	09	20	01182	19.4	+25.2	0000	060.5	000.0	0000	0004	+00.00	02	00	0891	08
08	0003	30	07	09	21	01221	19.4	+25.2	0000	060.5	000.0	0000	0009	+00.00	02	00	0891	08
08	0004	30	07	09	21	01258	19.5	+25.3	0000	060.5	000.0	0109	0014	+06.43	02	00	0891	08
09	0001	30	07	09	22	01178	19.4	+25.2	0000	060.5	000.0	0000	0000	+00.00	02	00	0891	08
09	0002	30	07	09	22	01191	19.4	+25.2	0000	060.5	000.0	0000	0004	+00.00	02	00	0891	08
09	0003	30	07	09	22	01218	19.4	+25.2	0000	060.5	000.0	0000	0009	+00.00	02	00	0891	08
09	0004	30	07	09	22	01234	19.4	+25.2	0000	060.5	000.0	0058	0014	+03.46	02	00	0891	08
09	0005	30	07	09	22	01257	19.4	+25.2	0000	060.5	000.0	0080	0019	+03.57	02	00	0892	08
09	0006	30	07	09	23	01277	19.3	+25.2	0000	060.5	000.0	0101	0024	+03.60	02	00	0891	08
10	0001	30	07	09	27	00450	19.3	+25.1	0000	060.5	000.0	0000	0000	+00.00	00	00	0891	08
10	0002	30	07	09	27	00454	19.3	+25.1	0000	060.5	000.0	0000	0004	+00.00	00	00	0892	08
10	0003	30	07	09	27	00458	19.3	+25.1	0000	060.5	000.0	0000	0009	+00.00	00	00	0891	08
10	0004	30	07	09	27	00464	19.3	+25.1	0000	060.5	000.0	0013	0014	+00.81	02	00	0892	08
10	0005	30	07	09	27	00469	19.3	+25.1	0000	060.5	000.0	0019	0019	+00.85	02	00	0892	08
10	0006	30	07	09	27	00475	19.5	+25.1	0000	060.5	000.0	0025	0024	+00.89	02	00	0892	08
10	0007	30	07	09	27	00482	19.5	+25.1	0000	060.6	000.0	0032	0028	+00.95	02	00	0891	08
10	0008	30	07	09	28	00487	19.6	+25.1	0000	060.7	000.0	0038	0033	+00.97	02	00	0891	08
10	0009	30	07	09	28	00495	19.6	+25.1	0000	060.8	000.0	0045	0038	+01.01	02	00	0892	08
10	0010	30	07	09	28	00500	19.6	+25.1	0000	060.8	000.0	0051	0043	+01.02	02	00	0891	08
10	0011	30	07	09	28	00509	19.6	+25.1	0000	060.9	000.0	0059	0048	+01.05	02	00	0891	08
10	0012	30	07	09	28	00513	19.6	+25.1	0000	061.0	000.0	0065	0052	+01.06	02	00	0891	08
10	0013	30	07	09	28	00523	19.6	+25.1	0000	061.0	000.0	0073	0057	+01.08	02	00	0891	08
10	0014	30	07	09	28	00530	19.4	+25.1	0000	061.0	000.0	0081	0062	+01.10	02	00	0892	08
11	0001	30	07	09	29	00501	19.6	+25.1	0000	061.4	000.0	0000	0000	+00.00	02	00	0891	08
11	0002	30	07	09	30	00504	19.6	+25.1	0000	061.5	000.0	0000	0004	+00.00	02	00	0891	08
11	0003	30	07	09	30	00507	19.4	+25.1	0000	061.3	000.0	0000	0009	+00.00	02	00	0891	08
11	0004	30	07	09	30	00508	19.4	+25.1	0000	061.3	000.0	0007	0014	+00.44	02	00	0891	08
11	0005	30	07	09	30	00512	19.5	+25.1	0000	061.2	000.0	0010	0019	+00.46	02	00	0891	08
11	0006	30	07	09	30	00516	19.5	+25.1	0000	061.2	000.0	0014	0024	+00.50	02	00	0891	08
11	0007	30	07	09	30	00521	19.5	+25.1	0000	061.1	000.0	0018	0028	+00.55	02	00	0891	08
11	0008	30	07	09	30	00525	19.5	+25.2	0000	061.1	000.0	0023	0033	+00.59	02	00	0891	08
11	0009	30	07	09	31	00528	19.4	+25.1	0000	061.1	000.0	0027	0038	+00.60	02	00	0891	08
11	0010	30	07	09	31	00535	19.5	+25.1	0000	061.0	000.0	0032	0043	+00.63	02	00	0892	08
11	0011	30	07	09	31	00537	19.4	+25.1	0000	061.0	000.0	0036	0048	+00.64	02	00	0892	08
11	0012	30	07	09	31	00540	19.4	+25.1	0000	061.0	000.0	0040	0052	+00.65	02	00	0892	08
11	0013	30	07	09	31	00545	19.4	+25.1	0000	061.0	000.0	0044	0057	+00.66	02	00	0891	08
11	0014	30	07	09	31	00547	19.4	+25.1	0000	061.0	000.0	0048	0062	+00.65	02	00	0891	08
12	0001	30	07	09	32	00535	19.6	+25.1	0000	061.4	000.0	0000	0000	+00.00	02	00	0891	08
12	0002	30	07	09	33	00534	19.5	+25.0	0000	061.4	000.0	0000	0004	+00.00	02	00	0891	08
12	0003	30	07	09	33	00540	19.5	+25.0	0000	061.4	000.0	0000	0009	+00.00	02	00	0891	08
12	0004	30	07	09	33	00544	19.5	+25.0	0000	061.4	000.0	0009	0014	+00.53	02	00	0891	08
12	0005	30	07	09	33	00545	19.5	+25.0	0000	061.4	000.0	0011	0019	+00.50	02	00	0891	08
12	0006	30	07	09	33	00548	19.5	+25.0	0000	061.4	000.0	0014	0024	+00.50	02	00	0892	08
12	0007	30	07	09	33	00550	19.5	+25.0	0000	061.4	000.0	0016	0028	+00.47	02	00	0892	08
12	0008	30	07	09	33	00554	19.5	+25.0	0000	061.4	000.0	0019	0033	+00.49	02	00	0891	08
12	0009	30	07	09	34	00556	19.5	+25.0	0000	061.4	000.0	0022	0038	+00.49	02	00	0892	08
12	0010	30	07	09	34	00563	19.5	+25.0	0000	061.4	000.0	0026	0043	+00.52	02	00	0891	08
12	0011	30	07	09	34	00562	19.5	+25.0	0000	061.4	000.0	0029	0048	+00.51	02	00	0891	08
12	0012	30	07	09	34	00567	19.5	+25.0	0000	061.4	000.0	0032	0052	+00.52	02	00	0891	08
12	0013	30	07	09	34	00572	19.5	+25.0	0000	061.4	000.0	0036	0057	+00.54	02	00	0891	08
12	0014	30	07	09	34	00576	19.5	+25.0	0000	061.4	000.0	0041	0062	+00.55	02	00	0891	08
13	0001	30	07	09	35	00569	19.5	+25.0	0000	061.4	000.0	0000	0000	+00.00	02	00	0891	08
13	0002	30	07	09	35	00581	19.5	+25.0	0000	061.4	000.0	0000	0004	+00.00	02	00	0892	08
13	0003	30	07	09	36	00594	19.5	+25.0	0000	061.4	000.0	0000	0009	+00.00	02	00	0892	08
13	0004	30	07	09	36	00609	19.5	+25.0	0000	061.4	000.0	0039	0014	+02.33	02	00	0892	08
13	0005	30	07	09	36	00621	19.5	+25.0	0000	061.4	000.0	0052	0019	+02.33	02	00	0891	08
13	0006	30	07	09	36	00634	19.6	+25.0	0000	061.5	000.0	0065	0024	+02.33	02	00	0891	08
13	0007	30	07	09	36	00645	19.6	+25.0	0000	061.6	000.0	0077	0028	+02.29	02	00	0891	08
13	0008	30	07	09	36	00660	19.6	+25.0	0000	061.6	000.0	0090	0033	+02.30	02	00	0891	08
13	0009	30	07	09	36	00676	19.8	+25.0	0000	061.7	000.0	0105	0038	+02.34	02	00	0891	08
14	0001	30	07	09	39	00631	19.5	+24.9	0000	061.9	000.0	0000	0000	+00.00	02	00	0891	08
14	0002	30	07	09	39	00636	19.5	+24.9	0000	061.9	000.0	0000	0004	+00.00	02	00	0891	08
14	0003	30	07	09	39	00644	19.5	+24.9	0000	062.0	000.0	0000	0009	+00.00	02	00	0891	08
14	0004	30	07	09	40	00652	19.6	+24.9	0000	062.0	000.0	0021	0014	+01.25	02	00	0891	08
14	0005	30	07	09	40	00653	19.7	+24.9	0000	062.1	000.0	0024	0019	+01.07	02	00	0891	08
14	0006	30	07	09	40	00656	19.7	+24.9	0000	062.2	000.0	0026	0024	+00.94	02	00	0891	08
14	0007	30	07	09	40	00661	19.7	+24.9	0000	062.2	000.0	0030	0028	+00.89	02	00	0891	08
14	0008	30	07	09	40	00667	19.7	+24.9	0000	062.2	000.0	0034	0033	+00.87	02	00	0891	08
14	0009	30	07	09	40	00671	19.7	+25.0	0000	062.2	000.0	0038	0038	+00.86	02	00	0891	08
14	0010	30	07	09	40	00677	19.7	+24.9	0000	062.3	000.0	0044	0043	+00.87	02	00	0891	08
14	0011	30	07	09	41	00682	19.7	+24.9	0000	062.3	000.0	0049	0048	+00.87	02	00	0891	08
14	0012	30	07	09	41	00682	19.7	+25.0	0000	062.3	000.0	0051	0052	+00.83	02	00	0891	08
14	0013	30	07	09	41	00686	19.7	+25.0	0000	062.3	000.0	0054	0057	+00.81	02	00	0891	08
14	0014	30	07	09	41	00695	19.7	+25.0	0000	062.3	000.0	0059	0062	+00.81	02	00	0891	08
15	0001	30	07	09	42	00647	19.6	+25.0	0000	061.9	000.0	0000	0000	+00.00	02	00	0891	08
15	0002	30	07	09	43	00648	19.6	+25.0	0000	061.9	000.0	0000	0004	+00.00	02	00	0891	08
15	0003	30	07	09	43	00650	19.6	+25.0	0000	061.9	000.0	0000	0009	+00.00	02	00	0891	08
15	0004	30	07	09	43	00654	19.5	+25.0	0000	061.9	000.0	0006	0014	+00.39	02	00	0891	08
15	0005	30	07	09	43	00655	19.5	+25.0	0000	061.8	000.0	0008	0019	+00.37	02	00	0891	08
15	0006	30	07	09	43	00659	19.7	+25.0	0000	061.8	000.0	0012	0024	+00.42	02	00	0891	08
15	0007	30	07	09	43	00659	19.6	+25.0	0000	061.8	000.0	0013	0028	+00.39	02	00	0891	08
15	0008	30	07	09	43	00664	19.7	+25.0	0000	061.8	000.0	0017	0033	+00.43	02	00	0891	08
15	0009	30	07	09	44	00662	19.6	+25.0	0000	061.8	000.0	0017	0038	+00.39	02	00	0891	08
15	0010	30	07	09	44	00669	19.6	+25.0	0000	061.8	000.0	0021	0043	+00.41	02	00	0891	08
15	0011	30	07	09	44	00672	19.7	+25.0	0000	061.9	000.0	0024	0048	+00.43	02	00	0891	08
15	0012	30	07	09	44	00673	19.8	+25.0	0000	061.9	000.0	0027	0052	+00.43	02	00	0891	08
15	0013	30	07	09	44	00675	19.8	+25.0	0000	061.9	000.0	0029	0057	+00.43	02	00	0891	08
15	0014	30	07	09	44	00676	19.8	+25.0	0000	062.0	000.0	0031	0062	+00.43	02	00	0891	08
16	0001	30	07	09	46	00806	19.8	+25.0	0000	062.4	000.0	0000	0000	+00.00	02	00	0891	08
16	0002	30	07	09	46	00831	19.8	+25.0	0000	062.4	000.0	0000	0004	+00.00	02	00	0891	08
16	0003	30	07	09	46	00862	19.7	+25.0	0000	062.3	000.0	0000	0009	+00.00	02	00	0891	08
16	0004	30	07	09	46	00894	19.7	+25.0	0000	062.2	000.0	0088	0014	+05.22	02	00	0891	08
16	0005	30	07	09	46	00931	19.5	+25.0	0000	062.1	000.0	0125	0019	+05.53	02	00	0891	08
17	0001	30	07	09	48	00463	19.6	+25.0	0000	061.9	000.0	0000	0000	+00.00	02	00	0891	08
17	0002	30	07	09	48	00467	19.6	+25.0	0000	061.9	000.0	0000	0004	+00.00	02	00	0891	08
17	0003	30	07	09	48	00472	19.6	+25.0	0000	061.9	000.0	0000	0009	+00.00	02	00	0891	08
17	0004	30	07	09	49	00475	19.6	+25.0	0000	061.9	000.0	0012	0014	+00.73	02	00	0891	08
17	0005	30	07	09	49	00480	19.6	+25.0	0000	061.9	000.0	0016	0019	+00.73	02	00	0891	08
17	0006	30	07	09	49	00481	19.6	+25.0	0000	061.9	000.0	0018	0024	+00.66	02	00	0891	08
17	0007	30	07	09	49	00486	19.6	+25.0	0000	061.9	000.0	0022	0028	+00.65	02	00	0891	08
17	0008	30	07	09	49	00490	19.8	+25.0	0000	062.0	000.0	0026	0033	+00.66	02	00	0891	08
17	0009	30	07	09	49	00492	19.7	+25.0	0000	062.0	000.0	0029	0038	+00.64	02	00	0891	08
17	0010	30	07	09	49	00494	19.8	+25.0	0000	062.1	000.0	0031	0043	+00.62	02	00	0891	08
17	0011	30	07	09	50	00500	19.8	+25.0	0000	062.1	000.0	0035	0048	+00.62	02	00	0891	08
17	0012	30	07	09	50	00506	19.9	+25.0	0000	062.1	000.0	0040	0052	+00.64	02	00	0891	08
17	0013	30	07	09	50	00506	19.9	+25.0	0000	062.2	000.0	0043	0057	+00.63	02	00	0891	08
17	0014	30	07	09	50	00510	19.9	+25.0	0000	062.3	000.0	0046	0062	+00.63	02	00	0891	08
18	0001	30	07	09	53	00611	20.0	+25.0	0000	063.3	000.0	0000	0000	+00.00	02	00	0891	08
18	0002	30	07	09	53	00617	20.0	+25.0	0000	063.3	000.0	0000	0004	+00.00	02	00	0891	08
18	0003	30	07	09	53	00631	20.1	+25.0	0000	063.3	000.0	0000	0009	+00.00	02	00	0891	08
18	0004	30	07	09	53	00641	20.1	+25.0	0000	063.3	000.0	0030	0014	+01.80	02	00	0891	08
18	0005	30	07	09	54	00642	20.1	+25.0	0000	063.3	000.0	0034	0019	+01.51	02	00	0891	08
18	0006	30	07	09	54	00651	20.1	+25.0	0000	063.3	000.0	0040	0024	+01.44	02	00	0891	08
18	0007	30	07	09	54	00658	20.1	+25.0	0000	063.3	000.0	0047	0028	+01.40	02	00	0891	08
18	0008	30	07	09	54	00665	20.1	+25.0	0000	063.3	000.0	0054	0033	+01.36	02	00	0891	08
18	0009	30	07	09	54	00676	20.3	+25.0	0000	063.4	000.0	0062	0038	+01.39	02	00	0891	08
18	0010	30	07	09	54	00681	20.3	+25.0	0000	063.4	000.0	0069	0043	+01.37	02	00	0891	08
18	0011	30	07	09	55	00693	20.2	+25.0	0000	063.5	000.0	0078	0048	+01.39	02	00	0891	08
18	0012	30	07	09	55	00697	20.2	+25.0	0000	063.5	000.0	0085	0052	+01.37	02	00	0891	08
18	0013	30	07	09	55	00703	20.4	+25.0	0000	063.5	000.0	0092	0057	+01.36	02	00	0891	08
18	0014	30	07	09	55	00713	20.4	+25.0	0000	063.6	000.0	0099	0062	+01.36	02	00	0891	08
19	0001	30	07	09	56	00526	20.4	+25.0	0000	064.3	000.0	0000	0000	+00.00	02	00	0891	08
19	0002	30	07	09	56	00543	20.4	+25.0	0000	064.3	000.0	0000	0004	+00.00	02	00	0891	08
19	0003	30	07	09	56	00557	20.4	+25.0	0000	064.3	000.0	0000	0009	+00.00	02	00	0891	08
19	0004	30	07	09	56	00578	20.3	+25.0	0000	064.2	000.0	0051	0014	+03.01	02	00	0891	08
19	0005	30	07	09	57	00598	20.3	+25.1	0000	064.1	000.0	0071	0019	+03.17	02	00	0891	08
19	0006	30	07	09	57	00616	20.3	+25.1	0000	064.0	000.0	0091	0024	+03.22	02	00	0891	08
19	0007	30	07	09	57	00640	20.2	+25.1	0000	064.0	000.0	0113	0028	+03.34	02	00	0891	08
20	0001	30	07	09	59	00755	19.9	+25.1	0000	062.4	000.0	0000	0000	+00.00	02	00	0891	08
20	0002	30	07	10	00	00761	20.0	+25.1	0000	062.6	000.0	0000	0004	+00.00	02	00	0890	08
20	0003	30	07	10	00	00769	20.0	+25.1	0000	062.8	000.0	0000	0009	+00.00	02	00	0891	08
20	0004	30	07	10	00	00774	20.0	+25.1	0000	062.8	000.0	0019	0014	+01.16	02	00	0890	08
20	0005	30	07	10	00	00782	20.0	+25.1	0000	062.8	000.0	0027	0019	+01.21	02	00	0891	08
20	0006	30	07	10	00	00793	20.0	+25.1	0000	062.8	000.0	0037	0024	+01.32	02	00	0891	08
20	0007	30	07	10	00	00805	20.0	+25.1	0000	062.8	000.0	0048	0028	+01.44	02	00	0891	08
20	0008	30	07	10	01	00806	20.0	+25.1	0000	062.8	000.0	0054	0033	+01.38	02	00	0891	08
20	0009	30	07	10	01	00818	20.0	+25.1	0000	062.8	000.0	0063	0038	+01.40	02	00	0891	08
20	0010	30	07	10	01	00832	20.0	+25.1	0000	062.9	000.0	0075	0043	+01.47	02	00	0891	08
20	0011	30	07	10	01	00838	20.2	+25.1	0000	062.9	000.0	0084	0048	+01.50	02	00	0891	08
20	0012	30	07	10	01	00852	20.2	+25.1	0000	062.9	000.0	0096	0052	+01.54	02	00	0891	08
20	0013	30	07	10	01	00864	20.2	+25.1	0000	063.0	000.0	0108	0057	+01.59	02	00	0891	08
21	0001	30	07	10	02	00591	20.5	+25.1	0000	064.3	000.0	0000	0000	+00.00	02	00	0890	08
21	0002	30	07	10	02	00600	20.5	+25.1	0000	064.3	000.0	0000	0004	+00.00	02	00	0890	08
21	0003	30	07	10	03	00608	20.5	+25.1	0000	064.2	000.0	0000	0009	+00.00	02	00	0890	08
21	0004	30	07	10	03	00614	20.5	+25.1	0000	064.3	000.0	0023	0014	+01.37	02	00	0891	08
21	0005	30	07	10	03	00624	20.5	+25.1	0000	064.3	000.0	0031	0019	+01.41	02	00	0891	08
21	0006	30	07	10	03	00630	20.5	+25.1	0000	064.3	000.0	0038	0024	+01.37	02	00	0890	08
21	0007	30	07	10	03	00637	20.5	+25.1	0000	064.3	000.0	0045	0028	+01.34	02	00	0891	08
21	0008	30	07	10	03	00644	20.5	+25.1	0000	064.3	000.0	0052	0033	+01.31	02	00	0891	08
21	0009	30	07	10	03	00650	20.5	+25.1	0000	064.3	000.0	0058	0038	+01.30	02	00	0890	08
21	0010	30	07	10	04	00660	20.3	+25.1	0000	064.3	000.0	0066	0043	+01.31	02	00	0891	08
21	0011	30	07	10	04	00665	20.3	+25.1	0000	064.2	000.0	0073	0048	+01.30	02	00	0890	08
21	0012	30	07	10	04	00671	20.3	+25.1	0000	064.2	000.0	0080	0052	+01.28	02	00	0891	08
21	0013	30	07	10	04	00675	20.3	+25.1	0000	064.2	000.0	0085	0057	+01.25	02	00	0891	08
21	0014	30	07	10	04	00687	20.3	+25.1	0000	064.1	000.0	0092	0062	+01.26	02	00	0891	08
22	0001	30	07	10	06	00593	20.4	+25.2	0000	063.8	000.0	0000	0000	+00.00	02	00	0890	08
22	0002	30	07	10	07	00599	20.4	+25.2	0000	063.8	000.0	0000	0004	+00.00	02	00	0891	08
22	0003	30	07	10	07	00604	20.4	+25.2	0000	063.8	000.0	0000	0009	+00.00	02	00	0891	08
22	0004	30	07	10	07	00607	20.4	+25.2	0000	063.8	000.0	0013	0014	+00.79	02	00	0891	08
22	0005	30	07	10	07	00611	20.4	+25.2	0000	063.8	000.0	0017	0019	+00.77	02	00	0890	08
22	0006	30	07	10	07	00615	20.4	+25.2	0000	063.9	000.0	0021	0024	+00.75	02	00	0890	08
22	0007	30	07	10	07	00620	20.4	+25.2	0000	063.9	000.0	0025	0028	+00.74	02	00	0891	08
22	0008	30	07	10	07	00622	20.4	+25.2	0000	063.9	000.0	0028	0033	+00.71	02	00	0890	08
22	0009	30	07	10	08	00627	20.5	+25.2	0000	063.9	000.0	0032	0038	+00.71	02	00	0890	08
22	0010	30	07	10	08	00630	20.5	+25.2	0000	063.9	000.0	0035	0043	+00.70	02	00	0890	08
22	0011	30	07	10	08	00631	20.3	+25.2	0000	063.9	000.0	0038	0048	+00.67	02	00	0890	08
22	0012	30	07	10	08	00634	20.3	+25.2	0000	063.8	000.0	0040	0052	+00.65	02	00	0890	08
22	0013	30	07	10	08	00639	20.3	+25.2	0000	063.8	000.0	0043	0057	+00.64	02	00	0890	08
22	0014	30	07	10	08	00644	20.4	+25.2	0000	063.7	000.0	0047	0062	+00.64	02	00	0891	08
23	0001	30	07	10	10	00642	20.3	+25.3	0000	062.9	000.0	0000	0000	+00.00	02	00	0891	08
23	0002	30	07	10	10	00648	20.3	+25.3	0000	062.9	000.0	0000	0004	+00.00	02	00	0890	08
23	0003	30	07	10	10	00652	20.3	+25.3	0000	062.9	000.0	0000	0009	+00.00	02	00	0890	08
23	0004	30	07	10	10	00657	20.3	+25.3	0000	062.9	000.0	0015	0014	+00.89	02	00	0890	08
23	0005	30	07	10	10	00665	20.1	+25.3	0000	062.8	000.0	0022	0019	+00.99	02	00	0890	08
23	0006	30	07	10	11	00674	20.1	+25.3	0000	062.7	000.0	0031	0024	+01.10	02	00	0891	08
23	0007	30	07	10	11	00676	20.1	+25.3	0000	062.7	000.0	0035	0028	+01.05	02	00	0890	08
23	0008	30	07	10	11	00680	20.2	+25.3	0000	062.7	000.0	0039	0033	+01.00	02	00	0890	08
23	0009	30	07	10	11	00686	20.3	+25.3	0000	062.7	000.0	0044	0038	+00.98	02	00	0891	08
23	0010	30	07	10	11	00694	20.3	+25.3	0000	062.7	000.0	0050	0043	+00.99	02	00	0891	08
23	0011	30	07	10	11	00697	20.3	+25.3	0000	062.7	000.0	0055	0048	+00.98	02	00	0890	08
23	0012	30	07	10	11	00702	20.5	+25.3	0000	062.8	000.0	0060	0052	+00.97	02	00	0891	08
23	0013	30	07	10	12	00705	20.4	+25.3	0000	062.8	000.0	0064	0057	+00.95	02	00	0890	08
23	0014	30	07	10	12	00717	20.5	+25.3	0000	062.9	000.0	0071	0062	+00.97	02	00	0890	08
24	0001	30	07	10	13	00507	20.6	+25.3	0000	063.9	000.0	0000	0000	+00.00	02	00	0891	08
24	0002	30	07	10	13	00514	20.6	+25.3	0000	063.9	000.0	0000	0004	+00.00	02	00	0891	08
24	0003	30	07	10	13	00519	20.6	+25.3	0000	063.9	000.0	0000	0009	+00.00	02	00	0890	08
24	0004	30	07	10	14	00531	20.6	+25.3	0000	063.9	000.0	0022	0014	+01.34	02	00	0891	08
24	0005	30	07	10	14	00534	20.6	+25.3	0000	063.9	000.0	0028	0019	+01.26	02	00	0890	08
24	0006	30	07	10	14	00543	20.6	+25.3	0000	063.9	000.0	0036	0024	+01.27	02	00	0890	08
24	0007	30	07	10	14	00550	20.6	+25.3	0000	063.9	000.0	0043	0028	+01.26	02	00	0890	08
24	0008	30	07	10	14	00561	20.6	+25.3	0000	063.9	000.0	0052	0033	+01.32	02	00	0890	08
24	0009	30	07	10	14	00561	20.5	+25.3	0000	063.8	000.0	0056	0038	+01.25	02	00	0891	08
24	0010	30	07	10	15	00570	20.5	+25.3	0000	063.8	000.0	0063	0043	+01.25	02	00	0890	08
24	0011	30	07	10	15	00580	20.5	+25.3	0000	063.7	000.0	0071	0048	+01.26	02	00	0891	08
24	0012	30	07	10	15	00587	20.5	+25.3	0000	063.7	000.0	0079	0052	+01.27	02	00	0890	08
24	0013	30	07	10	15	00591	20.6	+25.3	0000	063.7	000.0	0085	0057	+01.26	02	00	0890	08
24	0014	30	07	10	15	00597	20.7	+25.4	0000	063.7	000.0	0091	0062	+01.24	02	00	0890	08
25	0001	30	07	10	16	00558	20.8	+25.4	0000	064.4	000.0	0000	0000	+00.00	02	00	0890	08
25	0002	30	07	10	16	00558	20.8	+25.3	0000	064.4	000.0	0000	0004	+00.00	02	00	0890	08
25	0003	30	07	10	17	00562	20.6	+25.3	0000	064.2	000.0	0000	0009	+00.00	02	00	0891	08
25	0004	30	07	10	17	00566	20.7	+25.4	0000	064.1	000.0	0007	0014	+00.46	02	00	0890	08
25	0005	30	07	10	17	00568	20.6	+25.3	0000	064.1	000.0	0011	0019	+00.48	02	00	0891	08
25	0006	30	07	10	17	00569	20.5	+25.3	0000	063.9	000.0	0012	0024	+00.45	02	00	0890	08
25	0007	30	07	10	17	00568	20.5	+25.4	0000	063.9	000.0	0012	0028	+00.37	02	00	0891	08
25	0008	30	07	10	17	00563	20.5	+25.3	0000	063.8	000.0	0008	0033	+00.22	02	00	0890	08
25	0009	30	07	10	18	00567	20.5	+25.3	0000	063.7	000.0	0008	0038	+00.19	02	00	0890	08
25	0010	30	07	10	18	00571	20.5	+25.4	0000	063.7	000.0	0010	0043	+00.20	02	00	0891	08
25	0011	30	07	10	18	00576	20.5	+25.3	0000	063.7	000.0	0013	0048	+00.23	02	00	0890	08
25	0012	30	07	10	18	00575	20.5	+25.3	0000	063.7	000.0	0015	0052	+00.24	02	00	0890	08
25	0013	30	07	10	18	00580	20.5	+25.4	0000	063.6	000.0	0018	0057	+00.27	02	00	0891	08
25	0014	30	07	10	18	00578	20.5	+25.3	0000	063.6	000.0	0019	0062	+00.27	02	00	0891	08
26	0001	30	07	10	20	00498	20.4	+25.3	0000	063.4	000.0	0000	0000	+00.00	02	00	0891	08
26	0002	30	07	10	20	00512	20.3	+25.3	0000	063.0	000.0	0000	0004	+00.00	02	00	0890	08
26	0003	30	07	10	20	00000	00.0	+00.0	0000	0000	0000	0000	0000	0000	00	00	0000	00
26	0004	30	07	10	20	00532	20.4	+25.3	0000	063.2	000.0	0035	0014	+02.07	02	00	0890	08
26	0005	30	07	10	20	00542	20.4	+25.3	0000	063.2	000.0	0043	0019	+01.90	02	00	0890	08
26	0006	30	07	10	21	00553	20.4	+25.3	0000	063.2	000.0	0052	0024	+01.86	02	00	0890	08
26	0007	30	07	10	21	00557	20.4	+25.2	0000	063.2	000.0	0058	0028	+01.71	02	00	0890	08
26	0008	30	07	10	21	00565	20.4	+25.2	0000	063.3	000.0	0064	0033	+01.62	02	00	0890	08
26	0009	30	07	10	21	00574	20.4	+25.2	0000	063.3	000.0	0071	0038	+01.58	02	00	0890	08
26	0010	30	07	10	21	00575	20.4	+25.2	0000	063.3	000.0	0076	0043	+01.49	02	00	0891	08
26	0011	30	07	10	21	00584	20.4	+25.2	0000	063.3	000.0	0081	0048	+01.44	02	00	0891	08
26	0012	30	07	10	21	00587	20.4	+25.2	0000	063.3	000.0	0085	0052	+01.37	02	00	0891	08
26	0013	30	07	10	22	00591	20.4	+25.2	0000	063.3	000.0	0089	0057	+01.31	02	00	0891	08
26	0014	30	07	10	22	00594	20.4	+25.2	0000	063.3	000.0	0092	0062	+01.25	02	00	0890	08
27	0001	30	07	10	23	00582	20.4	+25.2	0000	063.4	000.0	0000	0000	+00.00	02	00	0891	08
27	0002	30	07	10	23	00637	20.4	+25.2	0000	063.4	000.0	0000	0004	+00.00	02	00	0890	08
27	0003	30	07	10	23	00679	20.3	+25.2	0000	063.5	000.0	0000	0009	+00.00	02	00	0890	08
27	0004	30	07	10	23	00730	20.4	+25.2	0000	063.5	000.0	0145	0014	+08.60	02	00	0891	08
28	0001	30	07	10	25	01118	20.4	+25.2	0000	063.8	000.0	0000	0000	+00.00	02	00	0890	08
28	0002	30	07	10	25	01130	20.5	+25.2	0000	063.9	000.0	0000	0004	+00.00	02	00	0891	08
28	0003	30	07	10	26	01146	20.5	+25.2	0000	063.9	000.0	0000	0009	+00.00	02	00	0891	08
28	0004	30	07	10	26	01157	20.6	+25.2	0000	064.0	000.0	0040	0014	+02.37	02	00	0890	08
28	0005	30	07	10	26	01170	20.6	+25.2	0000	064.1	000.0	0051	0019	+02.30	02	00	0890	08
28	0006	30	07	10	26	01181	20.6	+25.2	0000	064.1	000.0	0063	0024	+02.24	02	00	0890	08
28	0007	30	07	10	26	01193	20.6	+25.2	0000	064.2	000.0	0074	0028	+02.21	02	00	0891	08
28	0008	30	07	10	26	01205	20.6	+25.2	0000	064.2	000.0	0086	0033	+02.18	02	00	0891	08
28	0009	30	07	10	26	01227	20.6	+25.2	0000	064.2	000.0	0103	0038	+02.29	02	00	0890	08
29	0001	30	07	10	28	00656	20.8	+25.2	0000	064.8	000.0	0000	0000	+00.00	02	00	0890	08
29	0002	30	07	10	28	00667	20.8	+25.2	0000	064.8	000.0	0000	0004	+00.00	02	00	0890	08
29	0003	30	07	10	28	00690	20.8	+25.2	0000	064.8	000.0	0000	0009	+00.00	02	00	0890	08
29	0004	30	07	10	28	00711	20.6	+25.2	0000	064.7	000.0	0056	0014	+03.34	02	00	0890	08
29	0005	30	07	10	28	00727	20.6	+25.2	0000	064.6	000.0	0074	0019	+03.28	02	00	0890	08
29	0006	30	07	10	28	00748	20.7	+25.2	0000	064.5	000.0	0094	0024	+03.34	02	00	0890	08
29	0007	30	07	10	28	00772	20.7	+25.2	0000	064.5	000.0	0117	0028	+03.45	02	00	0890	08
30	0001	30	07	10	31	00763	20.8	+25.2	0000	064.8	000.0	0000	0000	+00.00	02	00	0890	08
30	0002	30	07	10	31	00764	20.9	+25.3	0000	064.8	000.0	0000	0004	+00.00	02	00	0890	08
30	0003	30	07	10	31	00766	20.9	+25.3	0000	064.8	000.0	0000	0009	+00.00	02	00	0890	08
30	0004	30	07	10	31	00763	20.9	+25.3	0000	064.8	000.0	0000	0014	+00.00	02	00	0891	08
30	0005	30	07	10	31	00771	20.9	+25.3	0000	064.8	000.0	0006	0019	+00.26	02	00	0890	08
30	0006	30	07	10	31	00775	20.9	+25.3	0000	064.8	000.0	0011	0024	+00.39	02	00	0891	08
30	0007	30	07	10	32	00775	20.9	+25.3	0000	064.8	000.0	0013	0028	+00.39	02	00	0890	08
30	0008	30	07	10	32	00778	20.9	+25.3	0000	064.8	000.0	0016	0033	+00.41	02	00	0890	08
30	0009	30	07	10	32	00784	20.9	+25.3	0000	064.8	000.0	0020	0038	+00.45	02	00	0890	08
30	0010	30	07	10	32	00789	20.9	+25.3	0000	064.8	000.0	0025	0043	+00.50	02	00	0890	08
30	0011	30	07	10	32	00796	20.9	+25.3	0000	064.8	000.0	0032	0048	+00.56	02	00	0890	08
30	0012	30	07	10	32	00798	20.9	+25.3	0000	064.8	000.0	0037	0052	+00.59	02	00	0890	08
30	0013	30	07	10	32	00803	20.9	+25.3	0000	064.8	000.0	0042	0057	+00.62	02	00	0890	08
30	0014	30	07	10	33	00808	20.9	+25.3	0000	064.8	000.0	0047	0062	+00.64	02	00	0890	08
31	0001	30	07	10	34	00520	21.0	+25.4	0000	064.8	000.0	0000	0000	+00.00	02	00	0890	08
31	0002	30	07	10	34	00529	21.0	+25.4	0000	064.8	000.0	0000	0004	+00.00	02	00	0890	08
31	0003	30	07	10	34	00537	21.0	+25.4	0000	064.8	000.0	0000	0009	+00.00	02	00	0890	08
31	0004	30	07	10	34	00550	21.0	+25.4	0000	064.8	000.0	0029	0014	+01.72	02	00	0890	08
31	0005	30	07	10	34	00557	21.0	+25.4	0000	064.8	000.0	0038	0019	+01.68	02	00	0890	08
31	0006	30	07	10	34	00570	21.0	+25.4	0000	064.8	000.0	0049	0024	+01.75	02	00	0890	08
31	0007	30	07	10	35	00582	20.9	+25.4	0000	064.8	000.0	0061	0028	+01.81	02	00	0890	08
31	0008	30	07	10	35	00590	21.0	+25.4	0000	064.8	000.0	0071	0033	+01.80	02	00	0890	08
31	0009	30	07	10	35	00601	21.1	+25.4	0000	064.8	000.0	0081	0038	+01.81	02	00	0890	08
31	0010	30	07	10	35	00606	21.0	+25.4	0000	064.8	000.0	0089	0043	+01.75	02	00	0890	08
31	0011	30	07	10	35	00616	21.1	+25.4	0000	064.8	000.0	0097	0048	+01.73	02	00	0890	08
31	0012	30	07	10	35	00625	21.1	+25.4	0000	064.8	000.0	0106	0052	+01.71	02	00	0890	08
32	0001	30	07	10	37	00424	21.0	+25.5	0000	064.4	000.0	0000	0000	+00.00	02	00	0891	08
32	0002	30	07	10	37	00426	21.0	+25.5	0000	064.4	000.0	0000	0004	+00.00	02	00	0890	08
32	0003	30	07	10	37	00432	21.0	+25.5	0000	064.4	000.0	0000	0009	+00.00	02	00	0890	08
32	0004	30	07	10	37	00441	21.0	+25.5	0000	064.4	000.0	0017	0014	+01.00	02	00	0890	08
32	0005	30	07	10	37	00446	21.0	+25.5	0000	064.4	000.0	0023	0019	+01.04	02	00	0890	08
32	0006	30	07	10	37	00451	21.0	+25.5	0000	064.4	000.0	0029	0024	+01.02	02	00	0890	08
32	0007	30	07	10	38	00455	21.0	+25.5	0000	064.4	000.0	0033	0028	+00.99	02	00	0890	08
32	0008	30	07	10	38	00460	21.0	+25.5	0000	064.4	000.0	0038	0033	+00.96	02	00	0890	08
32	0009	30	07	10	38	00465	21.0	+25.5	0000	064.4	000.0	0043	0038	+00.95	02	00	0890	08
32	0010	30	07	10	38	00472	20.9	+25.5	0000	064.3	000.0	0048	0043	+00.95	02	00	0890	08
32	0011	30	07	10	38	00478	20.8	+25.5	0000	064.3	000.0	0054	0048	+00.96	02	00	0890	08
32	0012	30	07	10	38	00482	20.9	+25.5	0000	064.3	000.0	0059	0052	+00.96	02	00	0891	08
32	0013	30	07	10	39	00486	20.9	+25.5	0000	064.2	000.0	0064	0057	+00.95	02	00	0890	08
32	0014	30	07	10	39	00488	20.9	+25.5	0000	064.2	000.0	0068	0062	+00.92	02	00	0890	08
33	0001	30	07	10	40	00442	21.1	+25.6	0000	064.4	000.0	0000	0000	+00.00	02	00	0890	08
33	0002	30	07	10	40	00446	21.0	+25.5	0000	064.4	000.0	0000	0004	+00.00	02	00	0890	08
33	0003	30	07	10	40	00454	21.1	+25.6	0000	064.4	000.0	0000	0009	+00.00	02	00	0890	08
33	0004	30	07	10	40	00458	21.0	+25.5	0000	064.4	000.0	0016	0014	+00.98	02	00	0891	08
33	0005	30	07	10	40	00461	21.0	+25.5	0000	064.4	000.0	0019	0019	+00.88	02	00	0890	08
33	0006	30	07	10	40	00465	21.0	+25.5	0000	064.4	000.0	0023	0024	+00.83	02	00	0891	08
33	0007	30	07	10	41	00467	21.0	+25.5	0000	064.4	000.0	0025	0028	+00.75	02	00	0890	08
33	0008	30	07	10	41	00476	21.1	+25.6	0000	064.4	000.0	0031	0033	+00.79	02	00	0890	08
33	0009	30	07	10	41	00479	21.2	+25.5	0000	064.4	000.0	0035	0038	+00.79	02	00	0890	08
33	0010	30	07	10	41	00483	21.0	+25.5	0000	064.4	000.0	0040	0043	+00.78	02	00	0890	08
33	0011	30	07	10	41	00485	21.1	+25.6	0000	064.4	000.0	0043	0048	+00.76	02	00	0890	08
33	0012	30	07	10	41	00489	21.2	+25.5	0000	064.4	000.0	0046	0052	+00.75	02	00	0890	08
33	0013	30	07	10	42	00493	21.2	+25.6	0000	064.5	000.0	0050	0057	+00.74	02	00	0890	08
;Received 1000 record(s)
