;EGM-4 Data
;SoftwareVersion=1.05
;Plot	RecNo	Day	Month	Hour	Min	CO2 Ref	mb Ref	mbR Temp	Input A	Input B	Input C	Input D	Input E	Input F	Input G	Input H	ATMP	Probe Type
34	0003	30	07	12	04	00504	21.4	+24.6	0000	068.9	000.0	0000	0000	+00.00	00	00	0891	08
34	0004	30	07	12	04	00538	21.4	+24.7	0000	068.9	000.0	0000	0004	+00.00	00	00	0891	08
34	0005	30	07	12	04	00562	21.4	+24.7	0000	068.9	000.0	0000	0009	+00.00	00	00	0891	08
34	0006	30	07	12	05	00597	21.4	+24.7	0000	068.9	000.0	0091	0014	+05.38	02	00	0891	08
34	0007	30	07	12	05	00620	21.3	+24.7	0000	068.9	000.0	0116	0019	+05.14	02	00	0891	08
35	0001	30	07	12	06	00643	21.7	+24.8	0000	069.4	000.0	0000	0000	+00.00	02	00	0891	08
35	0002	30	07	12	06	00689	21.8	+24.8	0000	069.4	000.0	0000	0004	+00.00	02	00	0891	08
35	0003	30	07	12	06	00718	21.6	+24.8	0000	069.2	000.0	0000	0009	+00.00	02	00	0891	08
35	0004	30	07	12	06	00754	21.6	+24.8	0000	069.1	000.0	0108	0014	+06.38	02	00	0891	08
36	0001	30	07	12	07	00731	21.8	+25.0	0000	068.5	000.0	0000	0000	+00.00	02	00	0891	08
36	0002	30	07	12	08	00758	21.8	+25.0	0000	068.5	000.0	0000	0004	+00.00	02	00	0891	08
36	0003	30	07	12	08	00787	21.8	+25.0	0000	068.5	000.0	0000	0009	+00.00	02	00	0891	08
36	0004	30	07	12	08	00810	21.8	+25.1	0000	068.5	000.0	0080	0014	+04.74	02	00	0892	08
36	0005	30	07	12	08	00841	21.7	+25.1	0000	068.4	000.0	0109	0019	+04.82	02	00	0891	08
37	0001	30	07	12	09	00878	21.6	+25.2	0000	067.6	000.0	0000	0000	+00.00	02	00	0891	08
37	0002	30	07	12	09	00889	21.7	+25.2	0000	067.6	000.0	0000	0004	+00.00	02	00	0891	08
37	0003	30	07	12	09	00908	21.7	+25.2	0000	067.6	000.0	0000	0009	+00.00	02	00	0891	08
37	0004	30	07	12	09	00915	21.7	+25.2	0000	067.6	000.0	0039	0014	+02.32	02	00	0891	08
37	0005	30	07	12	10	00928	21.7	+25.2	0000	067.6	000.0	0050	0019	+02.23	02	00	0891	08
37	0006	30	07	12	10	00942	21.7	+25.2	0000	067.6	000.0	0063	0024	+02.25	02	00	0891	08
37	0007	30	07	12	10	00950	21.9	+25.3	0000	067.6	000.0	0073	0028	+02.17	02	00	0891	08
37	0008	30	07	12	10	00964	22.0	+25.3	0000	067.7	000.0	0085	0033	+02.16	02	00	0891	08
37	0009	30	07	12	10	00981	22.0	+25.3	0000	067.7	000.0	0099	0038	+02.21	02	00	0891	08
37	0010	30	07	12	10	00992	22.0	+25.3	0000	067.8	000.0	0113	0043	+02.22	02	00	0891	08
38	0001	30	07	12	14	01029	21.6	+25.7	0000	065.4	000.0	0000	0000	+00.00	02	00	0891	08
38	0002	30	07	12	14	01046	21.6	+25.7	0000	065.2	000.0	0000	0004	+00.00	02	00	0891	08
38	0003	30	07	12	15	01072	21.6	+25.7	0000	065.3	000.0	0000	0009	+00.00	02	00	0891	08
38	0004	30	07	12	15	01093	21.7	+25.8	0000	065.2	000.0	0065	0014	+03.85	02	00	0891	08
38	0005	30	07	12	15	01117	21.7	+25.8	0000	065.2	000.0	0088	0019	+03.93	02	00	0891	08
38	0006	30	07	12	15	01138	21.7	+25.8	0000	065.2	000.0	0111	0024	+03.93	02	00	0891	08
39	0001	30	07	12	16	00441	21.8	+25.9	0000	065.4	000.0	0000	0000	+00.00	02	00	0891	08
39	0002	30	07	12	17	00460	21.8	+25.9	0000	065.4	000.0	0000	0004	+00.00	02	00	0892	08
39	0003	30	07	12	17	00475	21.8	+25.9	0000	065.4	000.0	0000	0009	+00.00	02	00	0891	08
39	0004	30	07	12	17	00491	21.9	+25.9	0000	065.4	000.0	0048	0014	+02.89	02	00	0891	08
39	0005	30	07	12	17	00510	21.8	+25.9	0000	065.4	000.0	0067	0019	+02.98	02	00	0891	08
39	0006	30	07	12	17	00526	21.7	+25.9	0000	065.3	000.0	0084	0024	+02.97	02	00	0891	08
39	0007	30	07	12	17	00542	21.8	+26.0	0000	065.2	000.0	0100	0028	+02.96	02	00	0891	08
40	0001	30	07	12	19	00514	21.9	+26.0	0000	064.9	000.0	0000	0000	+00.00	02	00	0891	08
40	0002	30	07	12	19	00534	21.8	+26.0	0000	064.9	000.0	0000	0004	+00.00	02	00	0891	08
40	0003	30	07	12	19	00561	21.9	+26.0	0000	064.9	000.0	0000	0009	+00.00	02	00	0891	08
40	0004	30	07	12	19	00585	21.9	+26.0	0000	064.9	000.0	0071	0014	+04.19	02	00	0891	08
40	0005	30	07	12	19	00612	21.9	+26.0	0000	064.9	000.0	0098	0019	+04.34	02	00	0891	08
40	0006	30	07	12	19	00638	21.8	+26.1	0000	064.9	000.0	0124	0024	+04.42	02	00	0891	08
41	0001	30	07	12	20	00523	21.9	+26.2	0000	064.5	000.0	0000	0000	+00.00	02	00	0891	08
41	0002	30	07	12	20	00544	21.9	+26.2	0000	064.5	000.0	0000	0004	+00.00	02	00	0891	08
41	0003	30	07	12	20	00573	21.9	+26.2	0000	064.5	000.0	0000	0009	+00.00	02	00	0891	08
41	0004	30	07	12	21	00599	21.9	+26.2	0000	064.5	000.0	0077	0014	+04.58	02	00	0891	08
41	0005	30	07	12	21	00632	21.9	+26.2	0000	064.5	000.0	0109	0019	+04.84	02	00	0891	08
42	0001	30	07	12	22	00524	21.7	+26.3	0000	063.6	000.0	0000	0000	+00.00	02	00	0891	08
42	0002	30	07	12	22	00539	21.8	+26.3	0000	063.6	000.0	0000	0004	+00.00	02	00	0891	08
42	0003	30	07	12	22	00550	21.8	+26.3	0000	063.6	000.0	0000	0009	+00.00	02	00	0891	08
42	0004	30	07	12	23	00566	21.8	+26.3	0000	063.7	000.0	0040	0014	+02.41	02	00	0891	08
42	0005	30	07	12	23	00576	21.9	+26.3	0000	063.7	000.0	0052	0019	+02.32	02	00	0891	08
42	0006	30	07	12	23	00588	22.0	+26.4	0000	063.8	000.0	0063	0024	+02.24	02	00	0891	08
42	0007	30	07	12	23	00599	22.0	+26.4	0000	063.8	000.0	0074	0028	+02.20	02	00	0891	08
42	0008	30	07	12	23	00614	22.0	+26.4	0000	063.9	000.0	0087	0033	+02.20	02	00	0891	08
42	0009	30	07	12	23	00627	22.1	+26.4	0000	063.9	000.0	0100	0038	+02.22	02	00	0891	08
43	0001	30	07	12	24	00532	22.1	+26.4	0000	064.1	000.0	0000	0000	+00.00	02	00	0891	08
43	0002	30	07	12	24	00538	22.2	+26.5	0000	064.1	000.0	0000	0004	+00.00	02	00	0891	08
43	0003	30	07	12	25	00544	22.2	+26.5	0000	064.1	000.0	0000	0009	+00.00	02	00	0891	08
43	0004	30	07	12	25	00547	22.2	+26.5	0000	064.1	000.0	0015	0014	+00.90	02	00	0891	08
43	0005	30	07	12	25	00552	22.2	+26.5	0000	064.1	000.0	0020	0019	+00.89	02	00	0891	08
43	0006	30	07	12	25	00560	22.2	+26.5	0000	064.0	000.0	0026	0024	+00.94	02	00	0891	08
43	0007	30	07	12	25	00565	22.2	+26.5	0000	064.0	000.0	0032	0028	+00.97	02	00	0891	08
43	0008	30	07	12	25	00568	22.2	+26.5	0000	064.0	000.0	0037	0033	+00.94	02	00	0891	08
43	0009	30	07	12	25	00579	22.2	+26.5	0000	064.1	000.0	0045	0038	+01.00	02	00	0891	08
43	0010	30	07	12	26	00583	22.2	+26.5	0000	064.1	000.0	0051	0043	+01.01	02	00	0891	08
43	0011	30	07	12	26	00591	22.3	+26.6	0000	064.1	000.0	0058	0048	+01.03	02	00	0891	08
43	0012	30	07	12	26	00596	22.3	+26.6	0000	064.1	000.0	0064	0052	+01.04	02	00	0891	08
43	0013	30	07	12	26	00603	22.3	+26.6	0000	064.1	000.0	0071	0057	+01.05	02	00	0891	08
43	0014	30	07	12	26	00610	22.2	+26.6	0000	064.0	000.0	0078	0062	+01.06	02	00	0891	08
44	0001	30	07	12	27	00575	22.0	+26.6	0000	063.1	000.0	0000	0000	+00.00	02	00	0891	08
44	0002	30	07	12	27	00575	21.8	+26.6	0000	062.8	000.0	0000	0004	+00.00	02	00	0891	08
44	0003	30	07	12	28	00577	21.8	+26.6	0000	062.7	000.0	0000	0009	+00.00	02	00	0891	08
44	0004	30	07	12	28	00581	21.8	+26.6	0000	062.7	000.0	0005	0014	+00.34	02	00	0891	08
44	0005	30	07	12	28	00585	22.0	+26.6	0000	062.8	000.0	0010	0019	+00.44	02	00	0891	08
44	0006	30	07	12	28	00585	22.0	+26.6	0000	062.8	000.0	0012	0024	+00.42	02	00	0891	08
44	0007	30	07	12	28	00587	22.0	+26.6	0000	062.9	000.0	0013	0028	+00.40	02	00	0891	08
44	0008	30	07	12	28	00588	22.0	+26.6	0000	062.9	000.0	0014	0033	+00.37	02	00	0891	08
44	0009	30	07	12	28	00591	22.0	+26.6	0000	062.9	000.0	0016	0038	+00.36	02	00	0891	08
44	0010	30	07	12	29	00595	22.1	+26.7	0000	063.0	000.0	0019	0043	+00.38	02	00	0891	08
44	0011	30	07	12	29	00596	22.2	+26.6	0000	063.0	000.0	0021	0048	+00.38	02	00	0892	08
44	0012	30	07	12	29	00598	22.2	+26.6	0000	063.1	000.0	0024	0052	+00.38	02	00	0891	08
44	0013	30	07	12	29	00599	22.3	+26.7	0000	063.1	000.0	0025	0057	+00.38	02	00	0891	08
44	0014	30	07	12	29	00604	22.2	+26.6	0000	063.1	000.0	0028	0062	+00.39	02	00	0891	08
45	0001	30	07	12	30	00597	22.3	+26.7	0000	063.6	000.0	0000	0000	+00.00	02	00	0891	08
45	0002	30	07	12	30	00601	22.2	+26.6	0000	063.6	000.0	0000	0004	+00.00	02	00	0891	08
45	0003	30	07	12	30	00608	22.1	+26.7	0000	063.4	000.0	0000	0009	+00.00	02	00	0891	08
45	0004	30	07	12	31	00613	22.1	+26.7	0000	063.3	000.0	0016	0014	+00.97	02	00	0891	08
45	0005	30	07	12	31	00621	22.1	+26.7	0000	063.3	000.0	0023	0019	+01.03	02	00	0891	08
45	0006	30	07	12	31	00624	22.1	+26.7	0000	063.3	000.0	0028	0024	+01.00	02	00	0891	08
45	0007	30	07	12	31	00624	21.9	+26.7	0000	063.2	000.0	0030	0028	+00.88	02	00	0891	08
45	0008	30	07	12	31	00629	21.9	+26.7	0000	063.1	000.0	0032	0033	+00.83	02	00	0891	08
45	0009	30	07	12	31	00630	22.0	+26.7	0000	063.0	000.0	0034	0038	+00.76	02	00	0891	08
45	0010	30	07	12	31	00636	22.0	+26.7	0000	063.0	000.0	0037	0043	+00.74	02	00	0891	08
45	0011	30	07	12	32	00641	22.0	+26.7	0000	063.0	000.0	0041	0048	+00.74	02	00	0891	08
45	0012	30	07	12	32	00646	22.0	+26.7	0000	062.9	000.0	0046	0052	+00.74	02	00	0891	08
45	0013	30	07	12	32	00648	22.0	+26.7	0000	062.9	000.0	0049	0057	+00.73	02	00	0891	08
45	0014	30	07	12	32	00653	22.0	+26.7	0000	062.9	000.0	0053	0062	+00.72	02	00	0891	08
46	0024	30	07	12	41	00444	21.6	+26.2	0000	063.5	000.0	0000	0000	+00.00	02	00	0891	08
46	0025	30	07	12	41	00449	21.7	+26.1	0000	063.8	000.0	0000	0004	+00.00	02	00	0891	08
46	0026	30	07	12	41	00453	21.6	+26.1	0000	063.9	000.0	0000	0009	+00.00	02	00	0891	08
46	0027	30	07	12	41	00456	21.6	+26.0	0000	063.9	000.0	0012	0014	+00.70	02	00	0891	08
46	0028	30	07	12	41	00456	21.6	+26.0	0000	063.9	000.0	0012	0019	+00.54	02	00	0891	08
46	0029	30	07	12	41	00454	21.5	+26.0	0000	063.9	000.0	0010	0024	+00.37	02	00	0891	08
46	0030	30	07	12	42	00450	21.5	+26.0	0000	063.9	000.0	0006	0028	+00.19	02	00	0891	08
46	0031	30	07	12	42	00452	21.5	+26.0	0000	064.0	000.0	0005	0033	+00.13	02	00	0891	08
46	0032	30	07	12	42	00450	21.5	+26.0	0000	064.0	000.0	0003	0038	+00.06	02	00	0891	08
46	0033	30	07	12	42	00446	21.5	+26.0	0000	064.0	000.0	0000	0043	+00.00	02	00	0891	08
46	0034	30	07	12	42	00446	21.5	+26.0	0000	064.0	000.0	0002	0048	-00.03	02	01	0891	08
46	0035	30	07	12	42	00446	21.5	+26.0	0000	064.0	000.0	0003	0052	-00.05	02	01	0891	08
46	0036	30	07	12	42	00449	21.5	+26.0	0000	064.0	000.0	0003	0057	-00.05	02	01	0891	08
46	0037	30	07	12	43	00449	21.5	+26.0	0000	064.0	000.0	0003	0062	-00.04	02	01	0891	08
46	0038	30	07	12	44	00442	21.6	+25.8	0000	064.9	000.0	0000	0000	+00.00	02	00	0891	08
46	0039	30	07	12	44	00443	21.6	+25.8	0000	064.9	000.0	0000	0004	+00.00	02	00	0891	08
46	0040	30	07	12	44	00444	21.6	+25.8	0000	064.9	000.0	0000	0009	+00.00	02	00	0891	08
46	0041	30	07	12	44	00446	21.4	+25.8	0000	064.8	000.0	0004	0014	+00.24	02	00	0891	08
46	0042	30	07	12	44	00442	21.4	+25.8	0000	064.7	000.0	0001	0019	+00.07	02	00	0891	08
46	0043	30	07	12	45	00446	21.6	+25.8	0000	064.7	000.0	0002	0024	+00.10	02	00	0891	08
46	0044	30	07	12	45	00444	21.5	+25.8	0000	064.8	000.0	0002	0028	+00.07	02	00	0891	08
46	0045	30	07	12	45	00446	21.5	+25.8	0000	064.8	000.0	0003	0033	+00.08	02	00	0891	08
46	0046	30	07	12	45	00448	21.5	+25.8	0000	064.8	000.0	0005	0038	+00.11	02	00	0891	08
46	0047	30	07	12	45	00446	21.5	+25.8	0000	064.8	000.0	0004	0043	+00.09	02	00	0891	08
46	0048	30	07	12	45	00448	21.5	+25.8	0000	064.8	000.0	0005	0048	+00.09	02	00	0891	08
46	0049	30	07	12	45	00446	21.5	+25.8	0000	064.8	000.0	0005	0052	+00.08	02	00	0891	08
46	0050	30	07	12	46	00447	21.5	+25.8	0000	064.8	000.0	0005	0057	+00.07	02	00	0891	08
46	0051	30	07	12	46	00451	21.6	+25.7	0000	064.9	000.0	0006	0062	+00.08	02	00	0891	08
47	0001	30	07	12	47	00460	21.6	+25.7	0000	065.4	000.0	0000	0000	+00.00	02	00	0891	08
47	0002	30	07	12	47	00460	21.6	+25.7	0000	065.4	000.0	0000	0004	+00.00	02	00	0891	08
47	0003	30	07	12	47	00460	21.6	+25.7	0000	065.4	000.0	0000	0009	+00.00	02	00	0891	08
47	0004	30	07	12	47	00464	21.6	+25.7	0000	065.4	000.0	0003	0014	+00.22	02	00	0891	08
47	0005	30	07	12	47	00464	21.6	+25.7	0000	065.4	000.0	0004	0019	+00.20	02	00	0891	08
47	0006	30	07	12	48	00469	21.6	+25.7	0000	065.3	000.0	0008	0024	+00.29	02	00	0891	08
47	0007	30	07	12	48	00470	21.6	+25.7	0000	065.3	000.0	0011	0028	+00.32	02	00	0891	08
47	0008	30	07	12	48	00472	21.6	+25.7	0000	065.3	000.0	0013	0033	+00.34	02	00	0891	08
47	0009	30	07	12	48	00472	21.6	+25.7	0000	065.3	000.0	0014	0038	+00.32	02	00	0891	08
47	0010	30	07	12	48	00476	21.6	+25.7	0000	065.3	000.0	0017	0043	+00.34	02	00	0891	08
47	0011	30	07	12	48	00475	21.6	+25.7	0000	065.3	000.0	0018	0048	+00.32	02	00	0891	08
47	0012	30	07	12	48	00478	21.6	+25.7	0000	065.3	000.0	0020	0052	+00.32	02	00	0891	08
47	0013	30	07	12	49	00485	21.6	+25.7	0000	065.3	000.0	0023	0057	+00.35	02	00	0891	08
47	0014	30	07	12	49	00483	21.6	+25.7	0000	065.3	000.0	0025	0062	+00.35	02	00	0891	08
48	0001	30	07	12	50	00526	21.9	+25.7	0000	066.3	000.0	0000	0000	+00.00	02	00	0891	08
48	0002	30	07	12	50	00537	21.9	+25.7	0000	066.3	000.0	0000	0004	+00.00	02	00	0891	08
48	0003	30	07	12	50	00555	21.9	+25.7	0000	066.3	000.0	0000	0009	+00.00	02	00	0891	08
48	0004	30	07	12	50	00567	22.1	+25.7	0000	066.3	000.0	0042	0014	+02.52	02	00	0891	08
48	0005	30	07	12	50	00580	21.9	+25.7	0000	066.3	000.0	0055	0019	+02.47	02	00	0891	08
48	0006	30	07	12	51	00599	21.9	+25.7	0000	066.3	000.0	0073	0024	+02.59	02	00	0891	08
48	0007	30	07	12	51	00609	21.9	+25.7	0000	066.3	000.0	0086	0028	+02.54	02	00	0891	08
48	0008	30	07	12	51	00623	21.9	+25.7	0000	066.3	000.0	0099	0033	+02.51	02	00	0891	08
48	0009	30	07	12	51	00634	21.9	+25.7	0000	066.3	000.0	0111	0038	+02.46	02	00	0891	08
49	0001	30	07	12	52	00482	21.8	+25.7	0000	065.8	000.0	0000	0000	+00.00	02	00	0891	08
49	0002	30	07	12	52	00488	21.9	+25.7	0000	065.9	000.0	0000	0004	+00.00	02	00	0891	08
49	0003	30	07	12	53	00493	21.8	+25.7	0000	065.9	000.0	0000	0009	+00.00	02	00	0891	08
49	0004	30	07	12	53	00497	21.8	+25.7	0000	065.9	000.0	0015	0014	+00.89	02	00	0891	08
49	0005	30	07	12	53	00505	21.7	+25.7	0000	065.9	000.0	0021	0019	+00.97	02	00	0891	08
49	0006	30	07	12	53	00510	21.7	+25.7	0000	065.9	000.0	0027	0024	+00.98	02	00	0891	08
49	0007	30	07	12	53	00511	21.7	+25.7	0000	065.9	000.0	0030	0028	+00.90	02	00	0891	08
49	0008	30	07	12	53	00514	21.7	+25.7	0000	065.8	000.0	0033	0033	+00.84	02	00	0891	08
49	0009	30	07	12	53	00515	21.9	+25.7	0000	065.9	000.0	0034	0038	+00.76	02	00	0891	08
49	0010	30	07	12	54	00515	21.9	+25.7	0000	065.9	000.0	0035	0043	+00.69	02	00	0891	08
49	0011	30	07	12	54	00518	21.8	+25.6	0000	065.9	000.0	0036	0048	+00.64	02	00	0891	08
49	0012	30	07	12	54	00520	21.9	+25.7	0000	066.0	000.0	0037	0052	+00.60	02	00	0891	08
49	0013	30	07	12	54	00523	21.9	+25.7	0000	066.0	000.0	0038	0057	+00.57	02	00	0891	08
49	0014	30	07	12	54	00518	22.0	+25.6	0000	066.0	000.0	0037	0062	+00.51	02	00	0891	08
50	0001	30	07	12	56	00417	22.1	+25.7	0000	066.8	000.0	0000	0000	+00.00	02	00	0891	08
50	0002	30	07	12	56	00428	21.8	+25.6	0000	066.6	000.0	0000	0004	+00.00	02	00	0891	08
50	0003	30	07	12	56	00439	21.9	+25.7	0000	066.5	000.0	0000	0009	+00.00	02	00	0891	08
50	0004	30	07	12	57	00450	21.9	+25.7	0000	066.4	000.0	0032	0014	+01.92	02	00	0891	08
50	0005	30	07	12	57	00457	21.9	+25.7	0000	066.4	000.0	0040	0019	+01.80	02	00	0891	08
50	0006	30	07	12	57	00468	21.9	+25.7	0000	066.4	000.0	0050	0024	+01.77	02	00	0891	08
50	0007	30	07	12	57	00476	21.9	+25.7	0000	066.4	000.0	0059	0028	+01.74	02	00	0891	08
50	0008	30	07	12	57	00481	21.9	+25.7	0000	066.4	000.0	0064	0033	+01.64	02	00	0891	08
50	0009	30	07	12	57	00492	22.1	+25.7	0000	066.4	000.0	0073	0038	+01.62	02	00	0891	08
50	0010	30	07	12	58	00500	22.1	+25.7	0000	066.4	000.0	0081	0043	+01.59	02	00	0891	08
50	0011	30	07	12	58	00506	22.1	+25.8	0000	066.5	000.0	0088	0048	+01.55	02	00	0891	08
50	0012	30	07	12	58	00514	22.1	+25.8	0000	066.5	000.0	0095	0052	+01.53	02	00	0891	08
50	0013	30	07	12	58	00523	22.1	+25.8	0000	066.5	000.0	0102	0057	+01.51	02	00	0891	08
51	0001	30	07	12	59	00423	22.2	+25.8	0000	066.8	000.0	0000	0000	+00.00	02	00	0891	08
51	0002	30	07	12	59	00429	22.2	+25.8	0000	066.8	000.0	0000	0004	+00.00	02	00	0891	08
51	0003	30	07	12	59	00436	22.3	+25.9	0000	066.8	000.0	0000	0009	+00.00	02	00	0891	08
51	0004	30	07	13	00	00443	22.3	+25.9	0000	066.8	000.0	0020	0014	+01.19	02	00	0891	08
51	0005	30	07	13	00	00448	22.1	+25.9	0000	066.7	000.0	0025	0019	+01.11	02	00	0891	08
51	0006	30	07	13	00	00454	22.3	+25.9	0000	066.7	000.0	0031	0024	+01.10	02	00	0891	08
51	0007	30	07	13	00	00460	22.3	+25.9	0000	066.7	000.0	0036	0028	+01.08	02	00	0891	08
51	0008	30	07	13	00	00465	22.4	+25.9	0000	066.7	000.0	0042	0033	+01.06	02	00	0891	08
51	0009	30	07	13	00	00472	22.2	+25.9	0000	066.7	000.0	0048	0038	+01.06	02	00	0891	08
51	0010	30	07	13	01	00478	22.3	+26.0	0000	066.6	000.0	0054	0043	+01.06	02	00	0891	08
51	0011	30	07	13	01	00480	22.3	+26.0	0000	066.6	000.0	0058	0048	+01.03	02	00	0890	08
51	0012	30	07	13	01	00488	22.3	+26.0	0000	066.6	000.0	0064	0052	+01.03	02	00	0891	08
51	0013	30	07	13	01	00491	22.3	+26.0	0000	066.6	000.0	0068	0057	+01.01	02	00	0891	08
51	0014	30	07	13	01	00497	22.3	+26.0	0000	066.6	000.0	0073	0062	+01.00	02	00	0891	08
52	0001	30	07	13	03	00470	22.6	+26.1	0000	066.8	000.0	0000	0000	+00.00	02	00	0891	08
52	0002	30	07	13	03	00482	22.6	+26.1	0000	066.8	000.0	0000	0004	+00.00	02	00	0891	08
52	0003	30	07	13	03	00495	22.6	+26.1	0000	066.8	000.0	0000	0009	+00.00	02	00	0891	08
52	0004	30	07	13	03	00510	22.6	+26.1	0000	066.8	000.0	0039	0014	+02.31	02	00	0891	08
52	0005	30	07	13	03	00520	22.7	+26.2	0000	066.9	000.0	0050	0019	+02.25	02	00	0891	08
52	0006	30	07	13	04	00530	22.6	+26.1	0000	066.9	000.0	0060	0024	+02.14	02	00	0890	08
52	0007	30	07	13	04	00531	22.5	+26.1	0000	066.8	000.0	0064	0028	+01.90	02	00	0891	08
52	0008	30	07	13	04	00539	22.5	+26.1	0000	066.8	000.0	0070	0033	+01.77	02	00	0890	08
52	0009	30	07	13	04	00550	22.4	+26.1	0000	066.7	000.0	0077	0038	+01.72	02	00	0891	08
52	0010	30	07	13	04	00558	22.5	+26.1	0000	066.7	000.0	0085	0043	+01.67	02	00	0890	08
52	0011	30	07	13	04	00568	22.4	+26.1	0000	066.6	000.0	0093	0048	+01.65	02	00	0891	08
52	0012	30	07	13	04	00575	22.4	+26.1	0000	066.6	000.0	0101	0052	+01.62	02	00	0891	08
53	0001	30	07	13	05	00478	22.7	+26.2	0000	066.8	000.0	0000	0000	+00.00	02	00	0890	08
53	0002	30	07	13	05	00491	22.7	+26.2	0000	066.8	000.0	0000	0004	+00.00	02	00	0891	08
53	0003	30	07	13	06	00499	22.7	+26.2	0000	066.8	000.0	0000	0009	+00.00	02	00	0891	08
53	0004	30	07	13	06	00508	22.7	+26.2	0000	066.8	000.0	0029	0014	+01.73	02	00	0891	08
53	0005	30	07	13	06	00518	22.7	+26.2	0000	066.8	000.0	0038	0019	+01.71	02	00	0891	08
53	0006	30	07	13	06	00521	22.8	+26.2	0000	066.8	000.0	0043	0024	+01.55	02	00	0891	08
53	0007	30	07	13	06	00527	22.8	+26.2	0000	066.8	000.0	0048	0028	+01.44	02	00	0891	08
53	0008	30	07	13	06	00530	22.9	+26.3	0000	066.9	000.0	0052	0033	+01.32	02	00	0891	08
53	0009	30	07	13	07	00535	22.9	+26.3	0000	066.9	000.0	0055	0038	+01.23	02	00	0891	08
53	0010	30	07	13	07	00538	22.9	+26.3	0000	066.9	000.0	0058	0043	+01.15	02	00	0891	08
53	0011	30	07	13	07	00544	22.9	+26.3	0000	066.9	000.0	0062	0048	+01.10	02	00	0891	08
53	0012	30	07	13	07	00554	22.9	+26.3	0000	066.9	000.0	0068	0052	+01.09	02	00	0891	08
53	0013	30	07	13	07	00560	22.9	+26.3	0000	066.9	000.0	0074	0057	+01.09	02	00	0891	08
53	0014	30	07	13	07	00563	23.1	+26.4	0000	066.9	000.0	0078	0062	+01.07	02	00	0891	08
54	0001	30	07	13	09	00451	22.8	+26.5	0000	066.0	000.0	0000	0000	+00.00	02	00	0890	08
54	0002	30	07	13	09	00470	22.7	+26.5	0000	065.6	000.0	0000	0004	+00.00	02	00	0890	08
54	0003	30	07	13	09	00491	22.7	+26.5	0000	065.6	000.0	0000	0009	+00.00	02	00	0890	08
54	0004	30	07	13	09	00506	22.5	+26.5	0000	065.5	000.0	0056	0014	+03.30	02	00	0890	08
54	0005	30	07	13	09	00525	22.5	+26.5	0000	065.4	000.0	0073	0019	+03.25	02	00	0890	08
54	0006	30	07	13	09	00539	22.5	+26.5	0000	065.3	000.0	0088	0024	+03.14	02	00	0890	08
54	0007	30	07	13	09	00559	22.5	+26.5	0000	065.3	000.0	0106	0028	+03.14	02	00	0890	08
55	0001	30	07	13	10	00439	22.3	+26.6	0000	064.1	000.0	0000	0000	+00.00	02	00	0890	08
55	0002	30	07	13	11	00450	22.3	+26.6	0000	064.1	000.0	0000	0004	+00.00	02	00	0890	08
55	0003	30	07	13	11	00455	22.3	+26.6	0000	064.1	000.0	0000	0009	+00.00	02	00	0890	08
55	0004	30	07	13	11	00466	22.4	+26.6	0000	064.1	000.0	0025	0014	+01.52	02	00	0890	08
55	0005	30	07	13	11	00474	22.2	+26.6	0000	064.0	000.0	0034	0019	+01.52	02	00	0890	08
55	0006	30	07	13	11	00484	22.2	+26.6	0000	063.9	000.0	0043	0024	+01.53	02	00	0890	08
55	0007	30	07	13	11	00488	22.3	+26.7	0000	063.9	000.0	0049	0028	+01.45	02	00	0890	08
55	0008	30	07	13	11	00498	22.2	+26.6	0000	063.9	000.0	0057	0033	+01.44	02	00	0890	08
55	0009	30	07	13	12	00506	22.3	+26.7	0000	063.8	000.0	0065	0038	+01.44	02	00	0890	08
55	0010	30	07	13	12	00514	22.2	+26.6	0000	063.8	000.0	0073	0043	+01.44	02	00	0890	08
55	0011	30	07	13	12	00518	22.3	+26.7	0000	063.8	000.0	0079	0048	+01.40	02	00	0890	08
55	0012	30	07	13	12	00527	22.2	+26.6	0000	063.8	000.0	0086	0052	+01.39	02	00	0890	08
55	0013	30	07	13	12	00534	22.3	+26.7	0000	063.8	000.0	0093	0057	+01.37	02	00	0890	08
55	0014	30	07	13	12	00538	22.3	+26.7	0000	063.7	000.0	0099	0062	+01.35	02	00	0890	08
56	0001	30	07	13	13	00455	22.1	+26.7	0000	063.1	000.0	0000	0000	+00.00	02	00	0890	08
56	0002	30	07	13	13	00460	22.1	+26.7	0000	063.1	000.0	0000	0004	+00.00	02	00	0890	08
56	0003	30	07	13	14	00464	22.1	+26.7	0000	063.1	000.0	0000	0009	+00.00	02	00	0891	08
56	0004	30	07	13	14	00467	22.1	+26.7	0000	063.1	000.0	0012	0014	+00.75	02	00	0891	08
56	0005	30	07	13	14	00472	22.1	+26.7	0000	063.1	000.0	0017	0019	+00.75	02	00	0891	08
56	0006	30	07	13	14	00477	22.0	+26.7	0000	063.0	000.0	0021	0024	+00.77	02	00	0890	08
56	0007	30	07	13	14	00481	22.1	+26.7	0000	063.0	000.0	0026	0028	+00.77	02	00	0891	08
56	0008	30	07	13	14	00486	21.9	+26.7	0000	062.9	000.0	0030	0033	+00.77	02	00	0891	08
56	0009	30	07	13	15	00488	22.2	+26.7	0000	062.9	000.0	0034	0038	+00.75	02	00	0891	08
56	0010	30	07	13	15	00498	22.2	+26.7	0000	062.9	000.0	0040	0043	+00.79	02	00	0890	08
56	0011	30	07	13	15	00502	22.2	+26.7	0000	063.0	000.0	0046	0048	+00.81	02	00	0891	08
56	0012	30	07	13	15	00506	22.1	+26.7	0000	063.0	000.0	0051	0052	+00.82	02	00	0890	08
56	0013	30	07	13	15	00509	22.1	+26.7	0000	063.0	000.0	0055	0057	+00.81	02	00	0891	08
56	0014	30	07	13	15	00511	22.3	+26.7	0000	063.0	000.0	0059	0062	+00.80	02	00	0890	08
57	0001	30	07	13	17	00442	22.0	+26.8	0000	062.7	000.0	0000	0000	+00.00	02	00	0890	08
57	0002	30	07	13	17	00448	22.0	+26.7	0000	062.7	000.0	0000	0004	+00.00	02	00	0890	08
57	0003	30	07	13	17	00458	22.0	+26.7	0000	062.7	000.0	0000	0009	+00.00	02	00	0890	08
57	0004	30	07	13	17	00468	21.9	+26.7	0000	062.7	000.0	0026	0014	+01.55	02	00	0890	08
57	0005	30	07	13	17	00475	21.9	+26.7	0000	062.7	000.0	0034	0019	+01.51	02	00	0890	08
57	0006	30	07	13	18	00483	21.9	+26.7	0000	062.7	000.0	0042	0024	+01.50	02	00	0890	08
57	0007	30	07	13	18	00489	21.9	+26.7	0000	062.7	000.0	0049	0028	+01.44	02	00	0890	08
57	0008	30	07	13	18	00494	21.9	+26.7	0000	062.7	000.0	0054	0033	+01.38	02	00	0891	08
57	0009	30	07	13	18	00505	21.9	+26.7	0000	062.7	000.0	0062	0038	+01.38	02	00	0890	08
57	0010	30	07	13	18	00509	22.1	+26.7	0000	062.7	000.0	0068	0043	+01.35	02	00	0891	08
57	0011	30	07	13	18	00513	22.0	+26.6	0000	062.7	000.0	0073	0048	+01.30	02	00	0890	08
57	0012	30	07	13	18	00521	22.1	+26.7	0000	062.8	000.0	0080	0052	+01.28	02	00	0890	08
57	0013	30	07	13	19	00529	21.9	+26.7	0000	062.8	000.0	0086	0057	+01.27	02	00	0891	08
57	0014	30	07	13	19	00532	22.1	+26.7	0000	062.8	000.0	0091	0062	+01.24	02	00	0890	08
58	0001	30	07	13	20	00422	22.0	+26.8	0000	062.7	000.0	0000	0000	+00.00	02	00	0890	08
58	0002	30	07	13	20	00419	22.0	+26.8	0000	062.7	000.0	0000	0004	+00.00	02	00	0890	08
58	0003	30	07	13	20	00418	22.0	+26.8	0000	062.7	000.0	0000	0009	+00.00	02	00	0890	08
58	0004	30	07	13	21	00420	22.3	+26.8	0000	062.9	000.0	0002	0014	-00.11	02	01	0890	08
58	0005	30	07	13	21	00422	22.2	+26.8	0000	062.9	000.0	0000	0019	+00.02	02	00	0891	08
58	0006	30	07	13	21	00424	22.3	+26.8	0000	063.0	000.0	0003	0024	+00.11	02	00	0891	08
58	0007	30	07	13	21	00427	22.4	+26.8	0000	063.0	000.0	0006	0028	+00.18	02	00	0890	08
58	0008	30	07	13	21	00428	22.4	+26.8	0000	063.1	000.0	0008	0033	+00.22	02	00	0891	08
58	0009	30	07	13	21	00430	22.4	+26.8	0000	063.2	000.0	0011	0038	+00.24	02	00	0890	08
58	0010	30	07	13	21	00433	22.5	+26.8	0000	063.2	000.0	0013	0043	+00.27	02	00	0890	08
58	0011	30	07	13	22	00438	22.3	+26.8	0000	063.3	000.0	0017	0048	+00.31	02	00	0891	08
58	0012	30	07	13	22	00443	22.3	+26.8	0000	063.2	000.0	0022	0052	+00.35	02	00	0890	08
58	0013	30	07	13	22	00448	22.3	+26.8	0000	063.2	000.0	0027	0057	+00.40	02	00	0891	08
58	0014	30	07	13	22	00451	22.3	+26.8	0000	063.2	000.0	0031	0062	+00.43	02	00	0891	08
59	0001	30	07	13	23	00451	22.4	+26.9	0000	063.2	000.0	0000	0000	+00.00	02	00	0890	08
59	0002	30	07	13	23	00462	22.5	+26.9	0000	063.4	000.0	0000	0004	+00.00	02	00	0890	08
59	0003	30	07	13	23	00467	22.4	+26.9	0000	063.3	000.0	0000	0009	+00.00	02	00	0891	08
59	0004	30	07	13	23	00477	22.4	+26.9	0000	063.3	000.0	0024	0014	+01.42	02	00	0891	08
59	0005	30	07	13	24	00486	22.4	+26.9	0000	063.3	000.0	0033	0019	+01.47	02	00	0890	08
59	0006	30	07	13	24	00492	22.4	+26.9	0000	063.2	000.0	0040	0024	+01.44	02	00	0890	08
59	0007	30	07	13	24	00501	22.4	+26.9	0000	063.2	000.0	0048	0028	+01.44	02	00	0891	08
59	0008	30	07	13	24	00511	22.4	+26.9	0000	063.2	000.0	0057	0033	+01.46	02	00	0890	08
59	0009	30	07	13	24	00518	22.4	+26.9	0000	063.2	000.0	0066	0038	+01.46	02	00	0890	08
59	0010	30	07	13	24	00526	22.4	+26.9	0000	063.2	000.0	0074	0043	+01.45	02	00	0890	08
59	0011	30	07	13	24	00534	22.6	+26.9	0000	063.3	000.0	0082	0048	+01.45	02	00	0890	08
59	0012	30	07	13	25	00544	22.6	+26.9	0000	063.3	000.0	0091	0052	+01.46	02	00	0890	08
59	0013	30	07	13	25	00553	22.6	+26.9	0000	063.3	000.0	0100	0057	+01.48	02	00	0891	08
60	0001	30	07	13	26	00475	22.3	+26.9	0000	062.7	000.0	0000	0000	+00.00	02	00	0891	08
60	0002	30	07	13	26	00482	22.3	+26.9	0000	062.7	000.0	0000	0004	+00.00	02	00	0891	08
60	0003	30	07	13	27	00490	22.3	+26.9	0000	062.8	000.0	0000	0009	+00.00	02	00	0890	08
60	0004	30	07	13	27	00491	22.5	+27.0	0000	062.8	000.0	0016	0014	+00.98	02	00	0890	08
60	0005	30	07	13	27	00498	22.3	+27.0	0000	062.8	000.0	0021	0019	+00.95	02	00	0890	08
60	0006	30	07	13	27	00500	22.4	+26.9	0000	062.9	000.0	0024	0024	+00.88	02	00	0891	08
60	0007	30	07	13	27	00505	22.6	+26.9	0000	062.9	000.0	0028	0028	+00.84	02	00	0890	08
60	0008	30	07	13	27	00510	22.6	+26.9	0000	063.0	000.0	0032	0033	+00.83	02	00	0890	08
60	0009	30	07	13	28	00515	22.8	+27.0	0000	063.1	000.0	0037	0038	+00.83	02	00	0890	08
60	0010	30	07	13	28	00517	22.8	+27.0	0000	063.2	000.0	0040	0043	+00.81	02	00	0890	08
60	0011	30	07	13	28	00520	22.8	+27.0	0000	063.3	000.0	0044	0048	+00.78	02	00	0891	08
60	0012	30	07	13	28	00519	22.8	+27.0	0000	063.4	000.0	0045	0052	+00.73	02	00	0890	08
60	0013	30	07	13	28	00527	22.8	+27.0	0000	063.5	000.0	0048	0057	+00.72	02	00	0890	08
60	0014	30	07	13	28	00534	22.8	+27.0	0000	063.5	000.0	0053	0062	+00.73	02	00	0890	08
61	0001	30	07	13	29	00448	22.9	+27.0	0000	064.2	000.0	0000	0000	+00.00	02	00	0890	08
61	0002	30	07	13	30	00450	22.9	+27.0	0000	064.2	000.0	0000	0004	+00.00	02	00	0891	08
61	0003	30	07	13	30	00453	22.9	+27.0	0000	064.2	000.0	0000	0009	+00.00	02	00	0890	08
61	0004	30	07	13	30	00454	22.9	+27.0	0000	064.2	000.0	0006	0014	+00.39	02	00	0890	08
61	0005	30	07	13	30	00460	22.9	+27.0	0000	064.2	000.0	0011	0019	+00.49	02	00	0891	08
61	0006	30	07	13	30	00460	22.9	+27.0	0000	064.2	000.0	0013	0024	+00.47	02	00	0890	08
61	0007	30	07	13	30	00462	22.9	+27.0	0000	064.2	000.0	0015	0028	+00.45	02	00	0891	08
61	0008	30	07	13	30	00467	22.9	+27.0	0000	064.2	000.0	0018	0033	+00.48	02	00	0891	08
61	0009	30	07	13	31	00473	22.9	+27.0	0000	064.2	000.0	0023	0038	+00.52	02	00	0891	08
61	0010	30	07	13	31	00477	23.1	+27.0	0000	064.2	000.0	0028	0043	+00.55	02	00	0891	08
61	0011	30	07	13	31	00479	23.0	+27.1	0000	064.2	000.0	0032	0048	+00.57	02	00	0890	08
61	0012	30	07	13	31	00485	23.1	+27.0	0000	064.2	000.0	0037	0052	+00.59	02	00	0890	08
61	0013	30	07	13	31	00489	23.2	+27.1	0000	064.2	000.0	0041	0057	+00.61	02	00	0890	08
61	0014	30	07	13	31	00489	23.2	+27.1	0000	064.3	000.0	0044	0062	+00.61	02	00	0890	08
62	0001	30	07	13	33	00559	22.7	+27.1	0000	063.2	000.0	0000	0000	+00.00	02	00	0890	08
62	0002	30	07	13	33	00598	22.6	+27.0	0000	063.2	000.0	0000	0004	+00.00	02	00	0890	08
62	0003	30	07	13	33	00631	22.6	+27.0	0000	063.2	000.0	0000	0009	+00.00	02	00	0891	08
62	0004	30	07	13	33	00664	22.6	+27.0	0000	063.2	000.0	0104	0014	+06.15	02	00	0890	08
63	0001	30	07	13	34	00488	22.8	+27.1	0000	063.7	000.0	0000	0000	+00.00	02	00	0890	08
63	0002	30	07	13	34	00497	22.6	+27.0	0000	063.4	000.0	0000	0004	+00.00	02	00	0890	08
63	0003	30	07	13	35	00507	22.8	+27.0	0000	063.5	000.0	0000	0009	+00.00	02	00	0890	08
63	0004	30	07	13	35	00522	22.7	+27.1	0000	063.4	000.0	0033	0014	+01.98	02	00	0891	08
63	0005	30	07	13	35	00526	22.6	+27.0	0000	063.4	000.0	0040	0019	+01.77	02	00	0891	08
63	0006	30	07	13	35	00539	22.7	+27.1	0000	063.3	000.0	0050	0024	+01.78	02	00	0891	08
63	0007	30	07	13	35	00544	22.6	+27.0	0000	063.3	000.0	0057	0028	+01.69	02	00	0891	08
63	0008	30	07	13	35	00547	22.6	+27.0	0000	063.3	000.0	0061	0033	+01.55	02	00	0891	08
63	0009	30	07	13	36	00552	22.6	+27.0	0000	063.3	000.0	0065	0038	+01.45	02	00	0890	08
63	0010	30	07	13	36	00560	22.7	+27.1	0000	063.3	000.0	0071	0043	+01.39	02	00	0890	08
63	0011	30	07	13	36	00561	22.7	+27.1	0000	063.3	000.0	0074	0048	+01.31	02	00	0890	08
63	0012	30	07	13	36	00563	22.6	+27.0	0000	063.3	000.0	0076	0052	+01.22	02	00	0890	08
63	0013	30	07	13	36	00569	22.8	+27.0	0000	063.3	000.0	0079	0057	+01.16	02	00	0890	08
63	0014	30	07	13	36	00570	22.8	+27.1	0000	063.3	000.0	0081	0062	+01.10	02	00	0890	08
64	0001	30	07	13	38	00511	22.7	+27.1	0000	063.2	000.0	0000	0000	+00.00	02	00	0890	08
64	0002	30	07	13	38	00544	22.6	+27.0	0000	063.2	000.0	0000	0004	+00.00	02	00	0890	08
64	0003	30	07	13	39	00582	22.8	+27.1	0000	063.4	000.0	0000	0009	+00.00	02	00	0890	08
64	0004	30	07	13	39	00597	22.8	+27.1	0000	063.5	000.0	0089	0014	+05.26	02	00	0890	08
64	0005	30	07	13	39	00621	22.8	+27.0	0000	063.5	000.0	0109	0019	+04.82	02	00	0891	08
65	0001	30	07	13	40	00477	22.7	+27.0	0000	063.7	000.0	0000	0000	+00.00	02	00	0890	08
65	0002	30	07	13	40	00510	22.8	+27.0	0000	063.7	000.0	0000	0004	+00.00	02	00	0890	08
65	0003	30	07	13	40	00547	22.7	+27.0	0000	063.7	000.0	0000	0009	+00.00	02	00	0890	08
65	0004	30	07	13	41	00572	22.7	+27.0	0000	063.7	000.0	0096	0014	+05.67	02	00	0890	08
65	0005	30	07	13	41	00607	22.7	+27.0	0000	063.7	000.0	0128	0019	+05.69	02	00	0891	08
66	0001	30	07	13	42	00443	22.5	+27.0	0000	063.2	000.0	0000	0000	+00.00	02	00	0890	08
66	0002	30	07	13	42	00444	22.5	+27.0	0000	063.2	000.0	0000	0004	+00.00	02	00	0890	08
66	0003	30	07	13	42	00450	22.7	+27.0	0000	063.3	000.0	0000	0009	+00.00	02	00	0890	08
66	0004	30	07	13	42	00457	22.7	+27.0	0000	063.4	000.0	0015	0014	+00.88	02	00	0891	08
66	0005	30	07	13	42	00464	22.7	+27.0	0000	063.5	000.0	0022	0019	+01.00	02	00	0890	08
66	0006	30	07	13	43	00470	22.7	+27.0	0000	063.5	000.0	0029	0024	+01.03	02	00	0890	08
66	0007	30	07	13	43	00473	22.7	+27.0	0000	063.5	000.0	0033	0028	+00.99	02	00	0890	08
66	0008	30	07	13	43	00482	22.7	+27.0	0000	063.6	000.0	0040	0033	+01.01	02	00	0890	08
66	0009	30	07	13	43	00485	22.7	+27.0	0000	063.6	000.0	0045	0038	+01.00	02	00	0890	08
66	0010	30	07	13	43	00489	22.7	+27.0	0000	063.6	000.0	0049	0043	+00.98	02	00	0890	08
66	0011	30	07	13	43	00498	22.7	+27.0	0000	063.6	000.0	0056	0048	+00.99	02	00	0890	08
66	0012	30	07	13	43	00503	22.8	+27.0	0000	063.6	000.0	0061	0052	+00.99	02	00	0891	08
66	0013	30	07	13	44	00508	22.8	+27.0	0000	063.7	000.0	0067	0057	+00.99	02	00	0890	08
66	0014	30	07	13	44	00515	22.7	+27.0	0000	063.7	000.0	0073	0062	+00.99	02	00	0890	08
67	0001	30	07	13	45	00472	22.7	+27.0	0000	063.7	000.0	0000	0000	+00.00	02	00	0890	08
67	0002	30	07	13	45	00490	22.7	+27.0	0000	063.7	000.0	0000	0004	+00.00	02	00	0890	08
67	0003	30	07	13	45	00496	22.7	+27.0	0000	063.7	000.0	0000	0009	+00.00	02	00	0890	08
67	0004	30	07	13	45	00511	22.4	+26.9	0000	063.6	000.0	0036	0014	+02.14	02	00	0890	08
67	0005	30	07	13	45	00516	22.4	+26.9	0000	063.6	000.0	0043	0019	+01.93	02	00	0890	08
67	0006	30	07	13	45	00526	22.6	+26.9	0000	063.5	000.0	0051	0024	+01.83	02	00	0890	08
67	0007	30	07	13	46	00537	22.6	+26.9	0000	063.6	000.0	0061	0028	+01.81	02	00	0890	08
67	0008	30	07	13	46	00545	22.7	+27.0	0000	063.6	000.0	0069	0033	+01.76	02	00	0891	08
67	0009	30	07	13	46	00558	22.8	+27.0	0000	063.6	000.0	0080	0038	+01.78	02	00	0891	08
67	0010	30	07	13	46	00568	22.9	+27.0	0000	063.7	000.0	0091	0043	+01.79	02	00	0891	08
67	0011	30	07	13	46	00579	22.8	+27.0	0000	063.7	000.0	0101	0048	+01.80	02	00	0890	08
68	0001	30	07	13	48	00566	22.9	+27.0	0000	064.2	000.0	0000	0000	+00.00	02	00	0890	08
68	0002	30	07	13	48	00575	22.7	+27.0	0000	064.0	000.0	0000	0004	+00.00	02	00	0890	08
68	0003	30	07	13	48	00590	22.9	+27.0	0000	064.0	000.0	0000	0009	+00.00	02	00	0890	08
68	0004	30	07	13	48	00596	22.9	+27.0	0000	064.1	000.0	0031	0014	+01.87	02	00	0891	08
68	0005	30	07	13	49	00610	22.9	+27.0	0000	064.1	000.0	0043	0019	+01.94	02	00	0890	08
68	0006	30	07	13	49	00628	22.9	+27.0	0000	064.1	000.0	0060	0024	+02.14	02	00	0891	08
68	0007	30	07	13	49	00633	22.9	+27.0	0000	064.1	000.0	0070	0028	+02.07	02	00	0890	08
68	0008	30	07	13	49	00640	22.9	+27.0	0000	064.2	000.0	0078	0033	+01.97	02	00	0890	08
68	0009	30	07	13	49	00651	23.1	+27.0	0000	064.2	000.0	0086	0038	+01.92	02	00	0890	08
68	0010	30	07	13	49	00663	23.1	+27.0	0000	064.3	000.0	0097	0043	+01.90	02	00	0891	08
68	0011	30	07	13	50	00672	22.9	+27.0	0000	064.3	000.0	0106	0048	+01.88	02	00	0891	08
69	0001	30	07	13	50	00526	23.0	+27.1	0000	064.2	000.0	0000	0000	+00.00	02	00	0891	08
69	0002	30	07	13	51	00532	23.0	+27.1	0000	064.2	000.0	0000	0004	+00.00	02	00	0890	08
69	0003	30	07	13	51	00547	23.0	+27.1	0000	064.2	000.0	0000	0009	+00.00	02	00	0890	08
69	0004	30	07	13	51	00553	23.0	+27.1	0000	064.2	000.0	0028	0014	+01.67	02	00	0891	08
69	0005	30	07	13	51	00563	23.0	+27.1	0000	064.2	000.0	0037	0019	+01.65	02	00	0890	08
69	0006	30	07	13	51	00573	23.0	+27.1	0000	064.2	000.0	0047	0024	+01.68	02	00	0890	08
69	0007	30	07	13	51	00581	23.0	+27.1	0000	064.2	000.0	0056	0028	+01.65	02	00	0890	08
69	0008	30	07	13	52	00587	23.0	+27.1	0000	064.2	000.0	0063	0033	+01.59	02	00	0890	08
69	0009	30	07	13	52	00594	23.0	+27.1	0000	064.2	000.0	0069	0038	+01.54	02	00	0890	08
69	0010	30	07	13	52	00602	23.0	+27.1	0000	064.2	000.0	0076	0043	+01.50	02	00	0890	08
69	0011	30	07	13	52	00610	23.0	+27.1	0000	064.2	000.0	0084	0048	+01.48	02	00	0891	08
69	0012	30	07	13	52	00618	23.0	+27.1	0000	064.2	000.0	0091	0052	+01.47	02	00	0890	08
69	0013	30	07	13	52	00620	23.0	+27.1	0000	064.2	000.0	0096	0057	+01.42	02	00	0890	08
69	0014	30	07	13	52	00628	23.2	+27.1	0000	064.2	000.0	0102	0062	+01.39	02	00	0890	08
70	0001	30	07	13	54	00511	22.7	+27.1	0000	063.2	000.0	0000	0000	+00.00	02	00	0891	08
70	0002	30	07	13	54	00516	22.7	+27.1	0000	063.2	000.0	0000	0004	+00.00	02	00	0890	08
70	0003	30	07	13	54	00519	22.7	+27.1	0000	063.2	000.0	0000	0009	+00.00	02	00	0890	08
70	0004	30	07	13	54	00524	22.6	+27.0	0000	063.2	000.0	0013	0014	+00.76	02	00	0890	08
70	0005	30	07	13	55	00529	22.5	+27.1	0000	063.1	000.0	0018	0019	+00.79	02	00	0890	08
70	0006	30	07	13	55	00533	22.4	+27.0	0000	063.0	000.0	0022	0024	+00.78	02	00	0890	08
70	0007	30	07	13	55	00537	22.4	+27.0	0000	063.0	000.0	0026	0028	+00.77	02	00	0890	08
70	0008	30	07	13	55	00541	22.4	+27.0	0000	062.9	000.0	0030	0033	+00.76	02	00	0890	08
70	0009	30	07	13	55	00547	22.4	+27.0	0000	062.9	000.0	0035	0038	+00.78	02	00	0890	08
70	0010	30	07	13	55	00548	22.4	+27.0	0000	062.9	000.0	0038	0043	+00.75	02	00	0890	08
70	0011	30	07	13	55	00554	22.5	+27.0	0000	062.9	000.0	0042	0048	+00.75	02	00	0890	08
70	0012	30	07	13	56	00555	22.7	+27.1	0000	063.0	000.0	0045	0052	+00.73	02	00	0890	08
70	0013	30	07	13	56	00558	22.7	+27.0	0000	063.0	000.0	0048	0057	+00.71	02	00	0890	08
70	0014	30	07	13	56	00562	22.7	+27.0	0000	063.0	000.0	0051	0062	+00.70	02	00	0890	08
71	0001	30	07	13	57	00441	22.8	+27.0	0000	063.7	000.0	0000	0000	+00.00	02	00	0890	08
71	0002	30	07	13	57	00449	22.8	+27.0	0000	063.7	000.0	0000	0004	+00.00	02	00	0890	08
71	0003	30	07	13	57	00460	22.8	+27.0	0000	063.7	000.0	0000	0009	+00.00	02	00	0891	08
71	0004	30	07	13	57	00472	22.8	+27.0	0000	063.7	000.0	0031	0014	+01.84	02	00	0890	08
71	0005	30	07	13	57	00482	22.8	+27.0	0000	063.7	000.0	0041	0019	+01.84	02	00	0890	08
71	0006	30	07	13	58	00492	22.8	+27.0	0000	063.7	000.0	0052	0024	+01.85	02	00	0890	08
71	0007	30	07	13	58	00502	22.8	+27.0	0000	063.7	000.0	0062	0028	+01.84	02	00	0890	08
71	0008	30	07	13	58	00508	22.8	+27.0	0000	063.7	000.0	0070	0033	+01.77	02	00	0890	08
71	0009	30	07	13	58	00517	22.9	+27.0	0000	063.8	000.0	0078	0038	+01.73	02	00	0890	08
71	0010	30	07	13	58	00524	22.9	+27.0	0000	063.8	000.0	0085	0043	+01.68	02	00	0890	08
71	0011	30	07	13	58	00532	22.9	+27.0	0000	063.9	000.0	0092	0048	+01.64	02	00	0890	08
71	0012	30	07	13	59	00541	23.0	+27.1	0000	063.9	000.0	0100	0052	+01.61	02	00	0890	08
72	0001	30	07	14	00	00405	23.0	+27.1	0000	064.2	000.0	0000	0000	+00.00	02	00	0890	08
72	0002	30	07	14	00	00407	22.9	+27.0	0000	064.2	000.0	0000	0004	+00.00	02	00	0890	08
72	0003	30	07	14	00	00412	23.0	+27.1	0000	064.2	000.0	0000	0009	+00.00	02	00	0890	08
72	0004	30	07	14	00	00418	22.8	+27.1	0000	064.1	000.0	0013	0014	+00.78	02	00	0890	08
72	0005	30	07	14	01	00424	22.8	+27.0	0000	064.0	000.0	0019	0019	+00.87	02	00	0890	08
72	0006	30	07	14	01	00435	22.7	+27.1	0000	063.9	000.0	0029	0024	+01.05	02	00	0890	08
72	0007	30	07	14	01	00438	22.7	+27.1	0000	063.8	000.0	0036	0028	+01.07	02	00	0890	08
72	0008	30	07	14	01	00446	22.7	+27.1	0000	063.7	000.0	0043	0033	+01.10	02	00	0890	08
72	0009	30	07	14	01	00451	22.7	+27.1	0000	063.6	000.0	0049	0038	+01.10	02	00	0890	08
72	0010	30	07	14	01	00459	22.6	+27.0	0000	063.6	000.0	0056	0043	+01.11	02	00	0890	08
72	0011	30	07	14	02	00465	22.7	+27.1	0000	063.6	000.0	0063	0048	+01.12	02	00	0890	08
72	0012	30	07	14	02	00472	22.7	+27.1	0000	063.5	000.0	0070	0052	+01.13	02	00	0890	08
72	0013	30	07	14	02	00478	22.7	+27.1	0000	063.5	000.0	0077	0057	+01.13	02	00	0890	08
72	0014	30	07	14	02	00481	22.7	+27.1	0000	063.5	000.0	0082	0062	+01.11	02	00	0890	08
73	0001	30	07	14	04	00432	23.0	+27.1	0000	064.2	000.0	0000	0000	+00.00	02	00	0890	08
73	0002	30	07	14	04	00436	22.9	+27.2	0000	064.1	000.0	0000	0004	+00.00	02	00	0890	08
73	0003	30	07	14	04	00439	23.0	+27.1	0000	064.1	000.0	0000	0009	+00.00	02	00	0890	08
73	0004	30	07	14	04	00442	23.1	+27.2	0000	064.1	000.0	0009	0014	+00.57	02	00	0890	08
73	0005	30	07	14	04	00450	22.8	+27.1	0000	064.1	000.0	0017	0019	+00.75	02	00	0890	08
73	0006	30	07	14	04	00452	23.0	+27.1	0000	064.1	000.0	0020	0024	+00.73	02	00	0889	08
73	0007	30	07	14	04	00457	23.0	+27.1	0000	064.1	000.0	0025	0028	+00.75	02	00	0890	08
73	0008	30	07	14	05	00462	23.0	+27.1	0000	064.1	000.0	0030	0033	+00.75	02	00	0890	08
73	0009	30	07	14	05	00465	23.2	+27.1	0000	064.2	000.0	0034	0038	+00.75	02	00	0889	08
73	0010	30	07	14	05	00471	23.2	+27.1	0000	064.2	000.0	0039	0043	+00.77	02	00	0890	08
73	0011	30	07	14	05	00476	23.2	+27.1	0000	064.2	000.0	0044	0048	+00.78	02	00	0890	08
73	0012	30	07	14	05	00480	23.3	+27.2	0000	064.3	000.0	0049	0052	+00.79	02	00	0890	08
73	0013	30	07	14	05	00484	23.2	+27.1	0000	064.3	000.0	0053	0057	+00.78	02	00	0890	08
73	0014	30	07	14	06	00492	23.2	+27.1	0000	064.3	000.0	0059	0062	+00.80	02	00	0890	08
01	0002	30	07	15	08	00493	21.9	+25.7	0000	066.3	000.0	0000	0000	+00.00	00	00	0891	08
01	0003	30	07	15	09	00523	22.0	+25.8	0000	066.3	000.0	0000	0004	+00.00	00	00	0891	08
01	0004	30	07	15	09	00557	22.0	+25.8	0000	066.3	000.0	0000	0009	+00.00	00	00	0891	08
01	0005	30	07	15	09	00585	22.0	+25.8	0000	066.3	000.0	0092	0014	+05.47	02	00	0890	08
01	0006	30	07	15	09	00612	22.0	+25.8	0000	066.3	000.0	0119	0019	+05.30	02	00	0891	08
02	0001	30	07	15	10	00709	22.1	+25.9	0000	066.3	000.0	0000	0000	+00.00	02	00	0891	08
02	0002	30	07	15	10	00750	22.1	+25.9	0000	066.3	000.0	0000	0004	+00.00	02	00	0891	08
02	0003	30	07	15	10	00786	22.1	+25.9	0000	066.3	000.0	0000	0009	+00.00	02	00	0891	08
02	0004	30	07	15	10	00814	22.2	+25.9	0000	066.3	000.0	0105	0014	+06.20	02	00	0891	08
03	0001	30	07	15	11	00937	22.3	+26.0	0000	066.3	000.0	0000	0000	+00.00	02	00	0890	08
03	0002	30	07	15	12	00956	22.3	+26.0	0000	066.3	000.0	0000	0004	+00.00	02	00	0891	08
03	0003	30	07	15	12	00981	22.4	+26.0	0000	066.3	000.0	0000	0009	+00.00	02	00	0891	08
03	0004	30	07	15	12	00996	22.4	+26.0	0000	066.3	000.0	0060	0014	+03.56	02	00	0891	08
03	0005	30	07	15	12	01018	22.4	+26.1	0000	066.4	000.0	0080	0019	+03.56	02	00	0891	08
03	0006	30	07	15	12	01036	22.4	+26.1	0000	066.4	000.0	0099	0024	+03.51	02	00	0891	08
03	0007	30	07	15	12	01061	22.3	+26.1	0000	066.3	000.0	0121	0028	+03.59	02	00	0891	08
04	0001	30	07	15	13	00649	22.2	+26.2	0000	065.4	000.0	0000	0000	+00.00	02	00	0891	08
04	0002	30	07	15	14	00662	22.0	+26.1	0000	065.2	000.0	0000	0004	+00.00	02	00	0891	08
04	0003	30	07	15	14	00672	22.0	+26.2	0000	065.1	000.0	0000	0009	+00.00	02	00	0891	08
04	0004	30	07	15	14	00685	22.2	+26.2	0000	065.1	000.0	0035	0014	+02.11	02	00	0891	08
04	0005	30	07	15	14	00700	22.2	+26.2	0000	065.2	000.0	0050	0019	+02.21	02	00	0891	08
04	0006	30	07	15	14	00708	22.3	+26.2	0000	065.2	000.0	0060	0024	+02.12	02	00	0891	08
04	0007	30	07	15	14	00717	22.3	+26.2	0000	065.3	000.0	0069	0028	+02.04	02	00	0891	08
04	0008	30	07	15	14	00731	22.3	+26.2	0000	065.3	000.0	0080	0033	+02.04	02	00	0891	08
04	0009	30	07	15	15	00744	22.3	+26.2	0000	065.3	000.0	0093	0038	+02.05	02	00	0891	08
04	0010	30	07	15	15	00753	22.4	+26.2	0000	065.4	000.0	0104	0043	+02.04	02	00	0891	08
05	0003	30	07	15	20	00851	22.1	+26.4	0000	064.1	000.0	0000	0000	+00.00	02	00	0891	08
05	0004	30	07	15	20	00862	22.1	+26.4	0000	064.1	000.0	0000	0004	+00.00	02	00	0890	08
05	0005	30	07	15	21	00887	22.1	+26.4	0000	064.1	000.0	0000	0009	+00.00	02	00	0890	08
05	0006	30	07	15	21	00908	22.1	+26.4	0000	064.1	000.0	0058	0014	+03.43	02	00	0891	08
05	0007	30	07	15	21	00927	22.1	+26.4	0000	064.1	000.0	0079	0019	+03.50	02	00	0890	08
05	0008	30	07	15	21	00949	22.1	+26.4	0000	064.1	000.0	0100	0024	+03.55	02	00	0891	08
06	0001	30	07	15	23	00477	22.0	+26.5	0000	063.6	000.0	0000	0000	+00.00	02	00	0890	08
06	0002	30	07	15	23	00492	21.9	+26.4	0000	063.6	000.0	0000	0004	+00.00	02	00	0890	08
06	0003	30	07	15	23	00508	22.0	+26.5	0000	063.6	000.0	0000	0009	+00.00	02	00	0890	08
06	0004	30	07	15	23	00528	22.0	+26.5	0000	063.6	000.0	0050	0014	+02.95	02	00	0891	08
06	0005	30	07	15	23	00544	22.0	+26.5	0000	063.6	000.0	0067	0019	+02.99	02	00	0891	08
06	0006	30	07	15	23	00564	22.0	+26.5	0000	063.6	000.0	0086	0024	+03.07	02	00	0891	08
06	0007	30	07	15	24	00580	22.0	+26.5	0000	063.6	000.0	0104	0028	+03.08	02	00	0890	08
07	0001	30	07	15	25	00500	22.1	+26.6	0000	063.6	000.0	0000	0000	+00.00	02	00	0891	08
07	0002	30	07	15	25	00523	22.1	+26.6	0000	063.6	000.0	0000	0004	+00.00	02	00	0891	08
07	0003	30	07	15	25	00545	22.1	+26.6	0000	063.6	000.0	0000	0009	+00.00	02	00	0890	08
07	0004	30	07	15	25	00564	22.1	+26.6	0000	063.6	000.0	0064	0014	+03.78	02	00	0891	08
07	0005	30	07	15	25	00589	22.2	+26.6	0000	063.6	000.0	0087	0019	+03.86	02	00	0890	08
07	0006	30	07	15	25	00613	22.2	+26.6	0000	063.5	000.0	0111	0024	+03.95	02	00	0890	08
08	0001	30	07	15	27	00562	22.2	+26.6	0000	063.6	000.0	0000	0000	+00.00	02	00	0890	08
08	0002	30	07	15	27	00586	22.0	+26.6	0000	063.4	000.0	0000	0004	+00.00	02	00	0890	08
08	0003	30	07	15	27	00615	22.2	+26.6	0000	063.5	000.0	0000	0009	+00.00	02	00	0891	08
08	0004	30	07	15	27	00643	22.0	+26.6	0000	063.4	000.0	0081	0014	+04.80	02	00	0890	08
08	0005	30	07	15	27	00666	22.2	+26.6	0000	063.4	000.0	0105	0019	+04.66	02	00	0891	08
09	0001	30	07	15	29	00520	21.9	+26.6	0000	062.7	000.0	0000	0000	+00.00	02	00	0890	08
09	0002	30	07	15	29	00533	21.9	+26.6	0000	062.7	000.0	0000	0004	+00.00	02	00	0890	08
09	0003	30	07	15	29	00544	21.8	+26.6	0000	062.7	000.0	0000	0009	+00.00	02	00	0891	08
09	0004	30	07	15	29	00555	21.8	+26.6	0000	062.7	000.0	0035	0014	+02.07	02	00	0891	08
09	0005	30	07	15	29	00569	21.8	+26.6	0000	062.7	000.0	0048	0019	+02.12	02	00	0891	08
09	0006	30	07	15	29	00580	21.8	+26.6	0000	062.7	000.0	0059	0024	+02.11	02	00	0890	08
09	0007	30	07	15	30	00590	21.8	+26.6	0000	062.7	000.0	0070	0028	+02.08	02	00	0891	08
09	0008	30	07	15	30	00601	21.9	+26.6	0000	062.7	000.0	0081	0033	+02.05	02	00	0891	08
09	0009	30	07	15	30	00615	21.8	+26.6	0000	062.7	000.0	0093	0038	+02.07	02	00	0890	08
09	0010	30	07	15	30	00620	21.8	+26.6	0000	062.7	000.0	0102	0043	+02.01	02	00	0891	08
10	0001	30	07	15	31	00521	21.8	+26.6	0000	062.7	000.0	0000	0000	+00.00	02	00	0890	08
10	0002	30	07	15	31	00530	21.8	+26.6	0000	062.5	000.0	0000	0004	+00.00	02	00	0890	08
10	0003	30	07	15	31	00529	21.6	+26.6	0000	062.5	000.0	0000	0009	+00.00	02	00	0890	08
10	0004	30	07	15	31	00540	21.6	+26.6	0000	062.5	000.0	0016	0014	+00.98	02	00	0890	08
10	0005	30	07	15	31	00546	21.8	+26.6	0000	062.5	000.0	0023	0019	+01.04	02	00	0890	08
10	0006	30	07	15	32	00550	21.7	+26.6	0000	062.4	000.0	0028	0024	+01.01	02	00	0890	08
10	0007	30	07	15	32	00558	21.7	+26.6	0000	062.4	000.0	0035	0028	+01.05	02	00	0891	08
10	0008	30	07	15	32	00559	21.7	+26.6	0000	062.4	000.0	0039	0033	+00.99	02	00	0891	08
10	0009	30	07	15	32	00565	21.7	+26.6	0000	062.3	000.0	0044	0038	+00.97	02	00	0891	08
10	0010	30	07	15	32	00574	21.7	+26.6	0000	062.3	000.0	0050	0043	+00.99	02	00	0891	08
10	0011	30	07	15	32	00577	21.6	+26.6	0000	062.3	000.0	0055	0048	+00.98	02	00	0890	08
10	0012	30	07	15	33	00584	21.6	+26.6	0000	062.3	000.0	0061	0052	+00.99	02	00	0890	08
10	0013	30	07	15	33	00590	21.8	+26.6	0000	062.3	000.0	0067	0057	+00.99	02	00	0890	08
10	0014	30	07	15	33	00594	21.8	+26.6	0000	062.3	000.0	0073	0062	+00.99	02	00	0891	08
11	0001	30	07	15	34	00523	21.8	+26.5	0000	063.1	000.0	0000	0000	+00.00	02	00	0890	08
11	0002	30	07	15	34	00525	21.8	+26.4	0000	063.1	000.0	0000	0004	+00.00	02	00	0891	08
11	0003	30	07	15	34	00528	21.8	+26.4	0000	063.1	000.0	0000	0009	+00.00	02	00	0891	08
11	0004	30	07	15	34	00527	21.8	+26.4	0000	063.1	000.0	0004	0014	+00.29	02	00	0891	08
11	0005	30	07	15	34	00526	21.7	+26.4	0000	063.1	000.0	0003	0019	+00.16	02	00	0890	08
11	0006	30	07	15	35	00528	21.9	+26.4	0000	063.1	000.0	0004	0024	+00.16	02	00	0891	08
11	0007	30	07	15	35	00528	21.9	+26.4	0000	063.2	000.0	0004	0028	+00.14	02	00	0891	08
11	0008	30	07	15	35	00528	21.7	+26.4	0000	063.2	000.0	0004	0033	+00.12	02	00	0891	08
11	0009	30	07	15	35	00530	21.9	+26.4	0000	063.2	000.0	0005	0038	+00.13	02	00	0890	08
11	0010	30	07	15	35	00533	21.9	+26.4	0000	063.3	000.0	0007	0043	+00.15	02	00	0891	08
11	0011	30	07	15	35	00532	21.9	+26.4	0000	063.3	000.0	0008	0048	+00.15	02	00	0890	08
11	0012	30	07	15	35	00533	21.9	+26.4	0000	063.3	000.0	0009	0052	+00.14	02	00	0890	08
11	0013	30	07	15	36	00537	21.9	+26.4	0000	063.3	000.0	0011	0057	+00.16	02	00	0891	08
11	0014	30	07	15	36	00541	21.9	+26.4	0000	063.4	000.0	0013	0062	+00.19	02	00	0891	08
12	0001	30	07	15	37	00538	22.1	+26.4	0000	064.1	000.0	0000	0000	+00.00	02	00	0891	08
12	0002	30	07	15	37	00538	22.1	+26.4	0000	064.1	000.0	0000	0004	+00.00	02	00	0891	08
12	0003	30	07	15	37	00540	22.1	+26.4	0000	064.1	000.0	0000	0009	+00.00	02	00	0891	08
12	0004	30	07	15	37	00542	22.1	+26.4	0000	064.1	000.0	0004	0014	+00.25	02	00	0891	08
12	0005	30	07	15	37	00543	22.1	+26.4	0000	064.1	000.0	0005	0019	+00.23	02	00	0891	08
12	0006	30	07	15	37	00545	22.0	+26.5	0000	064.0	000.0	0007	0024	+00.25	02	00	0891	08
12	0007	30	07	15	38	00547	22.2	+26.5	0000	064.0	000.0	0009	0028	+00.27	02	00	0891	08
12	0008	30	07	15	38	00551	22.0	+26.5	0000	064.0	000.0	0012	0033	+00.32	02	00	0891	08
12	0009	30	07	15	38	00553	22.2	+26.5	0000	064.0	000.0	0015	0038	+00.34	02	00	0891	08
12	0010	30	07	15	38	00553	22.2	+26.5	0000	064.0	000.0	0016	0043	+00.33	02	00	0890	08
12	0011	30	07	15	38	00557	22.2	+26.5	0000	064.0	000.0	0019	0048	+00.34	02	00	0891	08
12	0012	30	07	15	38	00561	22.2	+26.5	0000	064.0	000.0	0022	0052	+00.37	02	00	0891	08
12	0013	30	07	15	39	00566	22.2	+26.5	0000	064.0	000.0	0026	0057	+00.39	02	00	0891	08
12	0014	30	07	15	39	00565	22.0	+26.5	0000	063.9	000.0	0029	0062	+00.40	02	00	0890	08
13	0001	30	07	15	43	00544	21.7	+26.5	0000	062.6	000.0	0000	0000	+00.00	02	00	0890	08
13	0002	30	07	15	43	00541	21.7	+26.5	0000	062.6	000.0	0000	0004	+00.00	02	00	0890	08
13	0003	30	07	15	43	00545	21.5	+26.5	0000	062.5	000.0	0000	0009	+00.00	02	00	0890	08
13	0004	30	07	15	43	00546	21.5	+26.5	0000	062.4	000.0	0002	0014	+00.14	02	00	0890	08
13	0005	30	07	15	43	00547	21.7	+26.5	0000	062.4	000.0	0003	0019	+00.15	02	00	0890	08
13	0006	30	07	15	43	00548	21.6	+26.4	0000	062.4	000.0	0004	0024	+00.17	02	00	0890	08
13	0007	30	07	15	44	00550	21.6	+26.4	0000	062.4	000.0	0006	0028	+00.20	02	00	0890	08
13	0008	30	07	15	44	00550	21.6	+26.4	0000	062.5	000.0	0007	0033	+00.18	02	00	0890	08
13	0009	30	07	15	44	00553	21.6	+26.4	0000	062.5	000.0	0009	0038	+00.21	02	00	0890	08
13	0010	30	07	15	44	00552	21.7	+26.4	0000	062.5	000.0	0010	0043	+00.20	02	00	0890	08
13	0011	30	07	15	44	00553	21.7	+26.4	0000	062.6	000.0	0011	0048	+00.19	02	00	0890	08
13	0012	30	07	15	44	00555	21.7	+26.4	0000	062.6	000.0	0012	0052	+00.19	02	00	0890	08
13	0013	30	07	15	44	00555	21.7	+26.4	0000	062.7	000.0	0013	0057	+00.19	02	00	0890	08
13	0014	30	07	15	45	00555	21.7	+26.4	0000	062.7	000.0	0013	0062	+00.18	02	00	0890	08
14	0001	30	07	15	46	00396	21.4	+26.3	0000	062.6	000.0	0000	0000	+00.00	02	00	0890	08
14	0002	30	07	15	46	00400	21.4	+26.3	0000	062.6	000.0	0000	0004	+00.00	02	00	0890	08
14	0003	30	07	15	47	00400	21.4	+26.3	0000	062.6	000.0	0000	0009	+00.00	02	00	0890	08
14	0004	30	07	15	47	00398	21.4	+26.3	0000	062.6	000.0	0001	0014	+00.10	02	00	0890	08
14	0005	30	07	15	47	00404	21.5	+26.2	0000	062.6	000.0	0005	0019	+00.26	02	00	0890	08
14	0006	30	07	15	47	00410	21.5	+26.2	0000	062.7	000.0	0011	0024	+00.41	02	00	0890	08
14	0007	30	07	15	47	00415	21.6	+26.2	0000	062.8	000.0	0017	0028	+00.52	02	00	0890	08
14	0008	30	07	15	47	00419	21.5	+26.1	0000	062.9	000.0	0022	0033	+00.57	02	00	0890	08
14	0009	30	07	15	47	00424	21.5	+26.1	0000	063.0	000.0	0028	0038	+00.62	02	00	0890	08
14	0010	30	07	15	48	00424	21.7	+26.1	0000	063.1	000.0	0031	0043	+00.61	02	00	0890	08
14	0011	30	07	15	48	00428	21.6	+26.1	0000	063.2	000.0	0034	0048	+00.61	02	00	0890	08
14	0012	30	07	15	48	00428	21.7	+26.1	0000	063.2	000.0	0036	0052	+00.58	02	00	0890	08
14	0013	30	07	15	48	00428	21.6	+26.1	0000	063.3	000.0	0037	0057	+00.55	02	00	0890	08
14	0014	30	07	15	48	00432	21.6	+26.1	0000	063.3	000.0	0039	0062	+00.53	02	00	0890	08
15	0001	30	07	15	49	00430	21.6	+26.1	0000	064.0	000.0	0000	0000	+00.00	02	00	0890	08
15	0002	30	07	15	49	00446	21.6	+26.0	0000	064.0	000.0	0000	0004	+00.00	02	00	0890	08
15	0003	30	07	15	49	00459	21.6	+26.0	0000	064.0	000.0	0000	0009	+00.00	02	00	0890	08
15	0004	30	07	15	50	00478	21.5	+26.0	0000	064.0	000.0	0047	0014	+02.77	02	00	0890	08
15	0005	30	07	15	50	00489	21.5	+26.0	0000	064.0	000.0	0059	0019	+02.64	02	00	0890	08
15	0006	30	07	15	50	00509	21.5	+26.0	0000	064.0	000.0	0077	0024	+02.74	02	00	0890	08
15	0007	30	07	15	50	00521	21.5	+26.0	0000	064.0	000.0	0091	0028	+02.69	02	00	0890	08
15	0008	30	07	15	50	00543	21.5	+26.0	0000	064.0	000.0	0110	0033	+02.79	02	00	0890	08
16	0001	30	07	15	51	00435	21.6	+26.0	0000	064.5	000.0	0000	0000	+00.00	02	00	0890	08
16	0002	30	07	15	51	00439	21.6	+26.0	0000	064.5	000.0	0000	0004	+00.00	02	00	0890	08
16	0003	30	07	15	52	00441	21.6	+26.0	0000	064.5	000.0	0000	0009	+00.00	02	00	0890	08
16	0004	30	07	15	52	00446	21.7	+26.0	0000	064.5	000.0	0010	0014	+00.63	02	00	0890	08
16	0005	30	07	15	52	00448	21.6	+26.0	0000	064.5	000.0	0013	0019	+00.58	02	00	0890	08
16	0006	30	07	15	52	00452	21.6	+26.0	0000	064.5	000.0	0016	0024	+00.59	02	00	0890	08
16	0007	30	07	15	52	00456	21.6	+26.0	0000	064.5	000.0	0020	0028	+00.60	02	00	0890	08
16	0008	30	07	15	52	00462	21.6	+26.0	0000	064.5	000.0	0026	0033	+00.65	02	00	0890	08
16	0009	30	07	15	52	00466	21.6	+26.0	0000	064.5	000.0	0030	0038	+00.67	02	00	0890	08
16	0010	30	07	15	53	00468	21.8	+26.0	0000	064.5	000.0	0034	0043	+00.67	02	00	0890	08
16	0011	30	07	15	53	00468	21.8	+26.0	0000	064.5	000.0	0036	0048	+00.64	02	00	0890	08
16	0012	30	07	15	53	00473	21.7	+25.9	0000	064.6	000.0	0039	0052	+00.63	02	00	0889	08
16	0013	30	07	15	53	00471	21.7	+25.9	0000	064.6	000.0	0040	0057	+00.59	02	00	0890	08
16	0014	30	07	15	53	00475	21.9	+25.9	0000	064.6	000.0	0042	0062	+00.57	02	00	0890	08
17	0001	30	07	15	55	00450	21.9	+26.0	0000	065.4	000.0	0000	0000	+00.00	02	00	0890	08
17	0002	30	07	15	55	00466	21.8	+26.0	0000	065.2	000.0	0000	0004	+00.00	02	00	0890	08
17	0003	30	07	15	55	00482	21.8	+26.0	0000	065.1	000.0	0000	0009	+00.00	02	00	0890	08
17	0004	30	07	15	55	00493	21.8	+26.0	0000	065.0	000.0	0043	0014	+02.56	02	00	0890	08
17	0005	30	07	15	55	00507	21.8	+26.0	0000	065.0	000.0	0056	0019	+02.48	02	00	0890	08
17	0006	30	07	15	55	00523	21.8	+26.0	0000	065.0	000.0	0071	0024	+02.52	02	00	0890	08
17	0007	30	07	15	56	00535	21.8	+26.0	0000	065.0	000.0	0084	0028	+02.49	02	00	0890	08
17	0008	30	07	15	56	00556	21.8	+26.0	0000	065.0	000.0	0102	0033	+02.57	02	00	0890	08
18	0001	30	07	15	57	00481	21.8	+26.0	0000	064.9	000.0	0000	0000	+00.00	02	00	0890	08
18	0002	30	07	15	57	00492	21.8	+26.0	0000	064.9	000.0	0000	0004	+00.00	02	00	0890	08
18	0003	30	07	15	57	00501	21.9	+26.0	0000	065.1	000.0	0000	0009	+00.00	02	00	0890	08
18	0004	30	07	15	57	00513	21.9	+26.0	0000	065.2	000.0	0031	0014	+01.83	02	00	0890	08
18	0005	30	07	15	57	00518	21.9	+25.9	0000	065.2	000.0	0038	0019	+01.68	02	00	0890	08
18	0006	30	07	15	57	00527	21.9	+26.0	0000	065.3	000.0	0045	0024	+01.62	02	00	0890	08
18	0007	30	07	15	58	00532	21.9	+26.0	0000	065.3	000.0	0051	0028	+01.52	02	00	0890	08
18	0008	30	07	15	58	00544	21.9	+26.0	0000	065.3	000.0	0060	0033	+01.52	02	00	0890	08
18	0009	30	07	15	58	00551	22.1	+26.0	0000	065.4	000.0	0068	0038	+01.51	02	00	0890	08
18	0010	30	07	15	58	00559	22.1	+26.0	0000	065.4	000.0	0076	0043	+01.50	02	00	0890	08
18	0011	30	07	15	58	00566	22.1	+26.0	0000	065.5	000.0	0083	0048	+01.48	02	00	0890	08
18	0012	30	07	15	58	00576	22.1	+26.0	0000	065.5	000.0	0092	0052	+01.48	02	00	0890	08
18	0013	30	07	15	59	00581	21.9	+26.0	0000	065.5	000.0	0099	0057	+01.46	02	00	0890	08
18	0014	30	07	15	59	00589	21.9	+26.0	0000	065.5	000.0	0106	0062	+01.44	02	00	0890	08
19	0001	30	07	16	00	00457	22.0	+26.0	0000	065.4	000.0	0000	0000	+00.00	02	00	0890	08
19	0002	30	07	16	00	00463	22.1	+26.0	0000	065.5	000.0	0000	0004	+00.00	02	00	0890	08
19	0003	30	07	16	00	00474	22.0	+26.0	0000	065.5	000.0	0000	0009	+00.00	02	00	0890	08
19	0004	30	07	16	00	00475	22.0	+26.0	0000	065.5	000.0	0019	0014	+01.15	02	00	0890	08
19	0005	30	07	16	00	00482	22.0	+26.0	0000	065.4	000.0	0024	0019	+01.10	02	00	0890	08
19	0006	30	07	16	01	00491	21.8	+26.0	0000	065.3	000.0	0032	0024	+01.14	02	00	0890	08
19	0007	30	07	16	01	00497	21.8	+26.0	0000	065.3	000.0	0039	0028	+01.16	02	00	0890	08
19	0008	30	07	16	01	00503	21.8	+26.0	0000	065.2	000.0	0045	0033	+01.14	02	00	0890	08
19	0009	30	07	16	01	00508	21.8	+26.0	0000	065.2	000.0	0050	0038	+01.12	02	00	0890	08
19	0010	30	07	16	01	00514	21.8	+26.0	0000	065.2	000.0	0056	0043	+01.11	02	00	0890	08
19	0011	30	07	16	01	00523	21.8	+26.0	0000	065.1	000.0	0063	0048	+01.12	02	00	0890	08
19	0012	30	07	16	01	00527	21.8	+26.0	0000	065.1	000.0	0069	0052	+01.11	02	00	0890	08
19	0013	30	07	16	02	00532	21.8	+26.0	0000	065.1	000.0	0075	0057	+01.10	02	00	0890	08
19	0014	30	07	16	02	00539	21.8	+26.0	0000	065.1	000.0	0081	0062	+01.10	02	00	0890	08
20	0001	30	07	16	03	00448	21.8	+26.0	0000	064.9	000.0	0000	0000	+00.00	02	00	0890	08
20	0002	30	07	16	03	00458	21.7	+25.9	0000	064.9	000.0	0000	0004	+00.00	02	00	0890	08
20	0003	30	07	16	03	00464	21.7	+25.9	0000	064.9	000.0	0000	0009	+00.00	02	00	0890	08
20	0004	30	07	16	03	00469	21.7	+25.9	0000	064.9	000.0	0020	0014	+01.21	02	00	0890	08
20	0005	30	07	16	03	00473	21.7	+25.9	0000	064.9	000.0	0023	0019	+01.06	02	00	0890	08
20	0006	30	07	16	03	00480	21.7	+25.9	0000	064.9	000.0	0029	0024	+01.05	02	00	0890	08
20	0007	30	07	16	04	00483	21.7	+25.9	0000	064.9	000.0	0033	0028	+00.99	02	00	0890	08
20	0008	30	07	16	04	00487	21.9	+25.9	0000	064.9	000.0	0037	0033	+00.95	02	00	0890	08
20	0009	30	07	16	04	00495	21.8	+25.9	0000	065.0	000.0	0043	0038	+00.95	02	00	0890	08
20	0010	30	07	16	04	00499	21.9	+25.9	0000	065.0	000.0	0047	0043	+00.94	02	00	0890	08
20	0011	30	07	16	04	00500	21.9	+25.9	0000	065.1	000.0	0050	0048	+00.89	02	00	0890	08
20	0012	30	07	16	04	00507	21.9	+25.9	0000	065.1	000.0	0055	0052	+00.88	02	00	0890	08
20	0013	30	07	16	04	00513	21.9	+25.9	0000	065.1	000.0	0060	0057	+00.88	02	00	0890	08
20	0014	30	07	16	05	00515	21.8	+25.9	0000	065.1	000.0	0064	0062	+00.87	02	00	0890	08
21	0001	30	07	16	08	00411	21.7	+25.9	0000	064.9	000.0	0000	0000	+00.00	02	00	0890	08
21	0002	30	07	16	08	00419	21.7	+25.9	0000	064.9	000.0	0000	0004	+00.00	02	00	0890	08
21	0003	30	07	16	08	00426	21.7	+25.9	0000	064.9	000.0	0000	0009	+00.00	02	00	0890	08
21	0004	30	07	16	08	00434	21.7	+25.9	0000	064.9	000.0	0022	0014	+01.30	02	00	0890	08
21	0005	30	07	16	08	00440	21.7	+25.9	0000	064.9	000.0	0029	0019	+01.28	02	00	0890	08
21	0006	30	07	16	09	00453	21.7	+25.9	0000	064.9	000.0	0039	0024	+01.41	02	00	0890	08
21	0007	30	07	16	09	00458	21.7	+25.9	0000	064.9	000.0	0047	0028	+01.39	02	00	0890	08
21	0008	30	07	16	09	00468	21.7	+25.9	0000	064.9	000.0	0056	0033	+01.42	02	00	0890	08
21	0009	30	07	16	09	00478	21.7	+25.9	0000	064.9	000.0	0066	0038	+01.46	02	00	0890	08
21	0010	30	07	16	09	00489	21.7	+25.9	0000	064.9	000.0	0076	0043	+01.50	02	00	0890	08
21	0011	30	07	16	09	00499	21.8	+25.9	0000	065.0	000.0	0087	0048	+01.54	02	00	0890	08
21	0012	30	07	16	09	00506	21.8	+25.8	0000	065.0	000.0	0096	0052	+01.55	02	00	0890	08
21	0013	30	07	16	10	00518	21.8	+25.9	0000	065.0	000.0	0107	0057	+01.57	02	00	0890	08
22	0001	30	07	16	11	00418	21.7	+25.8	0000	065.4	000.0	0000	0000	+00.00	02	00	0890	08
22	0002	30	07	16	11	00429	21.8	+25.8	0000	065.4	000.0	0000	0004	+00.00	02	00	0890	08
22	0003	30	07	16	11	00433	21.7	+25.8	0000	065.4	000.0	0000	0009	+00.00	02	00	0890	08
22	0004	30	07	16	11	00440	21.7	+25.8	0000	065.4	000.0	0021	0014	+01.26	02	00	0890	08
22	0005	30	07	16	11	00446	21.7	+25.8	0000	065.4	000.0	0027	0019	+01.19	02	00	0890	08
22	0006	30	07	16	11	00452	21.7	+25.8	0000	065.4	000.0	0032	0024	+01.16	02	00	0889	08
22	0007	30	07	16	11	00458	21.7	+25.8	0000	065.4	000.0	0038	0028	+01.13	02	00	0890	08
22	0008	30	07	16	12	00463	21.7	+25.8	0000	065.4	000.0	0043	0033	+01.09	02	00	0890	08
22	0009	30	07	16	12	00470	21.8	+25.8	0000	065.4	000.0	0049	0038	+01.09	02	00	0889	08
22	0010	30	07	16	12	00475	21.7	+25.8	0000	065.4	000.0	0055	0043	+01.08	02	00	0889	08
22	0011	30	07	16	12	00485	21.8	+25.8	0000	065.4	000.0	0062	0048	+01.11	02	00	0890	08
22	0012	30	07	16	12	00490	21.9	+25.8	0000	065.4	000.0	0069	0052	+01.11	02	00	0890	08
22	0013	30	07	16	12	00495	21.7	+25.8	0000	065.4	000.0	0075	0057	+01.11	02	00	0890	08
22	0014	30	07	16	13	00501	21.9	+25.8	0000	065.5	000.0	0081	0062	+01.10	02	00	0890	08
23	0001	30	07	16	13	00442	21.9	+25.8	0000	065.8	000.0	0000	0000	+00.00	02	00	0890	08
23	0002	30	07	16	14	00447	21.9	+25.8	0000	065.8	000.0	0000	0004	+00.00	02	00	0890	08
23	0003	30	07	16	14	00451	21.9	+25.8	0000	065.8	000.0	0000	0009	+00.00	02	00	0890	08
23	0004	30	07	16	14	00455	22.0	+25.8	0000	065.9	000.0	0012	0014	+00.76	02	00	0890	08
23	0005	30	07	16	14	00458	22.1	+25.8	0000	066.0	000.0	0015	0019	+00.68	02	00	0890	08
23	0006	30	07	16	14	00462	22.0	+25.8	0000	066.1	000.0	0018	0024	+00.67	02	00	0890	08
23	0007	30	07	16	14	00466	22.1	+25.8	0000	066.1	000.0	0022	0028	+00.67	02	00	0890	08
23	0008	30	07	16	14	00468	22.0	+25.8	0000	066.1	000.0	0025	0033	+00.65	02	00	0890	08
23	0009	30	07	16	15	00474	22.0	+25.8	0000	066.2	000.0	0029	0038	+00.66	02	00	0890	08
23	0010	30	07	16	15	00478	22.1	+25.8	0000	066.2	000.0	0034	0043	+00.67	02	00	0889	08
23	0011	30	07	16	15	00484	22.1	+25.8	0000	066.2	000.0	0039	0048	+00.69	02	00	0890	08
23	0012	30	07	16	15	00487	22.1	+25.8	0000	066.2	000.0	0043	0052	+00.70	02	00	0890	08
23	0013	30	07	16	15	00491	22.1	+25.8	0000	066.2	000.0	0048	0057	+00.71	02	00	0890	08
23	0014	30	07	16	15	00496	22.0	+25.8	0000	066.2	000.0	0052	0062	+00.71	02	00	0890	08
24	0001	30	07	16	17	00456	21.9	+25.8	0000	065.8	000.0	0000	0000	+00.00	02	00	0890	08
24	0002	30	07	16	17	00467	22.0	+25.9	0000	065.9	000.0	0000	0004	+00.00	02	00	0890	08
24	0003	30	07	16	17	00476	21.9	+25.8	0000	065.8	000.0	0000	0009	+00.00	02	00	0890	08
24	0004	30	07	16	17	00484	22.0	+25.9	0000	065.8	000.0	0027	0014	+01.63	02	00	0889	08
24	0005	30	07	16	17	00491	22.0	+25.9	0000	065.8	000.0	0034	0019	+01.54	02	00	0890	08
24	0006	30	07	16	18	00500	22.0	+25.9	0000	065.8	000.0	0042	0024	+01.51	02	00	0890	08
24	0007	30	07	16	18	00505	22.0	+25.9	0000	065.8	000.0	0048	0028	+01.43	02	00	0890	08
24	0008	30	07	16	18	00513	21.9	+25.9	0000	065.8	000.0	0055	0033	+01.40	02	00	0890	08
24	0009	30	07	16	18	00517	22.0	+25.9	0000	065.8	000.0	0060	0038	+01.34	02	00	0890	08
24	0010	30	07	16	18	00520	22.0	+25.9	0000	065.8	000.0	0064	0043	+01.27	02	00	0889	08
24	0011	30	07	16	18	00527	21.9	+25.9	0000	065.8	000.0	0069	0048	+01.22	02	00	0890	08
24	0012	30	07	16	18	00540	22.0	+25.9	0000	065.7	000.0	0077	0052	+01.23	02	00	0890	08
24	0013	30	07	16	19	00540	21.9	+25.9	0000	065.7	000.0	0081	0057	+01.20	02	00	0890	08
24	0014	30	07	16	19	00550	22.0	+25.9	0000	065.7	000.0	0088	0062	+01.20	02	00	0889	08
25	0001	30	07	16	20	00514	22.0	+26.0	0000	065.4	000.0	0000	0000	+00.00	02	00	0890	08
25	0002	30	07	16	20	00515	22.0	+26.0	0000	065.4	000.0	0000	0004	+00.00	02	00	0890	08
25	0003	30	07	16	21	00516	22.0	+26.0	0000	065.4	000.0	0000	0009	+00.00	02	00	0889	08
25	0004	30	07	16	21	00517	22.0	+26.0	0000	065.4	000.0	0002	0014	+00.17	02	00	0889	08
25	0005	30	07	16	21	00521	22.0	+26.0	0000	065.4	000.0	0006	0019	+00.28	02	00	0889	08
25	0006	30	07	16	21	00522	22.0	+26.0	0000	065.4	000.0	0008	0024	+00.29	02	00	0890	08
25	0007	30	07	16	21	00528	22.0	+26.0	0000	065.4	000.0	0013	0028	+00.39	02	00	0890	08
25	0008	30	07	16	21	00530	21.9	+26.0	0000	065.4	000.0	0016	0033	+00.42	02	00	0890	08
25	0009	30	07	16	22	00534	21.9	+26.0	0000	065.3	000.0	0020	0038	+00.45	02	00	0890	08
25	0010	30	07	16	22	00537	21.9	+26.0	0000	065.3	000.0	0024	0043	+00.48	02	00	0890	08
25	0011	30	07	16	22	00536	21.9	+26.0	0000	065.2	000.0	0026	0048	+00.46	02	00	0890	08
25	0012	30	07	16	22	00542	21.9	+26.1	0000	065.2	000.0	0029	0052	+00.47	02	00	0890	08
25	0013	30	07	16	22	00546	21.8	+26.1	0000	065.2	000.0	0033	0057	+00.49	02	00	0890	08
25	0014	30	07	16	22	00546	21.8	+26.1	0000	065.1	000.0	0035	0062	+00.48	02	00	0889	08
26	0001	30	07	16	23	00476	21.5	+26.1	0000	063.5	000.0	0000	0000	+00.00	02	00	0890	08
26	0002	30	07	16	23	00477	21.6	+26.2	0000	063.5	000.0	0000	0004	+00.00	02	00	0890	08
26	0003	30	07	16	23	00484	21.5	+26.1	0000	063.5	000.0	0000	0009	+00.00	02	00	0890	08
26	0004	30	07	16	24	00492	21.6	+26.2	0000	063.5	000.0	0016	0014	+00.99	02	00	0890	08
26	0005	30	07	16	24	00495	21.6	+26.2	0000	063.5	000.0	0021	0019	+00.94	02	00	0889	08
26	0006	30	07	16	24	00506	21.6	+26.2	0000	063.5	000.0	0030	0024	+01.06	02	00	0890	08
26	0007	30	07	16	24	00512	21.6	+26.2	0000	063.5	000.0	0037	0028	+01.10	02	00	0890	08
26	0008	30	07	16	24	00515	21.6	+26.2	0000	063.5	000.0	0042	0033	+01.07	02	00	0890	08
26	0009	30	07	16	24	00523	21.6	+26.2	0000	063.5	000.0	0049	0038	+01.08	02	00	0890	08
26	0010	30	07	16	25	00523	21.7	+26.2	0000	063.6	000.0	0052	0043	+01.03	02	00	0890	08
26	0011	30	07	16	25	00525	21.8	+26.2	0000	063.6	000.0	0055	0048	+00.98	02	00	0890	08
26	0012	30	07	16	25	00534	21.8	+26.2	0000	063.7	000.0	0059	0052	+00.96	02	00	0890	08
26	0013	30	07	16	25	00536	21.8	+26.2	0000	063.7	000.0	0063	0057	+00.93	02	00	0890	08
26	0014	30	07	16	25	00544	21.8	+26.2	0000	063.7	000.0	0068	0062	+00.93	02	00	0890	08
27	0001	30	07	16	26	00438	21.7	+26.2	0000	064.0	000.0	0000	0000	+00.00	02	00	0889	08
27	0002	30	07	16	27	00458	21.7	+26.2	0000	064.0	000.0	0000	0004	+00.00	02	00	0889	08
27	0003	30	07	16	27	00485	21.7	+26.2	0000	064.0	000.0	0000	0009	+00.00	02	00	0890	08
27	0004	30	07	16	27	00508	21.7	+26.1	0000	064.0	000.0	0071	0014	+04.21	02	00	0890	08
27	0005	30	07	16	27	00528	21.7	+26.2	0000	064.0	000.0	0092	0019	+04.07	02	00	0890	08
27	0006	30	07	16	27	00551	21.7	+26.2	0000	064.0	000.0	0113	0024	+04.02	02	00	0889	08
28	0001	30	07	16	29	00412	21.6	+26.1	0000	064.0	000.0	0000	0000	+00.00	02	00	0889	08
28	0002	30	07	16	29	00420	21.8	+26.1	0000	064.1	000.0	0000	0004	+00.00	02	00	0889	08
28	0003	30	07	16	29	00419	21.6	+26.0	0000	064.1	000.0	0000	0009	+00.00	02	00	0889	08
28	0004	30	07	16	29	00429	21.8	+26.1	0000	064.2	000.0	0015	0014	+00.89	02	00	0889	08
28	0005	30	07	16	29	00432	21.6	+26.0	0000	064.2	000.0	0019	0019	+00.86	02	00	0890	08
28	0006	30	07	16	29	00437	21.7	+26.0	0000	064.2	000.0	0024	0024	+00.87	02	00	0889	08
28	0007	30	07	16	30	00439	21.7	+26.0	0000	064.3	000.0	0027	0028	+00.82	02	00	0890	08
28	0008	30	07	16	30	00448	21.7	+26.0	0000	064.3	000.0	0033	0033	+00.85	02	00	0890	08
28	0009	30	07	16	30	00452	21.7	+26.0	0000	064.3	000.0	0039	0038	+00.86	02	00	0889	08
28	0010	30	07	16	30	00456	21.7	+26.0	0000	064.3	000.0	0043	0043	+00.85	02	00	0889	08
28	0011	30	07	16	30	00458	21.7	+26.0	0000	064.3	000.0	0047	0048	+00.83	02	00	0890	08
28	0012	30	07	16	30	00467	21.7	+26.0	0000	064.4	000.0	0052	0052	+00.85	02	00	0889	08
28	0013	30	07	16	31	00476	21.7	+26.0	0000	064.4	000.0	0060	0057	+00.88	02	00	0890	08
28	0014	30	07	16	31	00481	21.7	+26.0	0000	064.4	000.0	0066	0062	+00.90	02	00	0889	08
29	0001	30	07	16	32	00467	21.8	+26.0	0000	064.9	000.0	0000	0000	+00.00	02	00	0889	08
29	0002	30	07	16	32	00511	21.9	+26.0	0000	065.2	000.0	0000	0004	+00.00	02	00	0890	08
29	0003	30	07	16	32	00549	21.9	+26.0	0000	065.3	000.0	0000	0009	+00.00	02	00	0889	08
29	0004	30	07	16	32	00588	21.9	+26.0	0000	065.3	000.0	0120	0014	+07.10	02	00	0889	08
30	0001	30	07	16	33	00435	21.7	+25.9	0000	064.9	000.0	0000	0000	+00.00	02	00	0889	08
30	0002	30	07	16	33	00446	21.7	+25.9	0000	064.9	000.0	0000	0004	+00.00	02	00	0889	08
30	0003	30	07	16	34	00457	21.7	+25.9	0000	064.9	000.0	0000	0009	+00.00	02	00	0889	08
30	0004	30	07	16	34	00469	21.7	+25.9	0000	064.9	000.0	0034	0014	+02.05	02	00	0889	08
30	0005	30	07	16	34	00477	21.7	+25.9	0000	064.9	000.0	0043	0019	+01.92	02	00	0889	08
30	0006	30	07	16	34	00486	21.7	+25.9	0000	064.9	000.0	0051	0024	+01.82	02	00	0889	08
30	0007	30	07	16	34	00492	21.8	+25.9	0000	064.9	000.0	0058	0028	+01.71	02	00	0889	08
30	0008	30	07	16	34	00502	21.8	+25.9	0000	065.0	000.0	0066	0033	+01.67	02	00	0889	08
30	0009	30	07	16	35	00507	21.7	+25.9	0000	065.0	000.0	0072	0038	+01.60	02	00	0890	08
30	0010	30	07	16	35	00519	21.7	+25.9	0000	064.9	000.0	0081	0043	+01.59	02	00	0890	08
30	0011	30	07	16	35	00525	21.6	+25.8	0000	065.0	000.0	0088	0048	+01.56	02	00	0889	08
30	0012	30	07	16	35	00533	21.8	+25.8	0000	065.0	000.0	0095	0052	+01.53	02	00	0889	08
30	0013	30	07	16	35	00540	21.8	+25.8	0000	065.0	000.0	0102	0057	+01.51	02	00	0889	08
31	0001	30	07	16	36	00440	21.9	+25.8	0000	065.8	000.0	0000	0000	+00.00	02	00	0890	08
31	0002	30	07	16	36	00443	21.9	+25.8	0000	065.8	000.0	0000	0004	+00.00	02	00	0889	08
31	0003	30	07	16	37	00452	21.9	+25.8	0000	065.8	000.0	0000	0009	+00.00	02	00	0889	08
31	0004	30	07	16	37	00454	22.0	+25.9	0000	065.8	000.0	0015	0014	+00.90	02	00	0889	08
31	0005	30	07	16	37	00458	21.9	+25.8	0000	065.8	000.0	0018	0019	+00.83	02	00	0889	08
31	0006	30	07	16	37	00464	21.9	+25.8	0000	065.8	000.0	0023	0024	+00.83	02	00	0890	08
31	0007	30	07	16	37	00470	22.0	+25.9	0000	065.8	000.0	0029	0028	+00.86	02	00	0889	08
31	0008	30	07	16	37	00472	21.9	+25.8	0000	065.8	000.0	0033	0033	+00.83	02	00	0889	08
31	0009	30	07	16	38	00478	21.9	+25.8	0000	065.8	000.0	0037	0038	+00.83	02	00	0889	08
31	0010	30	07	16	38	00481	22.0	+25.9	0000	065.8	000.0	0041	0043	+00.82	02	00	0889	08
31	0011	30	07	16	38	00489	22.0	+25.9	0000	065.8	000.0	0047	0048	+00.84	02	00	0889	08
31	0012	30	07	16	38	00490	21.9	+25.8	0000	065.8	000.0	0051	0052	+00.82	02	00	0889	08
31	0013	30	07	16	38	00497	22.0	+25.9	0000	065.8	000.0	0056	0057	+00.82	02	00	0889	08
31	0014	30	07	16	38	00499	22.0	+25.9	0000	065.8	000.0	0060	0062	+00.81	02	00	0889	08
32	0001	30	07	16	39	00457	22.0	+25.9	0000	065.9	000.0	0000	0000	+00.00	02	00	0889	08
32	0002	30	07	16	39	00467	22.0	+25.9	0000	065.9	000.0	0000	0004	+00.00	02	00	0889	08
32	0003	30	07	16	40	00479	22.0	+25.9	0000	065.9	000.0	0000	0009	+00.00	02	00	0890	08
32	0004	30	07	16	40	00490	22.0	+25.9	0000	065.9	000.0	0032	0014	+01.93	02	00	0889	08
32	0005	30	07	16	40	00502	22.0	+25.9	0000	065.9	000.0	0044	0019	+01.98	02	00	0889	08
32	0006	30	07	16	40	00511	22.0	+25.9	0000	065.9	000.0	0055	0024	+01.94	02	00	0889	08
32	0007	30	07	16	40	00517	22.2	+25.9	0000	065.9	000.0	0062	0028	+01.83	02	00	0890	08
32	0008	30	07	16	40	00528	22.2	+25.9	0000	066.0	000.0	0071	0033	+01.80	02	00	0889	08
32	0009	30	07	16	40	00536	22.0	+25.9	0000	066.0	000.0	0079	0038	+01.74	02	00	0889	08
32	0010	30	07	16	41	00543	22.0	+25.9	0000	066.0	000.0	0086	0043	+01.69	02	00	0889	08
32	0011	30	07	16	41	00554	22.0	+25.9	0000	066.0	000.0	0095	0048	+01.68	02	00	0889	08
32	0012	30	07	16	41	00563	22.0	+25.9	0000	066.0	000.0	0104	0052	+01.67	02	00	0889	08
33	0006	30	07	16	44	00495	21.9	+26.1	0000	064.9	000.0	0000	0000	+00.00	02	00	0889	08
33	0007	30	07	16	45	00528	21.9	+26.1	0000	064.9	000.0	0000	0004	+00.00	02	00	0889	08
33	0008	30	07	16	45	00550	22.0	+26.1	0000	064.9	000.0	0000	0009	+00.00	02	00	0889	08
33	0009	30	07	16	45	00563	22.2	+26.1	0000	065.0	000.0	0067	0014	+04.01	02	00	0889	08
33	0010	30	07	16	45	00575	22.2	+26.1	0000	065.1	000.0	0078	0019	+03.45	02	00	0889	08
33	0011	30	07	16	45	00586	22.2	+26.1	0000	065.2	000.0	0086	0024	+03.07	02	00	0889	08
33	0012	30	07	16	45	00591	22.0	+26.1	0000	065.1	000.0	0091	0028	+02.70	02	00	0889	08
33	0013	30	07	16	45	00597	22.0	+26.1	0000	065.1	000.0	0095	0033	+02.41	02	00	0889	08
33	0014	30	07	16	46	00599	22.0	+26.1	0000	065.1	000.0	0096	0038	+02.14	02	00	0889	08
33	0015	30	07	16	46	00602	22.0	+26.1	0000	065.1	000.0	0097	0043	+01.91	02	00	0889	08
33	0016	30	07	16	46	00604	22.0	+26.1	0000	065.1	000.0	0097	0048	+01.72	02	00	0889	08
33	0017	30	07	16	46	00607	22.0	+26.2	0000	065.1	000.0	0097	0052	+01.56	02	00	0889	08
33	0018	30	07	16	46	00610	21.8	+26.1	0000	065.0	000.0	0097	0057	+01.43	02	00	0889	08
33	0019	30	07	16	46	00611	21.8	+26.1	0000	065.0	000.0	0096	0062	+01.31	02	00	0889	08
34	0001	30	07	16	47	00525	21.9	+26.2	0000	064.5	000.0	0000	0000	+00.00	02	00	0889	08
34	0002	30	07	16	48	00538	21.9	+26.2	0000	064.4	000.0	0000	0004	+00.00	02	00	0889	08
34	0003	30	07	16	48	00550	21.9	+26.2	0000	064.4	000.0	0000	0009	+00.00	02	00	0889	08
34	0004	30	07	16	48	00563	21.8	+26.2	0000	064.3	000.0	0037	0014	+02.20	02	00	0889	08
34	0005	30	07	16	48	00577	21.8	+26.2	0000	064.2	000.0	0051	0019	+02.25	02	00	0889	08
34	0006	30	07	16	48	00584	21.8	+26.2	0000	064.2	000.0	0059	0024	+02.11	02	00	0889	08
34	0007	30	07	16	48	00591	21.8	+26.2	0000	064.2	000.0	0067	0028	+01.98	02	00	0889	08
34	0008	30	07	16	49	00601	21.8	+26.2	0000	064.1	000.0	0075	0033	+01.91	02	00	0889	08
34	0009	30	07	16	49	00607	21.8	+26.2	0000	064.1	000.0	0082	0038	+01.81	02	00	0890	08
34	0010	30	07	16	49	00616	21.8	+26.2	0000	064.1	000.0	0089	0043	+01.75	02	00	0889	08
34	0011	30	07	16	49	00622	21.9	+26.2	0000	064.1	000.0	0095	0048	+01.69	02	00	0889	08
34	0012	30	07	16	49	00627	21.9	+26.2	0000	064.2	000.0	0101	0052	+01.62	02	00	0889	08
34	0013	30	07	16	51	00466	21.9	+26.2	0000	064.5	000.0	0000	0000	+00.00	02	00	0889	08
34	0014	30	07	16	51	00473	21.9	+26.2	0000	064.4	000.0	0000	0004	+00.00	02	00	0889	08
34	0015	30	07	16	51	00480	21.8	+26.2	0000	064.2	000.0	0000	0009	+00.00	02	00	0890	08
34	0016	30	07	16	51	00491	21.8	+26.2	0000	064.2	000.0	0024	0014	+01.46	02	00	0889	08
34	0017	30	07	16	51	00494	21.8	+26.2	0000	064.1	000.0	0029	0019	+01.31	02	00	0889	08
34	0018	30	07	16	51	00496	21.8	+26.2	0000	064.1	000.0	0032	0024	+01.13	02	00	0890	08
34	0019	30	07	16	52	00510	21.8	+26.2	0000	064.1	000.0	0041	0028	+01.21	02	00	0889	08
34	0020	30	07	16	52	00512	21.8	+26.2	0000	064.1	000.0	0046	0033	+01.17	02	00	0889	08
34	0021	30	07	16	52	00519	21.9	+26.2	0000	064.1	000.0	0052	0038	+01.16	02	00	0889	08
34	0022	30	07	16	52	00524	21.9	+26.2	0000	064.1	000.0	0057	0043	+01.13	02	00	0890	08
34	0023	30	07	16	52	00532	21.9	+26.2	0000	064.1	000.0	0064	0048	+01.14	02	00	0890	08
34	0024	30	07	16	52	00541	21.9	+26.2	0000	064.2	000.0	0072	0052	+01.15	02	00	0890	08
34	0025	30	07	16	52	00545	21.9	+26.2	0000	064.2	000.0	0078	0057	+01.15	02	00	0890	08
34	0026	30	07	16	53	00549	21.9	+26.2	0000	064.2	000.0	0083	0062	+01.13	02	00	0890	08
35	0001	30	07	16	54	00455	21.6	+26.2	0000	063.5	000.0	0000	0000	+00.00	02	00	0890	08
35	0002	30	07	16	54	00459	21.6	+26.2	0000	063.5	000.0	0000	0004	+00.00	02	00	0889	08
35	0003	30	07	16	54	00465	21.6	+26.2	0000	063.5	000.0	0000	0009	+00.00	02	00	0890	08
35	0004	30	07	16	55	00472	21.5	+26.1	0000	063.6	000.0	0017	0014	+01.02	02	00	0889	08
35	0005	30	07	16	55	00479	21.7	+26.2	0000	063.6	000.0	0024	0019	+01.09	02	00	0889	08
35	0006	30	07	16	55	00489	21.7	+26.1	0000	063.7	000.0	0034	0024	+01.20	02	00	0890	08
35	0007	30	07	16	55	00491	21.7	+26.2	0000	063.7	000.0	0039	0028	+01.15	02	00	0890	08
35	0008	30	07	16	55	00503	21.7	+26.2	0000	063.8	000.0	0048	0033	+01.22	02	00	0889	08
35	0009	30	07	16	55	00505	21.7	+26.1	0000	063.8	000.0	0054	0038	+01.19	02	00	0890	08
35	0010	30	07	16	55	00513	21.9	+26.2	0000	063.8	000.0	0060	0043	+01.18	02	00	0890	08
35	0011	30	07	16	56	00519	21.8	+26.1	0000	063.9	000.0	0066	0048	+01.17	02	00	0889	08
35	0012	30	07	16	56	00526	21.9	+26.2	0000	064.0	000.0	0072	0052	+01.17	02	00	0890	08
35	0013	30	07	16	56	00530	21.8	+26.1	0000	064.0	000.0	0078	0057	+01.15	02	00	0890	08
35	0014	30	07	16	56	00538	21.8	+26.1	0000	064.0	000.0	0084	0062	+01.15	02	00	0889	08
36	0001	30	07	16	58	00435	21.6	+26.2	0000	063.5	000.0	0000	0000	+00.00	02	00	0890	08
36	0002	30	07	16	58	00435	21.5	+26.1	0000	063.7	000.0	0000	0004	+00.00	02	00	0890	08
36	0003	30	07	16	58	00439	21.5	+26.1	0000	063.7	000.0	0000	0009	+00.00	02	00	0890	08
36	0004	30	07	16	58	00443	21.7	+26.1	0000	063.7	000.0	0008	0014	+00.47	02	00	0889	08
36	0005	30	07	16	58	00448	21.7	+26.1	0000	063.8	000.0	0012	0019	+00.57	02	00	0890	08
36	0006	30	07	16	59	00451	21.7	+26.1	0000	063.8	000.0	0017	0024	+00.60	02	00	0889	08
36	0007	30	07	16	59	00452	21.7	+26.2	0000	063.8	000.0	0019	0028	+00.56	02	00	0890	08
36	0008	30	07	16	59	00458	21.7	+26.2	0000	063.9	000.0	0023	0033	+00.59	02	00	0890	08
36	0009	30	07	16	59	00461	21.7	+26.2	0000	063.9	000.0	0027	0038	+00.61	02	00	0889	08
36	0010	30	07	16	59	00464	21.7	+26.1	0000	063.9	000.0	0031	0043	+00.61	02	00	0889	08
36	0011	30	07	16	59	00470	21.7	+26.2	0000	063.9	000.0	0035	0048	+00.63	02	00	0889	08
36	0012	30	07	17	00	00470	21.7	+26.1	0000	063.9	000.0	0038	0052	+00.61	02	00	0890	08
36	0013	30	07	17	00	00476	21.9	+26.2	0000	064.0	000.0	0042	0057	+00.62	02	00	0889	08
36	0014	30	07	17	00	00477	21.9	+26.2	0000	064.0	000.0	0045	0062	+00.61	02	00	0889	08
37	0001	30	07	17	01	00425	21.7	+26.2	0000	064.0	000.0	0000	0000	+00.00	02	00	0889	08
37	0002	30	07	17	01	00426	21.6	+26.2	0000	063.7	000.0	0000	0004	+00.00	02	00	0889	08
37	0003	30	07	17	01	00435	21.6	+26.2	0000	063.6	000.0	0000	0009	+00.00	02	00	0890	08
37	0004	30	07	17	01	00440	21.6	+26.2	0000	063.6	000.0	0016	0014	+00.95	02	00	0889	08
37	0005	30	07	17	01	00445	21.4	+26.2	0000	063.5	000.0	0021	0019	+00.94	02	00	0889	08
37	0006	30	07	17	02	00450	21.4	+26.2	0000	063.4	000.0	0026	0024	+00.93	02	00	0889	08
37	0007	30	07	17	02	00455	21.4	+26.2	0000	063.4	000.0	0031	0028	+00.92	02	00	0890	08
37	0008	30	07	17	02	00463	21.4	+26.2	0000	063.3	000.0	0038	0033	+00.96	02	00	0889	08
37	0009	30	07	17	02	00471	21.5	+26.2	0000	063.3	000.0	0045	0038	+01.01	02	00	0889	08
37	0010	30	07	17	02	00479	21.3	+26.2	0000	063.2	000.0	0054	0043	+01.06	02	00	0889	08
37	0011	30	07	17	02	00481	21.2	+26.2	0000	063.2	000.0	0059	0048	+01.05	02	00	0889	08
37	0012	30	07	17	03	00490	21.2	+26.2	0000	063.1	000.0	0066	0052	+01.06	02	00	0890	08
37	0013	30	07	17	03	00497	21.5	+26.2	0000	063.1	000.0	0073	0057	+01.08	02	00	0890	08
37	0014	30	07	17	03	00506	21.5	+26.2	0000	063.1	000.0	0081	0062	+01.10	02	00	0889	08
38	0001	30	07	17	04	00427	21.4	+26.2	0000	063.1	000.0	0000	0000	+00.00	02	00	0889	08
38	0002	30	07	17	04	00434	21.5	+26.2	0000	063.1	000.0	0000	0004	+00.00	02	00	0890	08
38	0003	30	07	17	04	00440	21.5	+26.2	0000	063.1	000.0	0000	0009	+00.00	02	00	0889	08
38	0004	30	07	17	04	00448	21.5	+26.2	0000	063.1	000.0	0020	0014	+01.22	02	00	0889	08
38	0005	30	07	17	04	00453	21.2	+26.2	0000	063.0	000.0	0026	0019	+01.17	02	00	0889	08
38	0006	30	07	17	05	00466	21.4	+26.2	0000	063.0	000.0	0036	0024	+01.30	02	00	0889	08
38	0007	30	07	17	05	00469	21.2	+26.2	0000	062.9	000.0	0043	0028	+01.26	02	00	0889	08
38	0008	30	07	17	05	00484	21.3	+26.2	0000	062.9	000.0	0054	0033	+01.37	02	00	0889	08
38	0009	30	07	17	05	00488	21.4	+26.2	0000	062.9	000.0	0062	0038	+01.38	02	00	0889	08
38	0010	30	07	17	05	00494	21.3	+26.2	0000	062.9	000.0	0069	0043	+01.36	02	00	0890	08
38	0011	30	07	17	05	00503	21.2	+26.2	0000	062.8	000.0	0077	0048	+01.37	02	00	0889	08
38	0012	30	07	17	05	00514	21.2	+26.2	0000	062.8	000.0	0086	0052	+01.39	02	00	0890	08
38	0013	30	07	17	06	00522	21.2	+26.2	0000	062.8	000.0	0095	0057	+01.40	02	00	0889	08
38	0014	30	07	17	06	00533	21.2	+26.2	0000	062.8	000.0	0105	0062	+01.43	02	00	0889	08
39	0007	30	07	17	08	00525	21.5	+26.1	0000	063.5	000.0	0000	0000	+00.00	02	00	0889	08
39	0008	30	07	17	08	00524	21.5	+26.1	0000	063.5	000.0	0000	0004	+00.00	02	00	0890	08
39	0009	30	07	17	08	00527	21.6	+26.2	0000	063.6	000.0	0000	0009	+00.00	02	00	0889	08
39	0010	30	07	17	09	00528	21.7	+26.1	0000	063.7	000.0	0004	0014	+00.25	02	00	0890	08
39	0011	30	07	17	09	00529	21.7	+26.1	0000	063.8	000.0	0005	0019	+00.25	02	00	0889	08
39	0012	30	07	17	09	00534	21.7	+26.1	0000	063.8	000.0	0009	0024	+00.33	02	00	0890	08
39	0013	30	07	17	09	00534	21.7	+26.1	0000	063.8	000.0	0010	0028	+00.32	02	00	0889	08
39	0014	30	07	17	09	00538	21.7	+26.1	0000	063.8	000.0	0013	0033	+00.34	02	00	0889	08
39	0015	30	07	17	09	00535	21.5	+26.1	0000	063.8	000.0	0013	0038	+00.29	02	00	0890	08
39	0016	30	07	17	10	00534	21.5	+26.1	0000	063.7	000.0	0012	0043	+00.25	02	00	0890	08
39	0017	30	07	17	10	00534	21.5	+26.1	0000	063.7	000.0	0012	0048	+00.21	02	00	0889	08
39	0018	30	07	17	10	00535	21.4	+26.1	0000	063.7	000.0	0012	0052	+00.19	02	00	0890	08
39	0019	30	07	17	10	00541	21.5	+26.1	0000	063.7	000.0	0014	0057	+00.20	02	00	0890	08
39	0020	30	07	17	10	00539	21.5	+26.1	0000	063.6	000.0	0014	0062	+00.20	02	00	0890	08
;Received 911 record(s)
